5.80646e-07 -4.46074e-07
8.36936e-07 6.24158e-08
2.02566e-07 1.79718e-08
-1.94419e-07 4.98819e-07
2.73717e-07 6.26292e-07
-4.00711e-07 -3.0642e-07
-2.84283e-07 -2.6588e-07
1.27624e-06 6.51192e-07
-1.74517e-06 -7.64967e-08
-9.76197e-07 1.70435e-07
-4.81217e-07 -4.15416e-07
1.29073e-06 2.9979e-07
-4.93149e-07 5.35083e-07
-6.30311e-07 -4.70813e-07
1.09724e-06 1.5249e-07
-1.66747e-06 -4.56486e-07
1.86146e-06 -3.44134e-07
5.95397e-07 6.01119e-08
-1.81165e-06 8.61609e-08
8.06235e-07 -4.61732e-07
-1.92089e-06 -4.70152e-07
9.8912e-07 -4.08949e-07
1.40187e-06 4.58884e-09
1.22379e-07 -1.39087e-07
2.04364e-06 1.66602e-07
-6.69356e-07 2.50195e-07
-1.24613e-06 9.49787e-08
9.94292e-07 2.33252e-08
2.16717e-06 5.86469e-07
1.06509e-06 2.21681e-07
1.81174e-06 1.96925e-07
6.12025e-07 -2.24145e-07
1.80585e-06 -3.19076e-07
1.68547e-06 5.57609e-07
1.95738e-06 4.56829e-07
-1.29122e-06 -9.16036e-08
-2.11849e-06 1.64267e-07
1.31032e-06 -6.92578e-07
1.14231e-07 -2.09182e-07
-1.36256e-06 1.74393e-08
1.50275e-06 -4.99659e-07
-6.78291e-07 1.50672e-07
1.72817e-06 1.41339e-07
5.76628e-07 3.02362e-07
2.00394e-06 -6.37012e-07
1.70712e-06 5.78497e-07
-1.62491e-06 -6.38065e-07
-4.63096e-07 -3.23734e-07
1.96304e-06 -5.01779e-07
-1.32157e-06 -3.30396e-07
7.81481e-07 2.33704e-08
1.33535e-06 2.57689e-07
-7.40475e-07 -5.65633e-07
-1.59719e-06 5.25997e-07
3.38279e-07 -5.03857e-07
1.43562e-06 -4.76305e-07
-6.76977e-07 2.7834e-07
5.22497e-07 -3.68598e-07
6.20421e-07 3.98018e-07
6.07512e-07 -6.30392e-07
-4.45348e-07 6.11252e-08
1.03271e-07 5.43243e-07
2.1438e-07 5.89012e-07
-4.39138e-08 -1.63366e-07
1.31569e-06 5.21737e-07
-5.2162e-07 -4.52641e-08
1.22991e-06 -5.7827e-07
4.41507e-07 2.83404e-07
1.48916e-06 -3.51965e-07
1.52298e-06 1.7277e-07
-1.25652e-06 -2.89333e-07
1.17486e-06 -2.86758e-07
4.88515e-07 -1.99507e-08
-2.35699e-07 -1.54296e-08
-1.64155e-06 -5.65171e-07
-1.49026e-06 8.31035e-08
6.03023e-08 -5.20541e-07
1.62442e-06 -4.58601e-07
-3.56435e-07 -6.82956e-07
6.48002e-07 6.21781e-07
-1.32627e-07 -6.57804e-08
1.78395e-06 -6.44673e-07
6.53591e-07 -7.00015e-08
2.90339e-07 6.22807e-07
-1.64157e-06 6.05314e-08
7.73831e-07 6.00864e-07
1.97661e-06 3.33371e-07
-1.22414e-06 6.18606e-07
-1.7672e-06 4.01064e-07
1.26857e-06 -2.33271e-07
-6.35272e-07 1.25984e-07
-9.63891e-07 4.52885e-08
-4.75489e-08 -1.60423e-08
3.40271e-07 -2.86799e-07
1.19436e-06 9.30281e-08
-1.48055e-06 -5.17299e-07
-1.86435e-06 6.92727e-07
-1.86735e-06 -1.31747e-07
-2.04831e-06 1.10229e-07
-7.25544e-07 -2.03797e-07
6.81827e-07 -1.23856e-07
-4.54268e-07 -1.21973e-07
1.83106e-06 7.38897e-08
-1.72226e-06 3.24913e-08
1.52043e-06 1.7478e-07
-1.37171e-06 -4.21955e-07
7.10046e-07 -1.74448e-07
-5.58256e-07 -5.56343e-07
2.15133e-06 -1.06607e-07
-2.98891e-07 5.67288e-07
8.30255e-07 -9.20799e-08
-4.50994e-07 -3.62978e-07
6.78487e-07 -5.20301e-07
-1.98385e-06 -4.69286e-07
1.1427e-06 1.2662e-08
2.19415e-06 -3.65729e-07
-1.96161e-06 -2.81434e-10
6.27575e-07 -6.94041e-07
-1.18986e-06 -3.93751e-07
-7.18943e-08 -1.68587e-07
-2.05081e-06 -3.85219e-07
2.15967e-06 6.24222e-07
9.94746e-07 6.34331e-07
4.86811e-07 2.48114e-07
-9.207e-07 1.53588e-07
-1.01064e-06 8.40725e-08
8.73916e-07 7.04824e-08
3.63084e-07 -4.90456e-07
-5.35972e-08 4.64121e-07
-9.24078e-07 4.54529e-07
-1.23186e-06 3.7747e-07
1.79961e-06 6.94363e-07
8.1923e-07 2.90864e-07
-1.89459e-06 3.17653e-09
1.09424e-06 3.69026e-07
-1.63081e-06 2.66449e-07
-1.20418e-06 6.25213e-07
1.27358e-07 3.58009e-07
4.29298e-07 -2.43686e-07
-1.36435e-06 -2.06021e-07
1.17965e-06 -9.03951e-08
-7.5929e-07 -1.53901e-07
1.66904e-06 -3.06785e-07
-1.58864e-06 -6.48524e-07
-6.76407e-07 -4.22857e-07
-1.51224e-06 3.89036e-07
-3.37768e-07 -5.59458e-07
-1.04401e-06 -4.58328e-07
1.76667e-06 -4.28663e-07
-2.05665e-06 -2.20296e-07
1.43634e-06 5.98491e-07
-8.57606e-07 -3.76478e-07
1.16639e-06 5.20531e-08
4.68999e-07 -6.58987e-08
-2.82311e-07 4.17665e-07
-1.69518e-09 -4.54061e-07
-4.07502e-07 -3.33467e-07
-1.29727e-06 -1.83575e-07
9.87604e-07 -5.41361e-07
2.18449e-06 5.88661e-07
1.24887e-06 3.00937e-07
5.30892e-07 -1.48671e-07
-1.64457e-06 6.8759e-07
1.37626e-07 -2.36405e-07
-3.12251e-07 -2.84484e-07
1.31164e-06 6.3195e-07
-7.54521e-07 -5.97317e-08
1.0575e-06 -5.95182e-07
2.16471e-06 -2.93769e-07
-1.01734e-06 1.90142e-07
1.6504e-06 -4.07857e-08
2.13148e-06 -4.81727e-07
9.4727e-07 6.75776e-07
1.2047e-08 7.71785e-08
8.02153e-07 -1.32416e-07
-6.56732e-08 -1.55838e-07
1.1168e-07 4.22913e-07
-2.00398e-06 -4.6093e-07
1.57708e-06 5.0367e-07
2.14841e-06 6.51353e-07
-1.06413e-06 -9.37162e-08
-1.87677e-06 4.23517e-07
-1.03203e-06 -6.14017e-08
1.87586e-06 4.28616e-07
-1.26715e-07 -3.77374e-07
1.4789e-06 -3.77426e-07
-1.30871e-06 -6.71575e-08
2.09119e-06 1.86757e-07
-1.24915e-06 -4.46059e-07
1.04822e-06 5.17569e-07
-2.14216e-06 6.99395e-07
-1.61155e-06 -6.41726e-07
1.13252e-06 3.23074e-08
-1.2546e-06 -3.59831e-07
6.46623e-07 -6.16603e-07
9.26464e-08 2.31166e-08
2.41752e-07 2.00652e-07
-8.70578e-07 -2.43141e-07
-1.8564e-06 -1.808e-07
1.35396e-06 4.11322e-07
-1.50317e-06 -6.65875e-07
1.76703e-06 -2.77585e-07
-1.57334e-06 5.12856e-07
1.05347e-06 1.04423e-07
-2.4195e-07 2.30745e-07
-1.59802e-06 -1.98881e-07
8.94104e-07 3.96268e-07
-2.19869e-06 -1.00915e-07
6.71045e-07 -1.64769e-07
2.04763e-06 -5.16404e-07
-1.34456e-06 3.38962e-07
-1.71095e-06 -4.83076e-07
-1.09373e-06 -6.92574e-07
2.06817e-06 2.66572e-07
-6.00451e-07 3.70577e-07
-1.60194e-06 1.27516e-07
4.75426e-07 5.48818e-07
8.6414e-07 -4.80316e-07
6.6688e-07 6.61923e-07
1.86089e-06 -5.92116e-07
1.28355e-06 6.14505e-07
-1.88773e-06 -4.8002e-07
-1.54258e-06 -1.36483e-07
-1.72217e-06 -3.38336e-07
7.42629e-07 3.36385e-07
-2.16603e-06 -1.82443e-07
5.19748e-07 -9.11023e-08
-9.69793e-07 2.19549e-07
1.56905e-06 -6.08647e-07
-8.13687e-07 9.8228e-08
4.92309e-07 6.04598e-07
-1.26385e-06 2.00703e-07
6.53497e-07 1.77825e-07
-1.48882e-06 2.39362e-07
9.20153e-08 -1.09117e-07
2.97294e-07 2.94612e-07
-1.70565e-06 5.77929e-07
1.55823e-06 -4.82886e-07
5.82187e-07 -3.44033e-07
-2.05438e-06 2.45172e-07
-1.17844e-06 2.69182e-07
-1.25313e-06 5.17421e-07
-1.55589e-07 -2.96555e-08
1.28622e-06 5.32408e-07
2.33725e-07 -5.57723e-07
-7.62579e-07 4.73331e-07
1.44094e-06 3.05935e-07
1.65959e-06 -5.14824e-07
1.28609e-06 -1.25501e-07
-1.24795e-06 2.4102e-07
1.4576e-07 -6.14004e-07
-1.71271e-06 -1.68896e-07
-1.09243e-06 -5.08958e-07
-1.21551e-06 -6.81105e-08
-1.6189e-06 -2.90047e-07
-1.68816e-07 -3.80491e-07
4.44202e-07 -2.1323e-07
1.67613e-06 4.42372e-07
-1.74104e-06 9.70573e-08
-1.61956e-06 5.77303e-08
4.89662e-07 2.60332e-07
1.53851e-06 5.59139e-07
-1.74774e-06 -5.77668e-07
-1.02618e-06 3.73009e-07
-3.06357e-07 1.05694e-08
-7.55113e-07 6.2476e-07
1.44219e-06 -5.28645e-08
7.02409e-07 3.15929e-07
9.27631e-07 3.04096e-07
-1.21513e-06 -4.70947e-07
1.84131e-06 -3.70898e-08
2.47413e-07 -1.56452e-07
-1.59127e-06 -5.80782e-07
1.82518e-06 2.10328e-07
1.20846e-06 -1.59902e-07
-1.11715e-06 -4.50965e-07
-1.95257e-07 -6.62195e-07
7.46257e-07 3.60104e-07
-2.065e-06 -2.11897e-07
2.02412e-06 -6.59358e-08
1.37966e-06 -2.37895e-07
-2.02207e-06 -3.6981e-08
-6.84587e-07 3.13773e-07
7.44264e-07 -6.59862e-07
3.79122e-07 3.53903e-08
1.29912e-07 -5.75942e-09
-9.82079e-07 1.95296e-07
1.38871e-06 -4.31526e-07
-1.9245e-06 2.91681e-07
-4.17452e-07 -4.6433e-07
1.66848e-06 3.03576e-07
6.10324e-07 -5.42893e-07
2.01451e-06 -1.56433e-08
4.21468e-07 -2.79476e-07
-1.96595e-06 -1.8916e-07
7.5938e-07 -2.42539e-07
-3.36435e-07 4.11172e-08
-1.68379e-07 5.81014e-07
-1.1574e-07 -5.55939e-07
-4.8466e-08 -2.55668e-07
-6.00052e-07 -1.65931e-07
-5.43525e-07 -5.6825e-07
1.50494e-06 -2.07761e-08
-4.27662e-07 -2.66839e-07
-3.68948e-07 6.11697e-07
-5.85953e-07 3.63482e-07
-2.03801e-06 -4.58028e-08
1.96031e-06 6.46859e-07
3.40981e-07 -6.51842e-08
6.80888e-07 4.06214e-07
-6.74624e-07 4.01852e-07
-1.67857e-06 6.54857e-07
-4.1875e-07 1.04233e-07
1.13295e-06 -3.31731e-07
-4.86038e-07 8.06022e-08
-1.0293e-06 6.23739e-07
1.02759e-06 5.92453e-09
1.64925e-06 -1.46734e-07
-6.38975e-07 1.30532e-07
1.70254e-06 1.30224e-07
1.49188e-06 -4.05425e-07
-6.12695e-07 -5.80435e-07
1.95576e-08 -6.24001e-07
-2.09879e-06 1.39978e-07
-1.70852e-06 -6.83438e-07
1.12443e-06 -9.36236e-08
-4.61654e-07 -2.76918e-07
-1.47705e-06 -3.53539e-07
-8.16014e-07 8.93731e-08
6.10239e-08 -1.76894e-07
2.06826e-06 -2.36146e-07
7.97156e-07 -3.9688e-08
3.01603e-07 -3.18815e-07
1.09812e-07 3.72085e-07
-1.24295e-06 -3.1569e-07
-1.42436e-06 4.86659e-07
-1.2183e-06 3.61399e-07
1.62861e-06 3.28878e-07
9.79536e-07 -5.13441e-07
1.58335e-06 -5.42298e-07
-1.38586e-06 -3.59041e-07
-5.70747e-07 2.03358e-07
9.791e-08 9.98843e-08
2.2239e-07 -4.6136e-07
2.06968e-06 2.97172e-07
-2.07173e-06 -6.40339e-07
-1.71134e-06 -5.33125e-08
-1.55676e-06 -5.69829e-07
-1.23637e-06 6.65186e-08
9.37034e-07 1.38725e-08
7.32939e-08 2.76161e-07
-2.17083e-06 3.35071e-07
-2.61722e-07 1.68107e-07
1.79054e-06 -1.32828e-07
-8.42516e-07 1.59193e-07
1.82546e-06 -4.20572e-07
1.27908e-06 3.13604e-07
1.71698e-07 1.28361e-07
-8.82221e-07 -1.02483e-07
-1.91131e-06 2.88143e-07
-2.13299e-07 -9.37115e-08
-5.33641e-07 1.25727e-07
4.32132e-07 -3.777e-07
1.37717e-06 1.5059e-08
1.3126e-06 -6.81258e-07
1.88241e-06 6.86088e-07
2.19136e-06 -6.62029e-07
4.96569e-07 -3.54108e-07
-1.42017e-06 1.06139e-07
4.78635e-07 -4.95771e-07
1.57678e-07 2.80363e-08
-1.74755e-06 -1.40421e-07
3.27358e-07 3.75235e-07
-1.88932e-06 -6.79171e-07
-1.33261e-06 5.97491e-07
-1.28522e-06 3.48093e-07
-1.45138e-06 6.76939e-07
2.3555e-07 1.77275e-07
-5.64569e-07 3.68953e-07
1.57796e-07 3.53527e-08
-3.47927e-07 -4.88231e-07
5.89095e-08 -5.97928e-07
-9.58339e-07 5.07293e-07
2.19082e-06 6.33547e-07
9.71137e-07 1.73527e-07
-2.05141e-06 -6.63587e-07
1.42319e-06 -1.31619e-07
4.17222e-07 -2.4839e-07
-2.09796e-06 2.4228e-07
8.77834e-08 -1.11383e-07
4.3709e-07 -5.69721e-07
-1.73065e-06 -5.10141e-07
6.55718e-07 -3.81623e-07
3.86296e-07 5.55893e-07
-1.76302e-06 5.0742e-09
4.41446e-08 -5.96504e-07
-1.181e-06 -1.32342e-07
1.49568e-06 -3.62184e-07
-1.79272e-06 5.2212e-07
-2.00746e-06 4.99376e-07
-5.74731e-07 6.63985e-07
1.25196e-06 -4.48577e-07
-6.55047e-07 3.50768e-07
-1.21691e-06 -6.65385e-07
5.53767e-07 -1.14422e-09
-2.36302e-07 -5.79635e-07
-7.31278e-07 -5.81162e-09
-1.31807e-06 -3.58295e-07
-2.52533e-07 3.21746e-07
-1.80476e-06 4.9119e-08
-1.5866e-06 -6.64995e-07
-1.89467e-07 -4.93193e-08
1.21632e-06 6.33202e-07
-8.70216e-07 3.96751e-07
1.04873e-06 -8.75868e-08
5.81089e-07 -3.21579e-07
-1.24278e-06 3.83408e-07
-2.05336e-06 3.78663e-07
1.48187e-06 -3.86804e-07
-1.32614e-06 -6.98907e-07
2.14709e-06 2.41913e-08
-2.18838e-06 3.48018e-07
8.10253e-08 -2.76323e-07
1.74364e-06 -4.20105e-07
5.95073e-07 -2.47287e-08
-1.04261e-06 4.51622e-07
-1.89135e-06 -1.07488e-07
-1.28451e-07 -6.92017e-07
-1.87669e-06 4.09585e-07
1.81553e-06 -4.03476e-07
1.36142e-06 2.21668e-07
-2.01221e-06 -5.78311e-07
1.54376e-06 6.00845e-07
-1.44975e-06 1.65793e-07
-1.42679e-06 -3.23767e-07
-1.45356e-06 -4.10099e-07
-4.69968e-07 2.07614e-07
6.30879e-07 1.70732e-07
-2.03572e-06 -6.48492e-07
-4.24657e-07 6.30184e-07
9.09348e-07 -1.70759e-07
-1.21175e-06 4.75023e-07
6.88334e-09 2.57352e-07
-1.99395e-06 8.76905e-08
-1.2549e-06 5.49106e-09
-2.14732e-06 5.46943e-07
-1.08134e-06 1.30786e-07
-1.67915e-07 -4.89348e-07
-1.66959e-06 2.92503e-07
2.23415e-07 3.74241e-07
-1.78246e-06 -3.42251e-07
-4.41626e-07 -6.37373e-07
5.17035e-07 -2.28453e-07
1.41117e-07 5.37637e-07
-5.66022e-08 1.14814e-07
-2.06875e-06 -5.61545e-07
1.93244e-06 3.21253e-07
1.27854e-06 -4.85738e-07
5.49753e-07 4.41548e-07
4.51882e-07 1.21857e-08
9.31449e-07 4.34744e-07
-1.67184e-07 -1.36188e-07
2.18857e-06 -1.52607e-07
-6.98957e-07 -3.27628e-07
-1.92237e-06 -6.2826e-07
-1.05971e-07 -5.6585e-07
-1.3517e-06 -6.79993e-07
-1.64111e-06 3.06e-08
3.64986e-07 1.21695e-08
-1.00068e-07 9.44657e-08
-1.16784e-06 4.33198e-07
1.24259e-06 -4.60771e-07
7.38366e-08 -3.51371e-07
1.33124e-06 -4.12159e-08
-1.62295e-06 -3.90113e-07
1.24055e-06 6.23309e-07
-1.43886e-06 -7.64672e-08
-1.40596e-06 4.64645e-07
1.39716e-06 -4.08026e-07
-1.07548e-06 1.46797e-07
-1.85451e-06 7.76649e-08
2.0895e-06 -3.17593e-07
-6.57735e-07 1.73992e-07
-1.79509e-06 2.66212e-07
1.1539e-06 5.58528e-07
-1.21305e-06 3.14453e-07
-2.00447e-06 -1.24012e-07
1.66103e-06 4.23914e-08
1.38069e-06 4.12121e-07
1.25821e-07 2.26292e-07
9.76265e-07 -4.99387e-07
1.25549e-07 -6.82825e-07
9.3055e-07 1.35582e-07
1.12867e-06 -4.51472e-07
-1.11979e-06 6.38674e-07
-9.36501e-07 3.00405e-07
-1.79801e-06 -5.74953e-07
1.10119e-06 3.63516e-07
2.41501e-08 3.61923e-07
1.97367e-06 -6.53517e-07
-7.00301e-07 -5.01818e-07
1.49926e-06 6.09767e-07
1.47468e-06 -4.54208e-07
-1.82587e-07 -5.2578e-07
2.7549e-07 4.02646e-07
9.25894e-07 -1.50767e-08
3.87291e-07 -4.76836e-07
1.56081e-06 1.89907e-07
-1.86533e-06 -3.97113e-07
-1.24724e-06 -2.16489e-07
1.48252e-06 3.7158e-07
-2.1038e-06 -6.25191e-07
-9.20345e-07 2.4085e-07
-1.15673e-06 -4.08811e-07
1.14497e-06 5.33474e-08
2.14617e-06 3.95942e-07
1.84774e-07 3.4891e-07
-1.45732e-06 4.23023e-07
-4.22473e-07 6.69871e-07
1.68733e-06 3.52523e-07
1.79892e-08 4.07831e-07
1.82117e-06 2.49179e-07
-1.54912e-06 6.96224e-07
-1.78592e-06 -5.81381e-07
-6.7074e-07 1.73016e-07
4.5945e-07 3.76765e-07
4.79045e-07 -5.1591e-07
1.64095e-06 2.39334e-08
-3.58513e-07 -4.16607e-07
5.71935e-07 5.12684e-07
1.25033e-07 5.46423e-07
1.97998e-06 1.47672e-07
4.25707e-07 4.73854e-07
-3.1417e-07 -1.32629e-07
-5.18867e-07 2.31726e-08
-2.75584e-07 -2.35794e-08
-2.03644e-06 -5.10081e-07
1.75924e-06 4.84316e-07
1.10811e-06 -1.76218e-07
-1.02805e-06 -4.46707e-07
1.84604e-06 -5.51316e-08
-1.55439e-06 -5.87e-07
8.44386e-07 -1.06764e-07
-2.19431e-06 -5.60239e-07
-3.53031e-07 -1.67811e-07
1.21164e-06 7.97889e-08
2.02403e-07 1.09217e-08
-1.08773e-06 1.04569e-08
1.6838e-06 3.69958e-07
2.31534e-07 -6.20823e-07
1.78391e-06 -1.81344e-07
1.73187e-07 -3.23514e-07
2.0613e-06 -3.41139e-07
1.94677e-06 -6.85526e-07
-2.08298e-06 -3.17691e-07
1.40603e-06 -4.73921e-07
3.38637e-07 3.3918e-08
1.36051e-06 3.34181e-07
-1.62324e-06 -1.02222e-07
1.96907e-06 3.63606e-07
-1.93524e-06 5.05565e-07
1.1184e-07 3.08384e-07
-7.57976e-07 -5.29767e-07
-4.82051e-08 -1.93586e-07
2.10808e-06 -3.13108e-07
1.82975e-07 -6.9149e-07
-6.73433e-07 6.24679e-07
-3.22065e-07 4.46554e-07
-7.07952e-07 5.40751e-07
1.51139e-07 4.72681e-07
-8.71009e-07 9.47061e-09
-6.5541e-07 2.51242e-07
4.12968e-07 -1.65447e-07
-5.4625e-07 -3.85417e-08
-5.43566e-07 1.6954e-07
8.56139e-07 -4.06502e-07
-1.12186e-06 3.11442e-07
1.26892e-07 6.60851e-08
-2.19836e-06 6.815e-07
3.50278e-07 -5.45295e-07
1.94847e-06 1.04912e-07
-2.24399e-08 -5.35888e-07
7.91035e-07 3.09187e-08
1.20835e-06 -5.80487e-07
1.88756e-06 -4.84087e-07
2.18528e-06 -6.65955e-07
-1.32787e-06 4.59114e-07
-7.69711e-08 2.08105e-08
2.93951e-07 6.54972e-07
1.40396e-06 6.11943e-07
6.33515e-07 4.00959e-07
-1.54451e-07 5.45046e-07
1.41209e-06 6.47615e-07
4.00938e-07 -4.33484e-07
-6.37736e-07 -3.02116e-09
-7.73336e-07 -4.71974e-07
1.4312e-06 5.427e-07
-9.62101e-07 -5.40054e-07
4.66892e-07 -3.25841e-07
1.4784e-06 4.21956e-07
-6.96579e-08 -4.45482e-07
1.65188e-06 -1.54491e-07
-6.16158e-07 -5.21893e-08
-2.14045e-06 -5.33355e-07
1.59985e-06 3.99107e-07
3.25078e-07 -2.7615e-07
-5.61754e-07 3.43614e-07
9.85762e-07 1.10277e-07
-2.03671e-06 3.06173e-07
-2.07243e-06 4.43215e-08
-2.72045e-07 -1.50684e-07
2.51763e-07 6.26123e-07
-1.01749e-06 9.27796e-08
1.87763e-07 2.5846e-07
1.26021e-06 -3.85443e-07
-3.10032e-07 -4.39354e-07
2.0382e-07 -3.82366e-07
-2.94443e-07 4.88406e-07
2.06149e-06 6.40078e-08
-4.99457e-07 2.35875e-07
7.91843e-07 6.46753e-07
-4.76272e-07 1.6581e-07
2.47815e-07 -2.93359e-07
-1.18251e-06 -4.36619e-07
8.91685e-07 -5.55731e-08
-1.90662e-06 -5.59748e-07
-1.84508e-06 5.64606e-07
1.04394e-06 3.92551e-07
-2.02716e-06 -4.83174e-07
1.44841e-06 4.29589e-07
1.61047e-06 2.62227e-07
2.06395e-06 -5.1048e-07
2.15715e-07 -6.88274e-07
-1.82393e-06 -5.9478e-07
3.66141e-07 -3.57549e-07
-2.03324e-06 5.87454e-07
7.95959e-07 6.86755e-07
-2.13282e-06 -5.65661e-08
-1.40337e-06 -8.6519e-08
8.69652e-08 6.6016e-07
1.98947e-07 4.37009e-07
-3.36876e-07 7.42417e-10
6.89081e-07 6.02739e-07
-9.79545e-07 -6.85132e-07
-2.89341e-07 2.42942e-07
-1.43524e-06 -5.05458e-07
1.04681e-06 1.74259e-07
-7.90797e-07 1.14224e-07
4.08979e-07 7.18878e-08
-1.80925e-06 3.157e-07
5.78777e-07 3.147e-07
-1.48211e-06 5.27256e-07
-1.53892e-06 1.52409e-08
-9.34013e-07 5.5877e-07
-7.87543e-07 2.71935e-07
-7.0564e-07 -6.76141e-07
-5.33231e-07 3.69749e-07
6.02204e-07 -8.89324e-08
3.18449e-07 1.61532e-07
7.40485e-07 -3.26943e-07
1.12703e-06 -4.11825e-07
-1.24402e-06 -1.94148e-07
-1.61938e-06 -3.52142e-07
7.81969e-07 7.44804e-08
-7.16263e-07 -6.82733e-07
1.17239e-06 -6.56959e-07
-8.77345e-07 3.10378e-07
5.52817e-07 3.69974e-07
3.25049e-07 4.41025e-07
1.46096e-07 3.51857e-07
2.18588e-06 1.19527e-07
-1.65229e-06 1.48855e-07
-3.48058e-07 -4.83466e-07
-1.08431e-07 6.71378e-07
-2.45673e-07 -3.02473e-07
-3.05693e-07 -5.1826e-08
1.88127e-06 2.39054e-07
4.11729e-07 2.4909e-07
1.65992e-06 -2.19304e-07
-6.57065e-07 -3.70834e-07
1.41572e-06 -6.79344e-07
-1.78537e-06 -5.00684e-07
-3.43361e-07 4.79356e-07
-4.15374e-08 -1.64305e-07
-1.5707e-06 5.45505e-08
3.05864e-07 -6.38129e-07
-1.9971e-06 -4.40919e-08
2.10922e-06 1.31971e-08
3.30719e-07 2.67631e-07
-1.47914e-06 -3.60606e-08
7.72e-07 -5.57078e-07
-2.71019e-07 5.55129e-07
1.65101e-06 9.37777e-08
1.16515e-06 -5.25186e-07
7.81089e-07 -4.76764e-07
-7.55103e-07 6.91545e-07
3.49287e-07 -8.18609e-08
1.74185e-06 3.45744e-07
8.40514e-07 -3.95354e-07
-3.49737e-07 -3.2897e-07
1.05293e-06 5.4538e-07
-8.24412e-07 -1.00558e-07
8.13837e-07 3.8296e-07
2.99023e-07 -3.83886e-07
-4.52178e-07 1.55893e-07
-1.83366e-07 -4.139e-07
2.02341e-06 6.96654e-07
1.2581e-06 -3.17082e-08
-1.51826e-06 -6.22821e-08
-3.97433e-07 1.44964e-07
-1.32272e-06 -3.07036e-07
-5.13219e-07 6.86081e-07
2.03265e-06 3.49186e-07
-1.87768e-06 5.9923e-07
2.52013e-07 3.48609e-07
-1.78882e-06 4.78611e-07
-3.64412e-07 -3.26648e-07
-2.07411e-07 3.46265e-07
-1.58453e-06 -2.19273e-07
-9.43511e-07 2.83575e-07
-9.89075e-07 2.12997e-07
1.1063e-06 -4.20593e-07
-4.76402e-08 3.42366e-08
1.83369e-06 -1.22676e-07
1.03208e-06 -4.49371e-07
-8.95426e-07 2.21247e-07
-1.78096e-08 2.59294e-07
1.36912e-06 1.85e-08
1.45396e-06 2.6373e-07
1.25991e-06 -5.16227e-07
-1.11699e-06 -5.75906e-07
1.68231e-06 2.45824e-07
-4.09356e-07 -4.53345e-07
-1.89016e-06 -1.98097e-07
1.82957e-06 3.4843e-07
-2.14454e-06 2.86328e-07
-5.37677e-07 -5.87086e-08
-1.13101e-06 -5.12389e-07
7.61565e-07 2.73063e-07
-8.48715e-07 -5.58895e-07
-1.70413e-07 3.36558e-08
-1.62431e-06 -5.2145e-07
-1.37767e-06 -5.43552e-07
3.9933e-07 4.64912e-07
1.00366e-06 3.53585e-07
6.29153e-07 -3.15228e-07
1.92768e-06 -3.5844e-07
-2.18169e-06 -1.91522e-07
-7.76438e-07 -4.91737e-07
1.19182e-06 6.37231e-07
1.38889e-06 -2.32057e-07
-8.47091e-08 3.2584e-08
-1.67764e-06 -3.33219e-07
-1.22333e-07 4.30837e-07
-9.37959e-08 -2.3023e-07
1.51246e-06 2.04202e-07
1.28915e-07 -3.51357e-07
2.07159e-06 4.69165e-07
-5.36668e-08 2.69813e-07
1.52816e-06 -2.67935e-07
-1.26469e-07 -3.11573e-07
1.3316e-07 3.45165e-07
-2.15564e-06 6.86275e-07
8.699e-07 1.84231e-08
-1.51785e-07 4.12094e-07
1.10266e-06 3.12544e-07
1.65691e-06 -4.85931e-07
-1.12242e-06 -1.00641e-07
1.965e-06 3.56602e-07
-4.5457e-08 -4.41819e-07
-4.73252e-07 3.94435e-07
-2.81467e-07 2.42086e-07
-1.20068e-06 -6.8733e-07
-1.44246e-06 6.54385e-07
1.07054e-06 -6.38196e-07
-9.82076e-07 3.72589e-07
-6.42453e-08 -2.24925e-07
-2.02482e-06 1.00063e-07
1.68763e-06 -2.35187e-07
1.43228e-06 -1.85524e-07
-6.89875e-07 6.88894e-07
-1.26532e-06 -2.53936e-07
4.59998e-07 6.5422e-07
1.95181e-06 1.61986e-07
1.37962e-06 -1.6503e-07
-1.71406e-06 -3.31943e-07
6.403e-07 -5.00482e-08
-4.87613e-07 4.80321e-07
-2.07496e-06 -6.68455e-07
-4.31556e-07 4.00155e-07
-1.35169e-06 4.62211e-07
1.23041e-07 -4.31311e-07
-2.16083e-06 -3.72034e-07
-2.09029e-06 -3.87117e-07
1.54241e-06 7.76804e-08
-1.058e-06 2.2959e-07
-1.43375e-06 -2.21955e-07
-6.63751e-07 6.85323e-07
1.77166e-06 -6.34791e-07
9.40398e-07 -2.4385e-07
-2.18168e-06 6.40236e-08
2.63007e-07 6.03476e-07
-1.93955e-06 6.81139e-08
-9.41582e-07 -3.68793e-07
-1.21023e-06 1.91604e-07
1.81856e-06 1.02081e-07
1.96883e-06 1.24872e-07
-2.14043e-06 4.603e-07
1.52668e-06 3.47686e-07
-1.20914e-06 3.88698e-07
1.25184e-06 -6.07837e-07
-7.55532e-07 6.88458e-07
-7.96215e-07 -6.6948e-08
1.90605e-06 4.78776e-07
-9.85729e-07 2.24986e-07
3.71857e-08 -3.66959e-07
-8.16926e-07 1.8138e-07
-1.19051e-06 1.0353e-07
-6.02717e-07 -1.5614e-07
1.83453e-06 3.12301e-07
-1.27404e-06 -6.16735e-07
-1.32856e-07 -4.83088e-07
-1.28661e-06 -6.51109e-07
-5.73879e-07 1.06242e-07
1.09005e-06 -2.94842e-07
7.26762e-07 -3.73136e-07
-1.31749e-06 -6.01443e-07
-1.55086e-06 6.5034e-07
-3.78599e-07 -5.1389e-07
-1.90631e-06 6.67584e-07
6.65515e-07 -6.02027e-07
1.15071e-06 1.7124e-07
-1.6173e-06 1.58814e-07
-2.06349e-06 2.15426e-07
1.81606e-06 -6.91519e-07
-5.07706e-07 2.50956e-07
-7.13668e-07 6.99989e-07
-2.13056e-06 -6.37118e-07
2.14637e-06 1.22672e-07
1.60401e-06 2.04126e-08
7.94384e-07 1.80809e-07
-1.70104e-06 -5.59989e-07
-9.31886e-07 1.77375e-07
1.58665e-06 1.30434e-07
1.10476e-06 2.98918e-07
-1.18924e-06 -3.0836e-07
1.89763e-06 -9.6591e-08
-4.98853e-07 5.86609e-07
-1.40713e-06 -4.36236e-07
-1.02326e-06 -4.32386e-07
-1.15714e-06 -6.57083e-07
1.6131e-06 7.75248e-08
9.64889e-07 3.99824e-07
-1.18988e-07 4.15867e-07
1.98609e-06 -1.35075e-07
1.24435e-06 -6.18233e-07
-1.60055e-06 -6.03167e-07
3.67123e-07 -4.32701e-07
6.81212e-07 -5.03569e-07
-1.80688e-06 3.30486e-07
-1.12827e-06 6.40648e-07
1.84539e-06 1.95386e-07
2.05461e-06 -2.66294e-07
3.82454e-07 4.91441e-07
-1.29014e-06 5.10574e-07
2.01161e-06 4.57773e-07
-1.88589e-08 -6.69233e-07
1.35689e-06 5.56481e-07
-6.70663e-07 -4.51306e-07
7.64724e-07 4.4912e-08
1.85818e-06 -2.90721e-07
-1.06422e-06 -4.50901e-07
-5.06869e-08 -3.69484e-07
2.00253e-06 -1.24422e-07
-1.49488e-06 -2.19636e-07
-6.59369e-07 2.69227e-07
-2.18337e-06 1.97834e-07
-1.60101e-06 6.42668e-07
2.05481e-06 -5.93329e-07
4.41643e-07 -3.3251e-07
1.42776e-06 -5.97257e-07
-1.48886e-06 -2.73897e-07
1.12983e-06 4.24788e-07
-1.85804e-07 4.96864e-07
-1.73445e-06 -5.93462e-07
-1.09559e-07 3.65368e-07
-7.3361e-07 2.06441e-07
1.17265e-06 -4.47368e-07
1.38034e-06 1.71597e-08
-1.53422e-06 -1.46868e-07
5.07251e-07 -5.66276e-07
-1.80144e-06 4.08954e-07
-1.80744e-06 -6.89853e-07
7.78005e-07 1.01726e-07
1.31296e-06 5.02379e-07
-4.18939e-07 -5.35368e-07
2.0511e-06 -4.38881e-07
6.30114e-07 -5.44619e-07
-2.3933e-07 1.7385e-07
-4.90407e-07 -6.47705e-07
6.47142e-07 -2.59404e-07
1.64712e-06 -6.98192e-08
-4.56507e-07 -4.72338e-07
2.03462e-06 4.99067e-07
1.73985e-06 -8.39904e-08
-1.6996e-06 -2.5429e-07
-1.94501e-06 3.47665e-07
1.2355e-06 -6.0687e-08
1.45546e-06 -3.80512e-07
-1.83658e-06 -3.56127e-07
-1.6458e-06 3.24212e-07
1.47888e-06 1.25674e-07
1.86615e-06 -3.37831e-07
-1.06145e-06 -2.99297e-07
-9.33451e-07 -2.19233e-07
-9.39885e-07 -6.18202e-07
5.03223e-07 -1.6016e-07
-2.13569e-06 -6.50489e-07
1.73785e-06 -4.46845e-07
2.09754e-08 -1.98772e-07
6.04243e-07 -2.05305e-07
2.06293e-06 -4.33758e-07
8.93919e-07 3.1634e-07
-2.63013e-07 2.72298e-07
-3.69711e-07 4.69631e-07
7.91567e-07 2.01529e-07
-1.32409e-06 -2.06929e-08
9.99109e-07 -6.99917e-07
-1.94285e-06 -5.99627e-07
1.25014e-07 5.45635e-08
-6.66117e-07 2.04426e-07
1.25929e-06 6.10694e-07
1.77523e-06 -5.01813e-07
-1.17834e-06 3.00627e-07
1.71484e-06 6.92327e-07
1.35238e-06 6.82301e-07
-1.77437e-06 -6.26305e-07
-5.81523e-07 3.78516e-07
-1.35562e-06 -6.1051e-07
2.77439e-07 3.59295e-07
1.46349e-06 -6.73771e-07
-1.93569e-06 -3.42241e-07
-1.76294e-06 -5.78955e-07
2.12656e-07 2.19111e-07
1.89657e-06 -2.05035e-07
5.34012e-07 4.96453e-07
-1.65546e-06 4.99713e-07
1.26991e-06 -4.70841e-07
1.87984e-07 -4.10961e-07
-1.69375e-06 -2.02897e-07
7.14752e-07 2.65846e-08
1.51981e-06 5.1722e-07
-6.28309e-08 5.53277e-07
2.00847e-06 -5.8111e-07
-1.44239e-06 -8.78841e-08
-1.18717e-06 -1.81311e-07
-1.37896e-06 -3.7364e-07
-1.51512e-06 4.68203e-08
1.40005e-06 -4.22635e-08
-1.68998e-06 -3.89801e-07
1.47963e-06 8.35209e-08
-1.14189e-08 -2.94279e-07
-1.27414e-06 -1.18477e-07
1.65435e-06 2.039e-07
-1.17647e-06 -3.79165e-07
1.87244e-06 -6.33871e-07
-1.1938e-06 -5.36948e-07
1.18915e-06 6.68429e-07
1.7825e-06 -5.19971e-07
4.86292e-07 -3.36327e-07
-2.01681e-06 5.53967e-07
-1.53931e-06 6.47773e-08
2.10084e-06 5.68148e-07
8.42763e-07 -6.79366e-07
-2.37839e-07 -3.28148e-07
-1.08234e-06 -5.21722e-07
-5.49874e-08 -5.894e-07
2.11637e-06 -2.19392e-07
-1.45385e-06 5.61325e-07
-2.46775e-07 3.43975e-07
1.80461e-06 4.59996e-07
6.46091e-07 3.32915e-07
-1.25067e-06 -5.10954e-07
-1.74477e-06 -3.86498e-07
8.80511e-07 4.53265e-07
-1.55001e-06 -6.96986e-07
-1.84003e-06 -5.18675e-07
-3.07447e-07 -4.75587e-07
-1.55285e-06 -2.9717e-07
-1.96396e-06 -4.68725e-07
-9.64257e-07 -6.16746e-08
-4.89582e-07 -5.05018e-07
-2.16709e-06 3.04537e-07
-1.63372e-06 1.66543e-07
2.79274e-07 5.49528e-07
9.69061e-07 4.59736e-07
-1.76847e-06 -4.81055e-07
-1.66146e-06 6.78787e-07
2.92164e-07 -5.57713e-07
5.36419e-07 -6.0856e-07
1.54967e-06 4.11966e-07
-2.17566e-06 -5.38146e-07
7.5829e-07 -1.71379e-07
-8.42828e-07 -3.66037e-07
9.23666e-07 3.0725e-07
-1.69944e-08 -3.99636e-07
1.87202e-06 4.90703e-07
8.683e-07 2.53369e-07
-1.23722e-06 -7.90692e-08
-1.92184e-06 6.49083e-07
3.05368e-07 -2.65351e-07
2.31292e-07 6.75189e-07
1.65024e-06 -3.83084e-07
1.49412e-06 2.17088e-07
-1.02609e-07 -2.57701e-07
8.44406e-07 -6.57814e-08
2.05703e-06 6.65972e-07
-2.16486e-06 -6.03296e-07
1.95547e-06 1.13197e-07
9.5792e-07 6.41594e-07
8.47179e-07 1.67261e-07
-1.37201e-06 -1.85242e-07
3.99201e-07 4.16816e-07
1.37657e-06 6.01435e-07
-1.9359e-06 6.16335e-07
1.43048e-06 -6.85833e-08
9.81315e-07 1.16353e-07
-1.45493e-06 -2.82901e-07
-6.39177e-07 4.28494e-07
4.26181e-07 -1.47484e-07
-1.52868e-06 1.23816e-07
-1.50132e-07 4.11459e-07
-8.41538e-07 5.28305e-07
-5.03981e-07 3.21818e-07
-1.78549e-06 5.42539e-07
4.90857e-07 -3.97809e-07
-1.00125e-06 6.44869e-07
-1.83661e-06 6.38393e-08
-1.74328e-06 -4.47328e-07
1.32999e-06 -6.23372e-07
-4.82961e-07 3.11097e-07
-1.67618e-07 -4.04146e-07
-8.16757e-07 -5.97199e-07
2.18551e-06 3.80514e-07
-9.41446e-07 -4.05164e-07
2.44734e-07 5.47504e-07
2.12384e-06 6.88185e-07
-3.66973e-07 5.05297e-07
4.62734e-07 -2.03717e-07
2.12897e-06 -5.95463e-08
1.82351e-06 5.92386e-07
3.22345e-07 -3.54582e-07
-2.08294e-07 -5.04567e-07
1.10591e-06 4.31083e-07
-2.16676e-06 -1.45258e-07
-2.03192e-08 -8.47158e-08
4.49631e-07 -3.05759e-07
-7.47827e-07 -1.19411e-07
-2.76765e-07 -6.93126e-07
-1.9176e-06 8.11716e-08
-2.05721e-06 -3.4682e-07
-1.54471e-07 -1.69488e-07
-1.55809e-07 4.56312e-07
-4.64731e-07 6.05566e-07
-1.79088e-06 -2.5061e-07
-1.73446e-06 3.87489e-07
1.90949e-06 -5.10085e-07
-2.1584e-07 6.77848e-07
-4.89094e-07 6.36835e-07
4.0916e-08 -4.62604e-07
-1.5087e-06 -3.32186e-07
6.21968e-07 3.87283e-07
6.98164e-07 5.31315e-07
-1.46897e-06 4.63133e-08
1.26558e-06 6.21293e-07
1.61054e-06 -1.0592e-07
-2.11207e-06 5.62322e-07
8.12359e-07 -4.14195e-09
9.50886e-07 -4.63617e-07
-2.01935e-06 7.4534e-08
-2.17664e-06 1.44351e-07
3.70113e-07 2.76061e-07
1.1087e-06 4.10001e-07
-8.84418e-07 4.81025e-07
2.00269e-06 -7.58699e-09
9.81582e-07 6.28434e-07
1.89382e-06 6.33572e-07
-1.85146e-06 -5.64595e-07
1.43512e-06 5.27603e-07
1.42988e-06 5.49673e-07
-9.60475e-07 4.92369e-07
-1.81953e-06 2.69888e-07
2.06482e-07 1.10737e-07
1.69431e-07 -6.42592e-07
4.52552e-07 -3.27206e-07
1.53115e-06 -1.67726e-07
-6.25904e-07 4.86653e-07
-6.90438e-07 -5.80594e-10
6.92053e-07 4.37912e-08
-1.99012e-06 3.78485e-07
-6.10304e-08 1.09445e-07
1.90952e-06 -6.88267e-07
1.86007e-06 -2.03274e-07
9.15227e-07 -4.36304e-07
-1.00451e-07 1.06313e-08
-1.27292e-06 -6.36667e-07
-7.86355e-07 -3.89966e-07
-1.1356e-06 6.74824e-07
-6.08273e-07 -1.28306e-07
-1.36961e-06 9.80571e-08
-9.53535e-07 5.58776e-07
4.80369e-08 -1.413e-07
-8.51694e-07 -5.6958e-08
-1.94449e-06 1.23365e-07
-2.13901e-06 -1.8449e-07
-2.06039e-06 -2.69433e-07
-1.86589e-07 5.91643e-09
1.65556e-06 -3.4269e-07
1.62729e-06 -1.72986e-07
1.10752e-06 3.78794e-07
-1.01283e-06 4.18983e-07
1.85488e-06 3.0258e-07
-4.87934e-07 4.99575e-07
-7.17834e-07 3.26373e-07
-1.75269e-06 1.46104e-07
1.74947e-06 -2.32049e-07
4.24146e-07 5.37e-07
-7.51513e-07 6.59302e-07
-1.6365e-06 -4.29195e-07
-1.56651e-06 -5.36061e-07
8.86158e-08 -1.76643e-07
1.98134e-06 -4.44398e-07
-1.68611e-06 -4.81662e-07
2.20794e-07 4.8993e-08
2.83331e-07 6.60268e-07
-1.46161e-06 -2.42008e-07
-1.24299e-06 -2.67287e-07
2.09375e-06 1.40137e-07
4.41968e-07 -3.08534e-07
-1.15029e-06 6.64973e-07
1.72067e-06 -3.69459e-07
2.63947e-07 -6.48767e-07
-7.88597e-07 2.16655e-07
-2.12047e-06 -4.90389e-07
-1.60964e-06 4.64876e-09
1.52205e-06 -3.18214e-07
1.87792e-06 -1.88074e-07
1.42338e-06 -2.74118e-07
-3.68262e-07 1.6606e-07
-1.0886e-06 1.11644e-07
1.4944e-07 -1.51616e-07
1.27624e-07 -3.96568e-07
-1.26548e-06 -6.19895e-08
1.19141e-06 1.67662e-07
-6.72757e-07 -9.81611e-08
1.80288e-06 1.5181e-07
5.89394e-07 -6.08538e-07
-2.0621e-06 3.16603e-07
-1.48254e-06 6.23021e-07
-1.15191e-06 5.6232e-07
8.57861e-07 4.0414e-07
-2.01065e-06 -3.04478e-07
-3.40511e-07 -3.90307e-07
-1.61925e-06 -1.883e-07
8.16642e-07 5.40814e-07
-1.40938e-06 6.32871e-08
-8.7023e-07 6.59848e-07
1.4464e-07 3.54215e-07
1.96799e-06 3.42011e-07
5.33323e-07 1.37105e-07
-6.30781e-07 5.35251e-07
6.35929e-07 -3.62724e-07
-2.09417e-06 6.51883e-08
1.71692e-06 -8.59445e-08
2.07754e-06 2.6992e-07
1.93232e-06 6.11938e-08
2.18898e-07 5.237e-07
-2.17985e-06 3.40059e-07
1.87573e-06 4.41892e-08
6.70341e-07 -4.69547e-07
1.79214e-07 3.18226e-10
9.55091e-07 -4.51296e-07
-1.46597e-06 1.14359e-07
8.71091e-07 -1.36438e-07
4.28101e-07 3.75787e-07
3.53218e-07 -1.20556e-07
1.10099e-07 -2.83456e-08
-7.94849e-07 -6.67801e-07
4.72367e-07 -4.19928e-07
1.06679e-06 1.02439e-07
1.28031e-07 3.51751e-07
-1.54987e-06 6.08989e-07
-5.49104e-07 -3.73843e-07
-3.91971e-07 1.3921e-08
2.03139e-06 -2.55067e-09
-1.43879e-06 2.34236e-07
-2.06701e-06 1.30801e-07
-1.48842e-06 -6.32166e-08
-1.00144e-06 1.38174e-07
-7.32517e-07 -1.32827e-07
-7.99832e-07 4.23472e-07
-9.16734e-07 2.38051e-07
-1.0179e-06 -2.15181e-07
-1.72794e-06 3.52019e-08
-8.75505e-07 2.82658e-07
3.97476e-07 -1.25621e-08
2.17628e-06 1.85427e-07
-1.34455e-06 2.86419e-07
7.64954e-07 7.40758e-08
-7.32676e-07 -4.37955e-07
-7.70666e-07 -5.17881e-08
6.94364e-07 -5.58373e-07
5.79508e-07 -3.60748e-07
-3.54717e-07 -6.07388e-07
1.44017e-06 -2.38761e-07
8.86064e-07 -2.66348e-07
6.0792e-07 -5.02547e-07
-1.51365e-07 -6.54925e-07
-5.85951e-07 -5.46781e-07
1.39734e-06 6.65813e-07
1.90375e-06 4.88641e-08
6.95003e-07 -1.89298e-07
-1.18504e-06 -5.64451e-07
-9.04758e-07 -3.78317e-08
1.1984e-07 -1.02364e-07
-2.19753e-06 -2.2319e-07
-9.47772e-07 -5.64969e-07
2.05875e-06 -6.48539e-07
2.03566e-07 -6.39964e-07
-1.06529e-06 -2.85773e-07
-6.4649e-07 3.8161e-07
-1.57183e-06 1.65598e-07
-1.99381e-06 4.75787e-08
-8.78307e-07 5.4415e-07
-4.8606e-08 6.43171e-07
-4.01155e-07 1.44949e-08
-8.07629e-07 5.41521e-07
5.70255e-07 2.18291e-07
-1.54963e-07 3.72118e-07
9.47548e-07 5.03446e-08
-7.34207e-07 6.78157e-09
-2.04787e-06 6.21632e-07
2.05554e-06 1.51753e-07
7.7036e-07 4.02585e-07
-1.03689e-07 -3.96934e-07
-6.4359e-07 -4.46516e-07
1.97267e-06 6.66139e-07
8.37573e-08 -4.39528e-07
-1.2427e-06 -5.01578e-07
2.19843e-06 1.12259e-07
-7.17619e-07 -5.14491e-08
7.68285e-08 1.9479e-07
-1.26332e-07 3.91019e-07
-4.21014e-07 1.48093e-08
1.39514e-06 -3.05958e-07
-2.03061e-06 4.84141e-07
5.90096e-07 -4.34897e-07
-1.32987e-08 2.34234e-07
-2.11851e-06 -3.2879e-07
-1.30988e-06 2.53075e-07
1.57599e-06 2.90446e-07
-1.12657e-06 -1.7061e-07
5.44188e-07 -1.3107e-07
6.29829e-07 2.40172e-07
1.55346e-06 -6.80176e-07
-2.13179e-06 -3.81108e-07
-6.19547e-07 7.45888e-08
-1.75959e-06 5.01637e-07
2.11992e-06 6.86158e-07
-2.06212e-06 -7.70041e-08
-6.13213e-07 2.60467e-07
-7.39136e-07 -1.73023e-08
1.28025e-07 -2.56619e-07
6.34922e-07 6.87518e-08
-2.85294e-07 -5.64278e-08
-1.18706e-06 -7.76283e-08
1.57574e-06 5.76282e-07
-1.75659e-06 -3.60501e-07
6.10806e-07 2.21157e-07
-6.06285e-07 -2.30146e-07
-1.11851e-06 5.77205e-07
3.76493e-07 -4.54238e-07
2.86254e-07 -1.56597e-07
-1.1272e-06 2.77354e-07
-1.68427e-06 -5.72157e-07
2.19516e-06 -3.7729e-07
-8.54395e-07 -5.29013e-07
3.31004e-07 -2.69276e-07
3.36934e-07 -5.23128e-07
1.95171e-06 3.80195e-07
7.41848e-08 -6.93616e-07
-1.51156e-06 -4.40486e-07
-1.28328e-06 -1.22125e-07
-1.2295e-06 3.35785e-07
1.74426e-06 -5.58001e-07
1.71498e-06 6.71189e-07
-7.10582e-07 5.5713e-07
-1.46277e-06 3.04019e-07
3.9504e-07 5.28521e-07
-8.88934e-07 1.7121e-08
3.34724e-07 -4.10483e-07
1.01077e-06 -1.92047e-07
1.75077e-06 8.05796e-08
-3.40972e-07 -6.81463e-07
-1.42593e-06 -4.51999e-07
1.07747e-06 2.45244e-08
-2.04447e-06 -1.58174e-07
1.58827e-06 5.92913e-07
5.68483e-09 -7.27193e-09
7.43515e-07 -6.60812e-07
-4.45474e-08 -8.31845e-08
6.3767e-07 4.73801e-07
8.3376e-07 -5.2747e-07
-3.02882e-07 -3.32448e-07
6.80896e-07 5.95783e-07
1.32636e-06 3.41615e-07
2.14108e-06 1.84527e-07
1.13302e-06 -5.74771e-07
1.30407e-06 -4.02554e-07
-3.8065e-07 3.2808e-07
5.86794e-07 -3.70722e-07
1.4626e-06 -6.27206e-07
1.16806e-06 5.5987e-07
1.31e-06 -8.97302e-08
1.55498e-06 5.30084e-07
-1.37828e-06 5.80697e-07
1.34092e-06 1.53408e-07
1.06082e-06 3.13371e-07
-9.24584e-07 4.63041e-07
-8.01667e-07 -3.3692e-07
1.08308e-07 -6.74756e-07
1.72364e-06 -2.19995e-07
-1.48648e-06 6.14383e-07
2.60867e-07 -3.5571e-07
-8.12887e-07 6.42999e-07
-9.57321e-07 -5.17667e-07
-2.14174e-06 -7.04977e-08
-1.75102e-06 -4.82318e-07
-1.75013e-06 -1.47628e-07
7.11882e-07 5.27799e-07
-1.23707e-06 3.88233e-07
1.526e-06 6.81057e-07
-2.14036e-07 -6.53809e-07
-1.28234e-06 -6.94831e-07
-2.1272e-06 6.79467e-07
-1.13338e-08 -6.82936e-07
7.99866e-07 -5.26177e-08
8.93875e-07 6.70301e-07
-9.34009e-07 -5.94728e-07
-1.12685e-06 -7.71157e-08
2.14325e-06 5.44261e-07
-1.89204e-06 -5.54727e-07
-2.01615e-06 -3.47639e-07
-1.26953e-06 5.10305e-08
8.54454e-07 1.24455e-07
-1.81582e-06 6.95096e-07
-1.42146e-06 4.96694e-07
-2.69611e-07 -5.80846e-07
-1.39452e-06 -1.15267e-07
-1.06322e-07 9.53383e-10
2.12657e-06 4.16337e-07
-8.51117e-07 -9.28696e-08
1.71985e-06 -7.55728e-08
8.51467e-07 -1.89716e-08
2.95521e-07 4.69426e-07
-6.63639e-07 7.88205e-08
-1.90875e-06 6.84182e-07
-1.04771e-06 4.86552e-07
1.96403e-07 -8.3512e-08
2.33045e-08 6.53693e-07
-4.27011e-08 4.26334e-07
6.96206e-07 -3.50935e-07
3.09779e-07 6.8086e-07
6.44457e-07 6.83047e-07
-2.09781e-06 -2.54363e-07
1.90859e-06 4.81365e-07
1.12946e-06 -6.14807e-08
-7.7073e-07 -2.77328e-07
-1.85742e-06 4.18824e-07
2.062e-06 3.40031e-07
5.75219e-07 4.78621e-07
-6.89046e-07 -6.37377e-07
-5.63512e-07 6.86517e-07
1.0394e-06 1.6326e-07
6.81449e-07 4.04871e-07
1.74778e-06 -4.4098e-08
2.0357e-07 -3.02621e-07
-1.2643e-06 -1.48654e-08
1.38978e-06 -5.39459e-07
3.53172e-07 -3.58337e-07
1.18627e-07 -1.83338e-07
1.79751e-06 -2.78331e-07
-1.98006e-06 -5.36925e-07
7.89998e-07 9.84899e-08
-1.89065e-07 -2.01057e-07
1.43498e-06 6.01256e-07
-1.46841e-06 -5.52222e-07
6.59659e-07 -3.61732e-07
1.46589e-06 5.59421e-07
1.4846e-06 -4.6788e-08
-8.03056e-07 3.36016e-07
1.14139e-06 -6.20268e-07
-1.51135e-07 1.32382e-07
1.99909e-06 3.21078e-07
-1.31618e-06 3.36582e-07
2.50085e-07 -5.92007e-07
-1.22179e-06 6.51633e-07
-1.84019e-06 5.06933e-07
7.3596e-07 3.73828e-07
-2.30981e-08 3.75684e-08
-2.07243e-06 -2.66627e-07
-1.8543e-06 -5.92969e-07
-7.26451e-07 -9.09899e-08
2.14613e-06 -3.44631e-07
-3.31015e-07 -6.43288e-07
9.15845e-07 2.135e-07
-1.43298e-06 6.85109e-07
3.89863e-07 2.28391e-07
-1.69618e-06 6.45414e-07
-6.4132e-07 5.77013e-07
-1.823e-06 -3.25787e-07
-7.13252e-07 -4.95729e-07
9.74169e-07 -3.36462e-07
1.09353e-06 -3.68079e-07
-1.10627e-06 -5.52049e-07
1.64244e-06 -2.5185e-07
-1.08131e-06 -6.02332e-07
4.24056e-07 -2.93103e-07
-1.1766e-06 -5.67709e-07
-1.97366e-06 1.69466e-07
-1.34896e-06 -2.82797e-07
1.09853e-06 -2.66808e-07
-4.4896e-07 -2.68964e-07
6.94941e-08 -3.08689e-07
7.90624e-07 -7.34378e-08
-1.18633e-06 5.04206e-07
1.49522e-06 -4.30674e-07
-8.78004e-07 -1.85414e-07
-3.13295e-07 3.3573e-07
-1.79187e-06 -5.94825e-07
1.71106e-06 -1.36315e-07
-1.41709e-06 6.94588e-07
-1.08016e-06 -5.27253e-07
-1.99191e-06 1.13426e-07
1.17124e-06 6.09536e-07
-1.0594e-06 4.77189e-07
-5.37574e-08 -1.89461e-08
-1.20439e-07 1.20086e-08
-9.64457e-08 -2.32963e-07
-8.51813e-07 -5.21778e-07
-1.54521e-07 -3.76099e-07
-4.58482e-07 6.33153e-07
-1.22044e-06 -6.09593e-07
-5.53252e-07 -6.94457e-08
-1.12411e-06 -1.52922e-07
1.15169e-06 -4.74471e-07
3.30934e-07 5.26744e-07
5.05055e-07 -5.61441e-07
4.91175e-07 -1.1341e-07
-1.44726e-06 6.86656e-07
1.65325e-06 -6.8113e-07
6.63228e-07 6.53712e-07
5.03951e-08 1.08556e-07
7.33496e-07 -5.03572e-07
8.44177e-08 3.14934e-07
-1.5425e-06 1.45936e-07
-1.64768e-07 -1.84244e-07
1.79013e-06 3.3922e-07
1.06749e-06 2.63432e-07
-6.55233e-07 -2.01219e-07
7.03419e-07 1.39012e-07
-1.52566e-06 1.46295e-07
1.1814e-07 -1.54586e-08
8.15805e-07 -2.53931e-07
1.74124e-06 -3.83246e-07
3.49545e-07 -1.68876e-07
-2.19108e-07 -6.30291e-07
1.70576e-06 6.92199e-07
4.50087e-07 4.39954e-07
-1.81485e-06 -8.2733e-08
1.22858e-07 -5.26933e-07
-1.00913e-06 -1.28441e-07
-1.91259e-06 3.17139e-07
1.53977e-06 6.01673e-08
-1.30103e-06 4.23539e-07
-9.88631e-07 3.36344e-07
-1.83114e-06 3.75883e-07
3.91651e-07 -1.45873e-07
1.36618e-06 -4.23225e-07
-2.35891e-07 3.24319e-08
-2.04143e-06 -4.06465e-07
1.93751e-06 -6.11828e-07
-7.73291e-07 6.05486e-07
-2.16562e-06 -3.4878e-07
2.05029e-06 -9.97682e-08
1.28249e-07 2.55223e-07
8.37691e-07 -1.65487e-07
8.17697e-07 -4.06879e-07
7.13734e-07 5.46712e-07
2.1997e-06 4.85848e-07
1.99298e-06 -1.68786e-07
7.73886e-07 6.99972e-07
-1.33676e-06 4.04076e-07
-1.07628e-06 -6.35649e-07
1.69515e-06 2.63382e-07
-1.52678e-06 4.8706e-07
7.47229e-07 1.97441e-07
-1.68974e-06 3.2089e-07
-3.94595e-07 -4.16801e-07
1.0053e-06 -4.97263e-07
-1.90937e-06 4.95006e-07
-1.18544e-06 -4.50809e-07
8.11666e-07 -5.03634e-07
9.56558e-07 1.84629e-08
-1.40762e-06 1.20432e-07
1.44585e-06 -2.46254e-07
4.86012e-07 -2.31864e-07
2.94789e-07 -3.80454e-07
1.03961e-06 -3.81688e-07
-9.21083e-07 5.04522e-07
-1.10108e-06 -3.79993e-07
1.08481e-06 -5.8007e-08
-1.20774e-06 -6.67329e-07
1.62704e-06 -5.97055e-07
-2.28404e-07 3.8902e-07
1.32784e-06 -4.80054e-07
1.58369e-06 6.58818e-08
-1.47702e-06 -8.44488e-08
-1.95977e-06 -6.64465e-07
1.64984e-09 -4.12859e-07
-1.65865e-06 4.46022e-07
1.22154e-06 -2.03787e-07
-1.26712e-06 -3.56297e-07
-7.05688e-07 -3.92637e-08
1.32451e-07 3.15783e-07
-1.29724e-06 6.80752e-07
-3.64365e-07 1.02625e-07
1.35789e-06 4.88544e-07
7.79866e-07 -5.18188e-07
-1.65241e-06 4.83876e-07
1.11962e-06 2.49646e-07
-1.41768e-06 5.4025e-07
9.10527e-07 -1.53656e-07
1.14998e-06 6.44729e-07
-2.12989e-08 2.43933e-07
-1.04543e-06 -5.27122e-07
-1.00627e-06 5.37407e-07
6.32746e-07 6.46183e-07
-1.83492e-07 -3.52981e-07
1.53027e-07 -3.7701e-07
2.14846e-06 6.43468e-07
-1.66567e-06 -1.99595e-07
-6.87137e-07 -1.51043e-07
9.75273e-07 5.07585e-07
-2.13479e-06 6.63295e-07
-7.01561e-07 -2.13327e-07
4.29529e-07 -3.11351e-07
-1.75273e-06 1.75271e-07
-1.46515e-06 -5.51333e-07
-8.70597e-07 2.03722e-08
1.09262e-06 -3.68065e-07
-9.46813e-08 -3.36622e-07
1.80826e-06 4.07287e-07
-5.15344e-07 5.57475e-07
3.64726e-07 4.88735e-07
1.5906e-06 -5.14344e-07
8.23716e-07 6.44835e-07
-3.46177e-07 -5.42513e-07
-1.04247e-07 -8.20007e-08
-1.82655e-06 1.8322e-07
1.9262e-06 -4.48784e-07
-6.18023e-07 -3.2892e-07
8.8592e-07 1.48135e-08
-1.07423e-08 -5.59417e-07
1.08274e-06 -3.2558e-07
9.72285e-07 4.55306e-07
-7.11229e-07 2.94195e-07
-2.07013e-06 -3.49061e-07
1.17911e-06 5.95741e-07
7.21122e-07 1.56204e-07
1.63633e-06 -6.79415e-07
1.55805e-06 7.73996e-08
-1.80852e-06 6.2609e-08
1.32686e-06 5.84372e-07
-2.93056e-07 -7.03472e-08
8.48148e-07 8.82838e-08
1.13534e-06 -5.10033e-07
-1.31532e-06 5.41974e-07
1.2755e-06 4.69874e-07
2.01989e-06 -3.38776e-07
-1.36459e-06 -3.72805e-08
-1.69255e-06 3.89687e-07
1.7137e-06 -1.10413e-07
-1.85606e-06 -4.5259e-07
1.11416e-06 5.08784e-07
-9.2449e-07 -3.26276e-07
-1.97727e-06 -2.57238e-07
1.82718e-06 2.5677e-07
1.80719e-06 5.19371e-07
-4.97952e-07 -5.74753e-07
1.28174e-06 4.47642e-07
1.83359e-06 -3.32728e-07
-2.06842e-06 -3.68118e-07
1.26968e-06 -4.09136e-07
-7.10124e-07 -3.93042e-08
2.02487e-06 -5.15385e-07
1.16379e-06 3.46545e-07
-1.26281e-06 3.24212e-07
5.97685e-07 -1.43941e-07
-1.89832e-06 -5.55385e-07
6.37367e-07 -2.18783e-07
-1.17448e-06 4.70689e-07
-2.12342e-06 1.66368e-07
1.8582e-06 4.02661e-07
4.45858e-07 -5.32394e-07
1.49187e-06 1.09948e-08
4.44675e-07 -1.42483e-07
1.10848e-06 1.06064e-07
9.16874e-07 -3.71046e-07
7.75798e-07 -5.47946e-07
-1.59285e-06 3.6267e-07
1.06721e-06 -3.71568e-07
2.06245e-06 -3.09944e-07
-1.9548e-07 -1.28392e-07
1.51583e-06 3.10744e-07
1.72271e-06 -5.01767e-07
-1.27726e-06 -5.39469e-08
1.51857e-07 -2.45446e-08
-1.01059e-06 5.04978e-07
-7.15825e-07 2.73547e-07
8.16849e-08 4.01914e-07
-7.73489e-08 -6.05961e-08
1.4063e-06 5.57113e-07
-4.14777e-07 -1.85465e-07
8.6059e-07 -5.95116e-07
2.06171e-06 -2.76675e-07
1.84573e-06 -1.71949e-08
-5.75479e-07 1.61344e-07
5.25663e-07 -4.26699e-07
-6.04914e-08 -4.45683e-07
-1.70822e-06 6.14548e-07
1.63032e-06 -1.34027e-07
-7.74451e-07 -2.43508e-07
-4.49098e-07 5.82881e-07
-1.81579e-07 3.40038e-07
3.59197e-07 -2.54324e-07
1.21861e-06 -4.31945e-07
9.62598e-07 -4.11362e-07
-1.13999e-06 5.52306e-07
3.61164e-07 4.50769e-07
6.13558e-07 -6.58865e-07
1.52278e-06 -4.77001e-07
2.70733e-08 -3.48098e-07
3.47061e-07 1.93878e-07
1.9295e-06 5.2272e-07
1.48539e-06 -2.21374e-07
2.01065e-06 6.78124e-07
1.00911e-06 1.906e-07
-1.83022e-06 -3.45515e-07
9.08379e-07 -3.12487e-07
-5.40216e-07 -4.52596e-07
3.13787e-07 -2.21202e-07
-2.0811e-06 -5.00171e-07
-1.99493e-06 -4.26768e-07
6.33676e-07 3.81958e-07
-1.56224e-06 2.80845e-07
1.08523e-07 1.86266e-07
-1.06287e-06 -3.14245e-07
1.11124e-06 -6.07088e-07
-1.10478e-06 9.63879e-08
-5.07159e-07 4.64285e-07
-1.64444e-09 -5.83099e-07
4.75905e-07 5.46892e-07
-2.17493e-06 1.32656e-07
8.24331e-07 -6.47326e-07
-1.62448e-06 -4.20483e-07
8.73687e-07 -1.33082e-07
1.89762e-06 9.69194e-08
2.17187e-06 6.20804e-07
-5.78694e-07 3.65119e-07
-1.31837e-06 -4.5683e-07
-1.41365e-06 4.07692e-08
-2.10828e-06 -1.86312e-07
8.89131e-07 3.53506e-07
-2.55451e-07 4.83828e-07
-4.45678e-07 6.89796e-08
3.55142e-07 5.20043e-07
-1.95566e-06 3.77399e-08
-6.81576e-07 3.27512e-07
-2.15748e-06 -2.60955e-08
7.94933e-07 5.40785e-07
5.99798e-07 4.99995e-08
1.81595e-06 4.41351e-07
5.52063e-07 4.80211e-08
3.33943e-07 -1.80749e-07
-7.41466e-07 3.14208e-07
-2.02803e-06 3.6343e-07
1.65179e-06 -6.6368e-07
-1.37534e-06 -6.04183e-07
-7.35415e-07 -3.94511e-08
-1.83552e-07 5.18008e-07
8.08689e-07 -5.1739e-07
1.78704e-06 2.2397e-07
-1.70615e-07 1.73106e-07
6.44868e-07 3.87258e-07
1.88463e-06 4.93017e-08
1.09753e-07 -2.30453e-07
-8.49657e-07 -4.77221e-07
6.5144e-07 -9.86987e-09
1.30072e-06 -1.39519e-07
-5.63859e-07 -3.1568e-07
-1.94756e-06 6.79844e-07
-8.24257e-07 -2.95275e-07
6.62213e-07 6.87857e-07
-2.13979e-06 -5.71501e-07
-2.03745e-06 -2.3233e-07
-1.63365e-06 -1.2113e-07
-1.35554e-06 8.20568e-08
1.94112e-06 -5.39858e-07
-1.71377e-06 6.42283e-07
4.10753e-07 -2.9944e-07
-7.68872e-07 5.7566e-07
-6.20194e-08 -6.19795e-07
1.10818e-06 -4.08144e-08
2.93426e-07 -3.43065e-07
3.40425e-07 -6.06495e-07
-1.90188e-06 4.61908e-07
1.51906e-06 -5.62812e-08
7.97837e-07 1.45083e-07
1.04222e-06 -6.78012e-07
2.05527e-06 -7.82865e-08
1.22006e-06 -5.17414e-07
1.54647e-06 -6.20701e-07
-2.06834e-06 5.57895e-07
-1.13814e-06 5.53359e-08
-1.14838e-06 3.42494e-07
-1.05771e-06 6.09288e-07
6.64144e-07 2.89597e-07
1.01478e-06 3.88307e-07
9.35219e-07 2.51882e-07
1.74589e-06 -6.80322e-07
1.01404e-06 8.5127e-08
1.36562e-06 -2.30545e-07
-9.02507e-07 -2.95835e-07
1.29366e-06 -2.42404e-07
1.15587e-06 1.72587e-07
1.43494e-06 -3.28666e-07
8.1344e-07 -6.96955e-09
7.07905e-07 2.91875e-07
1.79208e-06 6.51679e-07
-1.62343e-06 -1.5326e-07
-1.25339e-06 -4.49625e-07
-1.52457e-06 -7.69744e-08
-9.31882e-07 -4.22103e-07
2.73858e-07 6.45456e-07
-5.26745e-07 2.79537e-07
7.98679e-07 -5.58872e-07
1.99134e-06 1.67073e-08
-9.68045e-07 -5.99309e-07
-1.19517e-06 -3.05668e-07
1.26718e-06 -4.61286e-07
-2.21244e-07 1.53173e-08
2.17486e-06 -6.84117e-07
8.51951e-07 -4.86522e-07
-7.68282e-07 2.86282e-07
-2.08001e-07 5.6621e-07
-5.52569e-07 -2.81076e-09
-7.26372e-07 -6.01472e-07
5.3717e-07 -3.66199e-08
-5.02997e-07 -6.47759e-07
-1.29674e-06 -4.03809e-08
3.19429e-08 -3.50186e-07
-1.23747e-06 4.18927e-07
-1.30234e-06 6.77398e-08
-1.41546e-06 -1.65867e-07
1.40532e-06 -6.29403e-07
-7.14477e-08 -1.37609e-07
3.76858e-07 -1.33838e-07
-2.08396e-06 -4.2063e-07
-9.10233e-07 1.62872e-07
-9.06448e-07 -6.83067e-07
1.42941e-06 -5.21011e-07
8.98178e-07 -4.4557e-07
-1.40388e-06 1.45919e-07
-6.30642e-08 -1.26322e-07
-1.65367e-06 1.28419e-09
2.15703e-06 -6.67926e-07
-1.20645e-06 -6.4374e-07
2.09871e-06 -1.64527e-07
4.32399e-08 -3.50048e-07
-6.70034e-07 -2.49465e-07
1.58175e-06 -1.40656e-07
-1.97998e-06 5.49035e-07
6.35244e-07 -2.64674e-07
-1.12065e-06 2.42244e-07
1.53484e-07 -6.24647e-08
1.24273e-06 5.93605e-07
2.07472e-06 5.27325e-08
-1.14438e-06 7.66222e-08
-1.34695e-06 -4.37368e-07
-1.36661e-08 -4.24121e-07
-2.09783e-06 9.57583e-08
1.40318e-06 -1.60142e-07
-1.67165e-06 -6.98185e-07
-9.8297e-07 1.21096e-07
3.96909e-07 -5.93774e-07
4.37416e-07 4.63568e-08
1.74821e-06 6.80413e-07
-9.61812e-08 -4.60042e-07
-2.07279e-07 1.53072e-07
-1.36746e-06 -9.14441e-08
-1.84252e-06 5.81885e-07
3.95245e-07 -2.72232e-07
-1.95001e-07 5.34651e-07
1.112e-07 -6.05934e-07
-1.23197e-06 2.67755e-07
1.66858e-06 -4.20557e-07
2.45556e-07 -1.45188e-07
-1.93459e-06 -1.47349e-08
3.3987e-07 -6.25212e-07
1.77634e-06 4.44815e-07
6.60434e-07 -4.05002e-07
1.89842e-06 1.72883e-07
1.62646e-06 4.74528e-07
-1.81655e-06 -1.75211e-08
5.58904e-07 2.5253e-08
-5.49404e-07 4.2272e-07
1.86383e-06 -4.02657e-07
1.35929e-06 -4.38346e-07
-2.08732e-06 -4.8224e-07
1.37224e-06 4.99122e-07
1.80941e-06 -2.28425e-07
5.72312e-07 1.75809e-07
3.65028e-07 -9.54751e-08
4.42243e-08 -2.80988e-07
-5.80921e-07 -4.19217e-08
-1.79852e-06 5.38589e-08
-7.22526e-07 1.08906e-07
-9.45428e-07 -4.25541e-07
-5.14109e-07 5.68786e-07
2.04784e-07 -6.22963e-08
-1.11839e-06 2.43951e-07
-1.5334e-06 6.70982e-07
1.02487e-06 6.0309e-07
-8.57317e-07 -5.99285e-08
-2.10184e-06 8.58641e-08
-9.49494e-07 -4.26998e-07
1.72348e-06 5.43787e-07
1.26312e-06 6.70637e-07
1.07183e-06 5.30063e-07
1.71321e-06 -4.75522e-08
-1.37618e-06 1.2893e-07
1.24565e-06 -3.7031e-07
2.83203e-08 4.62028e-07
-2.63368e-07 6.79627e-07
-1.83181e-06 -5.2224e-07
4.18007e-07 6.16027e-07
-1.4582e-06 -3.35268e-07
7.53563e-07 -6.97013e-07
-1.48022e-06 -3.58468e-07
-1.09953e-07 4.01434e-07
-1.4526e-06 5.65284e-07
1.83718e-06 5.18886e-07
3.00242e-07 -5.1342e-08
-5.29962e-07 3.84553e-07
-1.70652e-07 1.92148e-07
-1.32124e-06 2.66217e-07
2.1324e-06 -2.06537e-07
-1.55175e-06 5.07387e-07
-7.98136e-07 4.65024e-07
2.02257e-07 -2.44293e-07
-1.75458e-06 5.66236e-08
5.42632e-07 5.05026e-07
-1.00098e-06 6.75617e-08
1.33938e-06 -4.3194e-07
2.04567e-06 -5.75736e-07
-1.77584e-06 4.80832e-08
-5.40146e-07 3.24073e-07
1.47769e-06 5.61196e-07
-1.26199e-06 -4.89297e-07
-5.18066e-07 5.40512e-07
1.77144e-06 1.71624e-07
9.32572e-07 -2.32948e-07
1.8259e-06 -5.81075e-08
2.01085e-06 -4.10986e-07
-9.38644e-07 -5.2876e-07
-1.09248e-06 2.43869e-07
2.01824e-06 -5.65085e-07
2.82952e-07 -6.19987e-07
-1.183e-06 -3.88421e-07
-1.2854e-06 8.97804e-08
-7.50722e-07 1.53001e-07
-1.76726e-06 6.26315e-07
8.56522e-07 -6.88658e-07
-3.77791e-07 4.87485e-07
1.2112e-06 2.15916e-08
-1.83395e-06 -2.78814e-07
2.14332e-06 3.81173e-07
1.14989e-06 -5.21862e-08
7.67691e-07 5.06682e-07
1.00865e-06 4.42252e-07
1.37088e-06 -6.86524e-07
-4.63805e-07 2.27459e-07
-5.43486e-07 5.54103e-08
-1.76952e-09 3.01802e-07
7.65899e-07 3.6498e-08
1.06939e-06 -4.30331e-07
1.35405e-06 -4.65567e-07
-1.74605e-06 -5.31227e-07
1.4494e-06 -4.74019e-07
4.15379e-07 -4.81946e-07
4.02199e-07 -2.80127e-07
-1.70104e-06 -4.04574e-07
1.73371e-06 3.53611e-07
1.75178e-06 5.35593e-07
-1.56053e-06 -1.63237e-07
8.85828e-07 1.22903e-07
-2.15055e-06 -4.50274e-07
-1.502e-07 1.52278e-07
-1.93752e-06 6.39783e-07
-2.00578e-07 4.59706e-07
1.27967e-06 4.10012e-07
1.87696e-06 -9.17701e-08
3.82059e-07 -4.50741e-08
-1.80379e-06 -3.42096e-07
-1.86281e-06 3.67987e-07
2.40706e-07 1.19214e-08
-1.36769e-06 -4.88317e-07
3.70627e-07 -6.26545e-07
7.83771e-07 -8.11497e-10
-1.26007e-06 5.11681e-07
9.44413e-07 -5.11837e-07
-1.37039e-06 -5.45997e-07
-8.71302e-07 1.06493e-07
-1.79939e-06 6.97175e-07
7.40469e-07 -5.26427e-07
-1.65417e-06 6.55382e-07
-1.62252e-06 2.96712e-07
4.75132e-07 -4.7149e-07
-7.70426e-07 2.38398e-07
-1.40892e-06 -2.81295e-07
5.57481e-07 -5.15627e-07
-1.497e-06 1.03765e-07
1.26567e-07 -1.8866e-07
-1.54359e-06 2.64926e-07
-2.04006e-06 -2.14951e-07
-6.34949e-07 3.66221e-07
7.21357e-09 -2.42414e-07
1.41715e-06 -4.13206e-07
1.87536e-06 -6.58926e-07
7.60297e-07 5.85972e-08
2.30154e-07 3.30762e-07
-8.71184e-07 -5.62207e-07
3.42125e-07 -4.86315e-07
-1.72511e-06 -4.48213e-07
-1.34562e-06 -4.35243e-07
1.07922e-06 -3.7855e-07
-1.29663e-06 -2.61529e-07
2.84481e-07 1.3137e-07
5.31321e-07 -5.95167e-08
1.18328e-06 -6.63174e-07
1.19082e-06 -9.87202e-08
9.53982e-07 -5.26997e-07
-5.55104e-07 2.4475e-07
1.15201e-06 3.97902e-07
6.97885e-07 -3.25542e-07
2.45107e-07 -6.61106e-07
1.36263e-06 5.00897e-07
-1.86166e-06 -6.19147e-07
1.81013e-06 3.02834e-07
-1.16808e-06 -1.38682e-07
5.4451e-07 -5.28603e-07
1.21177e-06 -1.53924e-08
2.01533e-08 5.89605e-07
5.71177e-07 1.44553e-07
-1.43168e-07 -6.05426e-07
-1.131e-06 -2.07264e-07
-8.60597e-07 -1.63766e-07
-1.08663e-07 4.77391e-07
6.59718e-07 -1.56228e-07
8.66035e-07 2.60164e-07
1.94879e-06 3.6106e-07
1.17108e-06 9.80761e-08
-5.8252e-07 -6.35884e-07
-8.0801e-07 5.98956e-07
-1.33366e-06 -6.45011e-07
-1.96103e-06 -4.77349e-07
-1.63925e-06 -6.32194e-07
6.43666e-07 2.14135e-07
-3.72227e-07 4.42657e-07
1.68826e-06 1.77426e-07
-1.80186e-06 5.06775e-07
-1.70714e-06 -2.63914e-07
1.60122e-06 -6.27526e-07
4.55454e-08 -6.7496e-07
1.81945e-06 -3.90006e-07
-2.34342e-07 4.40555e-07
-8.90339e-07 7.73621e-08
1.88213e-06 -4.73861e-07
4.09469e-07 4.16302e-07
