2.05472e-06 -3.18916e-07
-1.30111e-06 3.24974e-08
-1.3218e-06 -8.12569e-08
-6.64261e-07 -1.59637e-08
-1.05454e-06 1.23489e-08
9.81165e-07 5.01196e-07
3.71139e-07 2.95808e-07
2.09142e-06 2.54942e-07
7.76278e-07 1.1655e-07
1.75864e-06 -6.98207e-07
-1.522e-07 3.89865e-07
-1.21583e-06 5.39435e-07
-1.2107e-06 5.54906e-07
-6.5194e-07 -5.24032e-07
5.66769e-07 5.36847e-07
-1.08393e-06 -7.47857e-08
-8.62413e-07 1.02254e-07
-4.00135e-08 -7.08688e-08
1.81484e-06 3.26161e-07
-2.13138e-06 5.45892e-07
1.88868e-06 6.01353e-07
-3.69923e-07 7.7863e-08
1.65025e-06 4.28374e-07
-7.77735e-07 4.94927e-07
-1.87129e-06 -2.77839e-07
1.81861e-07 -4.40868e-07
-2.37147e-07 -5.66327e-07
5.11016e-07 3.07076e-07
1.54637e-06 -5.02469e-07
-4.6739e-07 3.96569e-07
-1.99787e-06 -4.2174e-07
1.4101e-06 1.3275e-07
-6.49914e-07 -6.16346e-07
1.72194e-07 -4.74992e-07
-9.8804e-07 4.32003e-07
1.66023e-06 -4.60054e-07
4.79125e-07 -1.48944e-07
-8.82897e-07 3.12812e-08
6.95743e-07 -5.54299e-07
-4.36143e-07 -3.01697e-07
7.54713e-08 5.74268e-07
-5.54951e-07 -4.40161e-07
-6.41346e-07 5.0722e-07
-1.26153e-06 -1.72793e-07
1.00039e-06 6.55088e-08
-7.284e-07 -5.93684e-09
9.44345e-07 5.55187e-07
1.91492e-06 3.94203e-07
-1.32772e-06 -1.26511e-07
1.01533e-06 2.7626e-07
1.84843e-07 -6.29504e-07
-1.6689e-06 2.69575e-07
-1.7039e-06 -6.01336e-07
-1.20334e-06 1.10271e-07
-1.34425e-06 -3.66807e-07
8.9276e-07 5.49003e-07
1.34805e-07 -3.34152e-07
-7.31011e-07 -1.2219e-07
3.05716e-07 2.44976e-08
-4.84848e-07 4.90811e-07
3.28396e-07 6.68841e-07
-4.16544e-07 6.90813e-07
-7.37542e-07 9.0815e-08
4.27386e-07 -6.56342e-07
-1.42363e-06 6.12315e-08
-1.74079e-06 4.6728e-07
1.46329e-06 6.84045e-07
1.13276e-06 4.10322e-07
-1.85431e-07 4.15679e-07
-7.28455e-07 2.39856e-07
-1.93172e-06 -6.87811e-07
-4.04985e-07 2.54293e-07
-9.72197e-07 -4.12161e-07
-1.9522e-06 -6.68064e-07
-1.55043e-06 -5.23372e-07
1.58975e-06 3.72035e-07
1.22126e-06 4.02341e-07
4.48948e-07 1.62922e-07
1.23132e-06 5.10708e-07
-1.31941e-06 6.96421e-07
1.71378e-06 3.31424e-07
-7.52733e-07 -1.85995e-07
-8.53668e-07 -2.09063e-07
1.81953e-06 1.09026e-07
-1.89977e-06 3.31446e-07
5.09018e-07 4.39408e-07
6.64245e-07 1.40944e-07
-9.07928e-08 1.72501e-08
-3.07218e-07 1.90137e-07
1.63207e-07 5.23215e-07
1.68916e-06 -2.10632e-07
2.18353e-06 -2.58874e-07
-1.4711e-06 6.77047e-07
-2.18933e-06 3.53145e-07
-1.72293e-06 -3.31802e-07
6.12418e-08 4.7998e-07
1.49362e-06 1.01124e-07
1.77731e-06 -1.38906e-08
1.93206e-06 -7.96062e-08
-1.3662e-06 2.15384e-07
1.1405e-06 2.8291e-07
9.92447e-07 -9.37451e-08
-6.13629e-07 9.21236e-08
1.31126e-06 -6.27821e-07
-1.71502e-06 5.09146e-07
-2.11264e-06 -1.77925e-07
-5.46318e-07 3.43063e-07
1.71825e-06 -5.0693e-07
1.45221e-06 -3.16076e-07
1.12346e-06 3.2133e-07
-2.06934e-06 -3.40072e-07
1.23383e-06 -5.2307e-07
-2.85656e-07 5.16527e-07
-1.51271e-06 4.3384e-07
-2.05014e-06 5.84525e-07
1.17473e-06 -3.6232e-07
-1.82326e-07 2.23066e-07
-8.06474e-07 3.47155e-07
7.37076e-08 -3.37228e-07
-1.59766e-06 -6.88446e-07
-1.87004e-06 1.39713e-07
1.79957e-07 4.79606e-08
1.44779e-06 -3.20564e-07
-1.52086e-06 -3.32347e-07
-1.26064e-06 -4.24813e-07
-1.16624e-07 -1.95147e-07
5.25294e-07 5.83532e-07
9.95542e-07 5.26304e-07
-1.5497e-06 3.29956e-07
1.6241e-06 -4.93149e-08
1.16316e-06 6.1817e-07
-4.51068e-07 -1.5812e-07
1.87392e-06 8.75746e-09
-1.85737e-06 6.14224e-07
-1.41604e-07 1.5937e-07
-1.51032e-06 3.85351e-07
1.54664e-06 -3.95073e-07
-1.43762e-06 6.52691e-07
-6.41132e-07 -2.95894e-07
2.72219e-07 -4.40752e-07
9.17213e-07 1.21529e-07
-1.72134e-06 2.15634e-07
-1.87157e-06 -6.10368e-08
4.68826e-07 -1.82024e-08
6.86164e-07 3.48066e-07
7.64192e-07 6.71405e-08
8.71834e-07 7.05972e-08
-7.96489e-07 1.77545e-07
-2.14926e-06 2.97993e-07
-3.22034e-07 -1.77894e-07
-1.37663e-06 3.08425e-07
5.13545e-07 2.70908e-07
-5.72832e-08 2.0313e-07
-1.39539e-06 -9.87889e-08
-1.96255e-07 2.08931e-07
5.20032e-07 -6.51027e-07
7.78877e-07 5.0699e-07
-2.13631e-06 -3.22237e-07
8.03155e-07 6.64223e-07
-3.22851e-07 6.96346e-07
6.32186e-07 -5.81674e-07
1.54594e-07 -5.9554e-07
-5.59467e-08 3.2909e-07
-1.06131e-06 -4.73092e-07
-3.61038e-07 6.63969e-07
-1.80869e-06 2.45647e-08
-1.79914e-06 -5.72455e-07
1.92913e-06 -3.51703e-07
-1.94946e-06 8.53099e-08
1.7985e-07 5.48073e-07
-1.78401e-06 -4.69481e-07
9.5804e-07 4.47967e-07
-4.7829e-07 -3.21287e-07
1.06266e-06 5.2077e-07
7.86555e-08 -2.42641e-07
1.88116e-06 1.28715e-07
-1.77996e-06 4.0012e-07
2.86704e-07 6.14189e-07
-4.06658e-07 4.73688e-08
-8.06666e-07 5.65084e-09
-2.03624e-06 -4.12842e-07
6.44594e-07 -6.31654e-07
1.69776e-06 -1.86302e-07
-4.44415e-07 -5.20432e-07
-1.63305e-06 4.79306e-07
-1.79714e-06 -3.81192e-07
5.46683e-07 4.90765e-07
1.9057e-06 -4.44545e-07
1.16237e-06 3.11084e-07
1.53062e-06 -2.934e-07
-5.03532e-07 3.52173e-08
-2.42896e-07 -1.16672e-07
1.27397e-06 4.2873e-07
1.41511e-06 5.81653e-07
1.60312e-06 6.62356e-07
-8.56725e-07 6.18967e-07
1.099e-06 4.01837e-07
-1.99528e-06 4.13465e-07
-1.48167e-06 -5.50513e-07
-2.1798e-06 6.92979e-07
1.61791e-06 -6.80095e-07
1.67475e-06 -3.55551e-07
3.14453e-07 3.17301e-07
-1.45141e-06 9.16326e-08
1.4448e-06 4.10962e-07
-2.36787e-07 -3.01873e-07
-1.03165e-06 4.52414e-07
-8.08128e-07 -9.88087e-08
1.56865e-07 -5.07086e-07
-1.3157e-07 -5.49624e-07
-2.42692e-08 4.29979e-07
-1.87089e-07 5.97078e-07
1.1827e-07 -1.37707e-07
-1.15465e-06 2.76022e-08
-2.47047e-07 1.59643e-07
-8.21943e-07 -5.95552e-07
-1.13859e-06 2.90597e-08
-4.06393e-07 5.68536e-07
4.33968e-07 -4.3393e-07
-2.16318e-06 -6.07104e-07
1.03694e-06 3.18295e-08
-7.21184e-07 -1.98939e-07
1.65887e-06 2.50493e-07
-9.31798e-08 -3.76524e-07
1.34274e-06 2.06777e-07
4.03811e-07 6.45887e-07
1.34329e-06 4.06442e-07
1.87488e-06 8.78513e-08
1.60941e-06 2.08797e-07
-1.46876e-06 -5.47691e-07
1.88924e-06 -1.60433e-07
5.43239e-07 -6.17045e-07
-7.55515e-07 -5.03646e-07
-5.36507e-07 1.36802e-07
1.64818e-06 9.38583e-08
4.00313e-07 5.40768e-07
-1.99645e-06 1.46197e-07
-2.04421e-06 4.73297e-08
-1.53683e-06 -4.93119e-08
1.51142e-07 3.07839e-07
1.38814e-06 -1.61338e-07
-1.94412e-06 6.06527e-07
-1.79104e-06 6.94448e-07
-3.83482e-07 5.39184e-07
1.08204e-06 5.56475e-07
-2.04516e-06 3.45296e-07
-2.9726e-07 6.68968e-07
-2.17848e-06 -2.99813e-07
4.71159e-07 -6.4291e-07
-2.01193e-06 -4.73431e-07
1.93421e-06 -5.36059e-07
-1.00643e-06 1.68137e-07
-1.46156e-06 -4.73281e-07
-1.76456e-06 2.6064e-07
-2.05205e-06 3.35415e-07
1.26483e-06 -3.31377e-07
-1.28854e-06 5.50041e-07
-1.75416e-06 5.62122e-07
-5.4194e-07 -5.11369e-07
1.53356e-06 9.68457e-08
-2.14003e-06 -4.52378e-07
7.32357e-07 5.05927e-07
8.03715e-07 -3.1112e-07
-2.11449e-06 5.83888e-07
-1.42658e-07 6.77378e-08
1.95925e-06 3.02842e-07
2.18021e-06 -2.64105e-08
2.58436e-07 -8.96273e-08
-2.19439e-07 -5.56884e-07
-1.31171e-07 -6.0209e-07
-1.97006e-06 3.56467e-07
-1.60994e-06 6.83218e-07
-1.22395e-06 -6.13143e-07
-8.70545e-07 4.97177e-07
-1.90644e-06 -2.82974e-07
-8.34763e-07 -3.32359e-08
-2.11797e-06 -5.57652e-07
1.31801e-06 1.30234e-07
6.19886e-08 -1.58872e-07
-4.15172e-07 -1.95871e-07
-2.18743e-06 6.63349e-07
1.95109e-06 -2.57816e-08
1.95112e-07 3.76714e-07
6.78036e-07 4.89201e-07
1.35602e-07 -3.92458e-08
1.84047e-07 -2.44847e-07
-2.78824e-07 5.63616e-07
1.72227e-06 -3.06029e-07
-1.06173e-06 -3.26053e-07
-7.36754e-07 -5.66725e-07
1.46067e-06 -4.32824e-07
1.79615e-06 2.03402e-07
-1.7336e-06 -6.35047e-07
2.51229e-07 5.64752e-08
-1.42915e-06 2.9146e-07
-1.54245e-06 -7.44411e-11
-7.52646e-07 1.04244e-07
-2.0803e-06 -5.87149e-07
-1.83159e-06 4.58236e-07
-1.22207e-06 5.07685e-07
1.14291e-06 4.35587e-07
-1.06867e-06 1.10947e-07
-1.9838e-06 6.92984e-08
1.15316e-06 -3.79374e-07
-1.13999e-06 1.74566e-07
3.70896e-07 6.60308e-07
1.44247e-06 -5.60249e-07
1.4267e-06 -3.25812e-07
-1.58866e-06 2.96835e-07
-1.5822e-06 3.89081e-07
-7.87139e-07 4.31004e-07
-1.79343e-08 2.59222e-08
-2.14497e-06 -5.81984e-07
-2.24648e-08 1.33369e-07
-1.09049e-06 2.73798e-09
-3.12076e-07 6.55139e-07
1.08905e-06 1.49642e-07
4.22081e-07 2.72255e-07
6.74909e-07 9.47574e-11
-2.0739e-06 9.69824e-08
-2.16375e-06 9.54412e-08
2.79557e-07 -1.13279e-07
-2.1975e-06 -4.81089e-07
1.4716e-06 -1.27832e-07
-1.58673e-06 4.99567e-07
-9.525e-07 1.50991e-07
-1.34856e-06 4.67405e-07
1.11416e-06 3.18299e-07
1.72844e-06 -5.91733e-07
-1.95696e-06 6.67566e-07
-1.4829e-06 -4.77274e-08
3.80768e-07 -1.30879e-07
-1.02003e-06 4.10301e-07
7.81184e-07 3.33233e-07
1.60832e-06 3.80969e-07
1.70541e-06 -6.14865e-07
1.78892e-06 -2.02304e-07
6.92058e-07 -1.46952e-07
-1.83895e-06 -3.5426e-07
1.53155e-06 9.05265e-08
2.92986e-07 9.36707e-08
-7.03681e-07 -6.75738e-07
-5.48174e-07 5.15903e-07
-9.46225e-07 -6.79149e-07
-8.13259e-07 -2.3706e-07
9.49535e-07 -5.01286e-07
-1.25434e-07 -5.20182e-07
-1.84407e-07 2.08391e-07
-1.83607e-06 -3.50345e-08
4.77967e-07 -1.74567e-07
-2.0293e-06 -5.42173e-07
1.10136e-06 5.44905e-07
9.90295e-07 -2.87572e-07
4.97623e-07 -4.29287e-07
9.08717e-07 -5.46232e-07
-1.75226e-06 5.26356e-07
1.45371e-06 -6.21105e-07
-1.89445e-06 -4.64785e-07
-1.64538e-07 -6.29591e-07
4.7152e-07 -3.65305e-07
1.68216e-06 1.68025e-07
5.67722e-08 -3.35343e-07
7.8175e-07 2.36606e-07
1.36856e-06 4.51661e-07
2.02217e-06 1.10365e-07
-4.50084e-07 -6.25623e-07
7.08746e-07 2.29288e-07
9.12518e-07 5.7218e-07
-5.37434e-07 6.27917e-07
1.53844e-06 1.25697e-08
-2.07672e-07 5.31781e-07
-3.43033e-07 3.722e-07
-7.39218e-07 -1.00728e-07
1.34404e-06 6.06526e-07
-1.3842e-06 7.13007e-09
8.56911e-07 4.34401e-07
-8.71579e-07 1.36746e-07
1.12598e-06 -2.79434e-07
1.19845e-06 -4.62346e-07
-1.01766e-06 1.55408e-07
-1.58788e-06 -3.89584e-07
-3.40496e-07 -3.87837e-07
1.07522e-06 -7.93076e-08
-1.42161e-06 -5.70374e-07
4.42345e-07 -2.94667e-07
1.85076e-06 5.68305e-07
1.00018e-06 2.87887e-07
-4.57147e-07 6.31277e-07
1.01864e-06 7.81788e-08
7.39332e-07 -5.53191e-07
-1.01262e-06 1.70896e-07
1.9531e-06 3.00641e-07
1.78444e-07 6.86228e-07
-1.76646e-06 -6.63566e-07
-1.98622e-06 6.33359e-07
-2.06065e-06 -1.64562e-07
1.87126e-06 5.38513e-08
-2.10403e-06 -4.94356e-07
1.56044e-06 -4.92885e-07
2.92638e-07 -6.78109e-07
1.74542e-07 -9.55381e-09
1.55329e-06 -3.2162e-07
1.38207e-06 2.27491e-07
-4.55735e-07 -1.31853e-07
-1.54868e-06 1.79392e-07
-5.79271e-07 2.03852e-08
6.76891e-09 -3.19831e-07
-6.79926e-07 -3.25254e-07
1.88456e-06 6.41094e-07
-1.5417e-06 2.25207e-07
-1.32109e-06 -2.59603e-07
1.93942e-07 6.51074e-07
-1.84814e-06 2.18708e-07
-3.90461e-07 -6.47348e-07
-1.03794e-06 5.60741e-07
8.99887e-07 -5.99893e-07
-1.74755e-06 5.75283e-07
-2.00405e-07 3.32368e-07
1.98748e-06 6.22683e-07
-2.19002e-06 -1.12287e-07
1.30424e-06 -1.88542e-07
-5.56536e-07 -2.45943e-07
-1.30566e-06 5.57014e-07
5.44557e-07 2.76585e-07
-7.51612e-07 2.70822e-07
-1.03346e-06 6.02844e-10
8.03702e-07 -5.04661e-08
-1.45914e-07 2.51661e-07
-6.90404e-07 6.36851e-07
-1.15023e-06 4.73884e-07
9.92972e-07 1.27286e-07
1.95488e-07 1.00574e-07
-1.83491e-06 -6.71035e-07
8.74488e-09 -1.02707e-07
-1.34912e-06 -1.77384e-07
2.12079e-06 9.86048e-08
1.97095e-06 1.95955e-07
1.53423e-06 1.46292e-07
1.12243e-06 -6.13031e-07
2.12634e-07 -4.8072e-07
-2.1893e-07 -5.12854e-07
-1.34941e-06 5.20453e-07
-2.11775e-06 3.41868e-07
-2.07899e-06 -4.85925e-07
1.71942e-06 3.46517e-08
2.0011e-06 -7.35281e-08
1.04882e-07 -4.88567e-07
-1.5176e-06 -1.90145e-07
2.05966e-06 -2.13846e-07
-5.68301e-07 -2.58837e-07
-1.44303e-06 1.26002e-07
5.57896e-07 -3.43357e-07
-2.17448e-06 -3.15939e-07
-3.80692e-08 -5.52629e-07
-4.60554e-08 3.44019e-07
2.33209e-07 2.09249e-07
-2.16547e-07 -5.66669e-07
1.14967e-06 4.28604e-07
1.16898e-06 5.21222e-07
-1.25249e-06 -3.80886e-07
3.14706e-07 6.38303e-07
5.6696e-07 9.6112e-08
1.85115e-06 -3.11194e-07
1.4316e-07 -1.34132e-07
-5.70766e-07 -6.05741e-07
1.53674e-06 -3.3507e-07
-1.18915e-06 6.6757e-07
1.47113e-06 -4.34755e-08
1.65607e-06 -6.82215e-07
6.70822e-08 -2.70684e-08
-1.55134e-06 -1.68592e-07
-1.36727e-06 -3.19054e-07
-1.97352e-06 -4.19381e-07
1.64548e-06 6.4174e-07
1.91826e-06 2.61325e-07
-1.72554e-06 3.3565e-07
-1.56356e-06 2.61054e-07
-6.60176e-07 8.01751e-08
1.31301e-06 3.3723e-07
1.45311e-06 -3.25526e-07
1.37063e-06 -4.52031e-07
1.92282e-06 6.30815e-07
-1.50125e-06 6.90942e-07
-1.08904e-06 2.02549e-07
-1.08409e-06 5.7523e-07
-2.44035e-07 -4.34251e-07
1.49651e-06 6.26689e-07
-2.59135e-07 1.69411e-07
1.63737e-06 2.60614e-07
7.42804e-07 -5.09802e-07
-1.44876e-06 4.45254e-07
-1.97993e-06 4.10324e-07
-1.16681e-06 -1.79916e-07
6.56593e-07 5.13117e-07
1.65731e-06 6.38603e-07
-2.0372e-06 4.60745e-07
9.45226e-07 4.21224e-07
1.27023e-07 3.52413e-09
1.52191e-06 6.80905e-07
-8.51755e-07 -1.52659e-07
-1.53415e-06 -1.33222e-07
-1.44622e-06 2.88202e-07
1.37665e-06 -5.4318e-07
7.15856e-07 5.46558e-07
-1.1905e-06 -6.1125e-07
-1.65421e-06 -1.15061e-07
3.33095e-07 -6.0956e-07
-4.166e-07 -1.76461e-07
-2.06983e-06 -1.19722e-08
-7.67485e-08 -4.33859e-07
9.34713e-07 -6.84173e-07
-4.2433e-07 -1.70752e-08
5.40454e-07 -3.79371e-07
-1.54118e-06 3.52691e-07
1.72184e-06 -3.11181e-07
6.57667e-07 -5.26095e-07
-1.11653e-06 1.99157e-07
1.47177e-06 -4.57388e-07
-1.1265e-06 2.88003e-07
1.38318e-06 -3.99453e-07
-1.55956e-06 4.79025e-07
1.79721e-06 -5.56614e-07
-5.23435e-07 6.43237e-07
-1.03823e-06 1.43841e-07
4.28252e-07 4.55687e-07
4.99419e-08 -4.81889e-07
-1.49587e-06 -3.08679e-07
1.15693e-07 -1.40571e-07
2.71181e-07 5.51004e-07
-1.01644e-07 5.17719e-07
1.47524e-06 -3.99263e-07
8.68375e-07 -5.39673e-07
9.18816e-08 -1.04312e-07
-1.95169e-06 -1.82675e-07
-1.40533e-06 -6.94833e-07
-1.54265e-06 5.50624e-07
8.13407e-07 -3.58515e-08
-1.80247e-06 -2.49378e-07
7.88379e-07 -4.96776e-07
1.79709e-06 4.04953e-07
-9.69574e-07 3.65893e-07
-1.80241e-07 4.45165e-07
-1.92889e-06 -5.61469e-07
1.10009e-06 2.84301e-07
-2.10978e-07 -2.77816e-07
7.95802e-07 5.84409e-07
-8.38319e-07 -2.98927e-07
-8.95547e-07 2.7793e-08
-8.19489e-07 -3.86853e-07
-4.27177e-07 3.2232e-07
-1.67e-06 2.79415e-07
-2.80934e-07 -3.92112e-07
-1.59721e-06 -3.6324e-07
6.24189e-07 -5.83945e-07
-2.04639e-06 2.7798e-07
3.30339e-07 3.17592e-07
-3.91301e-07 4.58439e-08
-1.07533e-06 6.80883e-07
-2.00057e-06 1.57882e-07
1.80719e-06 1.4595e-07
-1.64084e-06 2.51693e-07
3.22753e-07 4.40701e-07
-5.09204e-07 -1.40847e-07
-2.1405e-06 -7.42222e-08
-1.60548e-06 -2.33365e-07
-1.62301e-06 3.8771e-08
1.03533e-07 4.55524e-07
-6.90809e-07 1.78214e-07
1.25033e-06 -6.24315e-08
9.42805e-07 2.20048e-07
1.97541e-06 -7.74829e-09
1.27754e-06 1.22124e-07
-2.03078e-06 -3.38225e-07
-1.70741e-06 2.49685e-07
-1.86468e-06 6.22368e-08
-1.56821e-06 5.78552e-07
-2.99514e-07 3.12451e-07
1.63674e-06 3.10459e-08
-6.7586e-07 6.78142e-07
1.65516e-06 4.03096e-07
1.1872e-06 1.10029e-07
-9.15504e-07 5.19369e-07
1.47025e-06 -3.66181e-08
1.01975e-06 -1.25342e-08
6.34506e-07 5.58355e-07
-1.6224e-07 -1.09217e-07
2.15233e-06 -6.56393e-08
-3.54647e-07 -4.22218e-07
-6.11239e-07 8.20274e-08
-6.04241e-07 -5.17834e-07
5.17369e-07 2.74991e-07
-2.34416e-07 -4.69286e-07
2.20927e-07 -4.2295e-07
-4.45994e-07 -5.58649e-07
-7.44518e-07 -1.68033e-08
-8.18751e-07 6.28618e-07
1.29152e-06 3.67479e-07
1.84677e-06 -7.92448e-08
6.0855e-07 -4.82348e-08
9.15181e-07 1.29801e-07
2.15209e-06 -4.08277e-10
-2.11054e-06 1.20194e-07
-1.16878e-06 3.6656e-07
-1.58743e-06 3.71705e-07
-3.31683e-07 -6.96493e-07
-5.65117e-07 -1.26247e-07
-1.91943e-06 -3.53528e-07
-2.29254e-08 3.50868e-07
1.61038e-06 2.67863e-07
-2.13446e-06 6.70689e-07
1.20481e-06 1.35677e-07
-1.18359e-06 1.19395e-07
1.78766e-06 6.90573e-07
1.02593e-06 -3.31122e-07
4.14173e-08 -1.73263e-07
-7.67049e-07 -4.53928e-07
2.0047e-06 -6.81609e-07
-5.717e-07 1.93288e-07
-1.84052e-07 6.1357e-07
-4.51646e-07 -5.64236e-07
2.15261e-06 5.44276e-07
-3.34494e-07 6.73366e-07
-5.39176e-07 5.22222e-07
1.0777e-06 3.46755e-07
5.42469e-08 2.13642e-07
-1.57154e-06 3.30661e-07
-8.1408e-07 -4.54774e-07
1.21915e-06 3.62416e-07
2.13952e-07 -1.0234e-07
1.20971e-06 -6.33008e-07
1.12335e-06 -5.78667e-07
-3.55143e-07 9.38195e-08
8.89393e-07 -6.35051e-07
-1.84851e-06 -3.46383e-07
-6.41226e-07 1.25229e-07
-1.22731e-06 -8.13729e-08
-2.06534e-08 1.15423e-07
1.68225e-06 -1.75354e-07
1.13625e-06 -6.37766e-07
-1.06299e-06 3.6413e-07
-1.68222e-06 -3.64898e-07
1.13005e-06 -2.7976e-07
6.40145e-07 -5.9434e-07
-3.61809e-07 -6.49637e-07
7.51699e-07 6.27831e-07
-9.41866e-07 1.47931e-07
1.62981e-06 -4.23485e-07
-4.69553e-07 -5.69228e-07
-4.9576e-07 -4.95793e-07
-1.37495e-06 -5.39481e-07
2.19506e-06 4.95675e-07
1.18403e-06 1.02621e-07
6.27445e-07 -5.87151e-07
5.5691e-07 2.69065e-07
1.49844e-06 -1.51935e-07
-2.00147e-07 3.16025e-07
-1.06958e-06 3.83016e-08
2.16255e-06 -1.86009e-07
5.94525e-07 -3.21093e-07
2.45565e-07 -1.89519e-07
-6.35915e-07 -1.12882e-07
4.82851e-07 4.03591e-07
1.27414e-06 -1.79041e-07
1.4404e-06 3.22091e-07
1.75347e-06 -2.95957e-07
-1.67014e-06 -8.95271e-08
8.74448e-07 5.24616e-07
-1.82945e-06 -4.43381e-08
-8.99255e-07 5.32146e-07
-1.16678e-06 5.28658e-07
1.90503e-06 -6.80789e-08
-6.93755e-08 1.22643e-07
2.65819e-07 -6.70625e-07
-8.6671e-07 -3.80264e-07
-1.94249e-06 6.00436e-07
1.54127e-06 4.90918e-07
7.24547e-07 -4.74452e-08
-2.0309e-06 2.95861e-07
6.38485e-07 1.50662e-07
-7.48321e-07 6.80886e-07
-6.48831e-07 4.39452e-07
-2.49454e-08 -2.03245e-07
9.52898e-07 4.27164e-07
-1.13022e-06 3.01925e-07
-1.68382e-06 2.0731e-07
-4.56823e-07 -6.25918e-07
-2.0545e-06 4.72055e-07
-1.89458e-06 -6.79385e-07
-1.78335e-06 4.07245e-07
8.72457e-07 -2.56059e-07
-3.14628e-07 6.60954e-07
8.27008e-07 -4.70291e-07
8.85051e-07 -5.3524e-07
-6.3576e-07 -1.07172e-07
8.42328e-07 5.91131e-07
1.78357e-08 6.46477e-07
-2.80449e-07 2.15451e-07
-4.59523e-07 6.61019e-07
-1.06256e-06 1.48903e-08
7.04656e-09 3.26069e-07
-3.75372e-07 5.2534e-08
2.3154e-07 -5.55583e-07
-1.08371e-06 -5.41034e-07
-1.7076e-07 -1.40158e-07
1.76497e-06 -2.77607e-07
-1.6649e-06 -4.93215e-07
3.89364e-07 -5.21939e-07
-6.89425e-07 -1.5356e-07
-2.03538e-06 7.91691e-08
-1.06907e-06 3.369e-07
-1.96785e-07 -5.24278e-07
2.97783e-07 -2.63358e-07
1.57998e-06 6.59585e-07
2.11377e-06 6.64989e-07
1.68573e-07 3.45031e-07
-1.78095e-06 -3.68344e-07
1.24082e-06 -2.20721e-07
1.26861e-06 -3.18871e-07
-5.25624e-07 3.59174e-07
-1.85578e-06 -6.79943e-07
-4.03868e-07 2.53281e-07
-5.05188e-07 3.0188e-07
-1.73885e-06 2.60601e-07
1.2055e-06 2.0071e-07
8.25942e-07 -4.23177e-07
7.06419e-07 -6.02804e-07
5.54574e-07 -3.83903e-07
-4.76468e-07 -6.31858e-07
-2.45577e-07 7.12935e-08
1.9481e-06 3.34466e-07
4.03374e-07 -1.34431e-07
2.63293e-07 -5.3298e-07
-7.1295e-07 -1.79911e-07
-3.17653e-07 1.87541e-07
-8.51179e-07 5.61301e-07
-1.94491e-06 1.7355e-08
1.52032e-06 -6.16237e-07
-1.08001e-06 -5.3872e-07
7.55141e-07 -1.6438e-07
1.98067e-07 -5.68428e-08
2.05962e-06 1.0514e-07
-1.36228e-06 -3.3702e-07
-7.56378e-07 -1.85158e-07
5.60423e-07 -5.67414e-07
9.37359e-07 4.16445e-07
2.91627e-07 6.9977e-08
-1.45894e-06 -4.58541e-07
7.84297e-07 -1.00265e-07
4.88477e-08 -4.50841e-07
2.04344e-06 5.64155e-07
1.81692e-06 -4.76126e-07
5.72452e-07 -3.89286e-07
1.84828e-06 6.37179e-07
6.66615e-07 5.78924e-07
9.6168e-08 3.27517e-07
-1.35482e-07 2.77402e-07
-1.4036e-06 5.94311e-07
1.04576e-06 6.31412e-07
2.02463e-06 1.94686e-07
-1.31067e-06 -5.16327e-07
2.13819e-06 -1.6104e-07
-1.1582e-06 -1.32217e-07
-1.33431e-07 -1.39841e-07
-5.25183e-07 -5.71349e-08
8.34408e-07 -5.19451e-07
5.5316e-07 1.53124e-07
-2.01169e-06 -6.82903e-07
-2.03386e-06 -5.03478e-07
4.62021e-07 3.12456e-07
-1.60539e-06 -6.02329e-07
-2.03172e-06 -6.0474e-08
-1.47573e-06 -5.84866e-08
-1.738e-06 -6.30319e-08
6.60078e-07 5.89286e-07
1.81645e-06 -1.00645e-07
1.44853e-06 4.31092e-07
1.36997e-06 -6.98631e-07
2.04949e-06 -5.16545e-07
-1.73352e-06 -4.33812e-07
1.38117e-06 2.29459e-07
2.60526e-07 1.84448e-07
-2.09401e-06 -1.956e-07
-1.17419e-06 -5.64209e-07
-5.90916e-07 6.59992e-07
-1.84558e-06 2.26353e-07
-1.41714e-06 -4.50649e-07
1.17015e-06 -1.55126e-07
1.05172e-06 -3.03076e-07
-1.65487e-06 -5.96549e-07
2.17433e-06 3.45601e-07
-1.67627e-06 1.75715e-08
-1.40026e-06 -3.02668e-07
-7.66557e-09 -1.65382e-07
-1.96983e-06 -5.75701e-08
1.05826e-07 3.78531e-08
-2.06469e-06 -3.4055e-07
4.98508e-07 -6.53814e-07
5.40298e-07 1.88726e-07
6.0496e-07 -4.64955e-07
-1.69722e-06 1.81435e-07
-6.35488e-07 -1.93739e-07
1.1866e-06 -5.93054e-07
3.81141e-07 6.31247e-07
3.55484e-07 2.00742e-09
-2.04389e-06 7.15338e-08
-2.10055e-06 -6.07368e-07
-5.4989e-07 3.6025e-07
7.62703e-07 -5.30456e-07
-1.43484e-06 4.01326e-07
1.60877e-06 3.99554e-07
2.01933e-07 2.71537e-08
1.92983e-06 -6.56491e-07
4.4748e-07 3.30354e-07
5.42722e-07 -6.62099e-07
2.00828e-07 6.44301e-07
-1.36229e-06 6.4396e-07
-1.14141e-06 -2.95333e-07
1.1347e-06 1.25893e-07
-1.80562e-07 -6.48763e-08
1.62093e-06 -6.62542e-08
-6.96818e-07 -1.70069e-07
-4.1883e-07 2.25819e-07
-1.63962e-06 -4.71903e-07
2.18628e-06 6.11881e-07
1.79369e-06 3.51987e-07
3.02596e-09 -2.7544e-07
-1.3903e-06 3.56122e-07
1.92767e-06 -2.27042e-07
3.03884e-07 6.87131e-07
1.11191e-06 -6.03948e-07
-6.77493e-08 -4.72553e-08
7.86186e-07 -3.45435e-07
-7.95693e-07 2.25187e-07
-7.23865e-07 -6.06474e-07
-9.83592e-07 5.30776e-07
4.7663e-07 4.20701e-07
1.5834e-06 5.5379e-07
1.60398e-06 1.437e-07
2.04816e-06 -6.62247e-07
3.64383e-07 3.99645e-07
1.82995e-06 -2.63799e-07
1.78368e-06 -2.87844e-07
-1.44502e-06 -1.33325e-07
-1.58789e-06 6.79021e-07
1.67447e-06 -5.63682e-07
-9.12649e-07 -1.71807e-08
5.33366e-07 -3.28952e-07
-4.26988e-07 -6.40546e-07
2.16804e-06 3.45688e-07
-4.27299e-07 3.7114e-07
-1.45028e-06 5.43747e-07
2.09163e-06 -1.26426e-07
-1.96638e-06 -4.90454e-07
1.50489e-06 -5.45015e-07
-4.80653e-07 1.81858e-07
-1.46724e-06 3.33583e-07
-7.55517e-08 -1.73986e-07
2.13239e-06 -4.71528e-07
-1.18807e-06 -6.10845e-07
2.67864e-07 -6.3552e-07
-1.60375e-06 1.74937e-07
-4.24412e-07 -7.34899e-08
9.23318e-07 -2.87886e-07
-2.13155e-06 -6.39977e-07
1.4082e-06 -5.43163e-07
-1.69426e-06 3.88167e-07
-1.09522e-06 -3.77722e-07
8.52666e-07 5.72641e-07
5.02087e-07 -5.95299e-08
6.96648e-07 -1.30151e-07
-5.85119e-07 4.82186e-07
-1.99378e-06 6.68546e-07
-2.45803e-07 5.78822e-07
-1.01044e-06 -1.96411e-08
-6.79003e-07 -6.23609e-08
1.93551e-06 6.11965e-07
-2.16357e-06 2.65285e-07
-1.40404e-06 -2.00582e-07
-1.42994e-06 4.09263e-07
2.17063e-06 -4.27055e-07
1.18206e-06 -2.88171e-07
2.19306e-06 -5.43432e-07
-1.48856e-06 -6.84419e-07
1.85436e-06 1.80935e-07
-1.11007e-06 -6.02493e-07
2.30461e-07 -2.81354e-07
-4.63496e-07 2.53179e-07
4.86418e-07 5.68469e-07
-1.87321e-06 4.17682e-07
2.11367e-07 4.46723e-07
1.5819e-06 4.61742e-07
1.19746e-06 9.03916e-08
1.40587e-06 1.24428e-07
-9.21129e-07 6.38963e-07
1.01194e-06 -2.14361e-07
1.30605e-06 2.67873e-07
-8.20631e-07 -1.33193e-07
-1.38392e-06 -3.84294e-07
-2.17404e-08 -2.9904e-07
-1.98851e-06 -1.97952e-07
3.57028e-07 1.81774e-07
-5.52606e-07 1.77942e-07
8.70548e-07 6.8425e-07
6.05767e-07 -3.04756e-07
1.11776e-06 2.78295e-07
9.71727e-07 -6.74179e-07
2.33407e-07 7.29807e-08
-1.94917e-06 5.63981e-07
-1.05292e-06 3.01878e-07
1.225e-06 5.18843e-07
-1.74426e-06 -9.21897e-08
1.03936e-07 2.19497e-07
1.94863e-06 -7.84046e-09
1.64042e-06 -6.83973e-07
-8.33984e-07 5.65057e-08
-1.95963e-06 2.97013e-07
-4.63613e-07 -1.58645e-07
4.16746e-07 -4.65143e-08
-2.34662e-07 -1.95289e-07
-1.01992e-07 3.69637e-07
-1.90656e-06 4.24112e-07
-7.42423e-07 5.28357e-07
-1.00896e-07 -2.63742e-07
-6.0695e-07 -6.29558e-07
5.73362e-07 -3.08496e-07
1.19346e-06 -9.65927e-08
1.1629e-06 -4.7799e-07
-1.43295e-07 2.95301e-07
1.41044e-07 -1.82297e-07
-1.04137e-07 -6.17069e-07
-1.51129e-07 2.42819e-07
1.25488e-06 -2.25027e-07
7.80953e-08 -6.89841e-07
1.84252e-06 4.72928e-07
4.55109e-07 -8.96417e-08
5.44304e-07 4.78221e-07
-1.91571e-06 -1.11087e-07
-2.88055e-08 2.35129e-07
-2.10087e-06 -5.94458e-08
1.39648e-06 2.00071e-07
-9.91398e-07 1.79466e-07
9.24121e-07 1.62687e-07
1.42946e-07 5.68019e-08
1.87239e-06 -3.04862e-07
2.01048e-06 -2.00756e-07
4.05389e-07 -5.29589e-07
-2.42127e-07 -4.25217e-07
5.22078e-07 1.73771e-07
2.13066e-07 5.17412e-07
-1.63892e-06 5.59284e-07
-2.16536e-06 5.40469e-07
-1.05944e-06 3.66497e-07
-1.07246e-06 4.91479e-07
-1.59143e-06 -4.01414e-08
-4.16937e-07 -4.70176e-07
1.15578e-06 1.74862e-07
2.03007e-06 -8.16811e-08
-1.57998e-06 2.08356e-07
-2.10878e-06 5.00286e-07
2.63197e-08 -5.52248e-07
1.3023e-06 5.31443e-07
1.16173e-06 -3.06086e-07
2.15127e-06 4.55623e-07
-1.16464e-06 3.49792e-07
6.2461e-07 -1.77716e-07
7.95539e-07 2.78804e-08
2.08135e-06 3.25607e-07
4.34703e-07 -3.12853e-07
-1.26789e-06 4.04216e-07
-1.23865e-06 -1.21575e-07
-3.43286e-07 -5.50882e-07
-1.53602e-06 -4.32511e-07
-8.19943e-07 -5.49058e-07
-9.52044e-07 5.71164e-07
-2.07369e-06 4.02587e-07
4.80083e-07 1.43259e-07
1.96658e-06 -1.8838e-07
1.99014e-06 6.38779e-07
1.05215e-06 1.16832e-07
6.71984e-07 6.20479e-07
-1.92946e-06 3.94716e-07
-3.05357e-07 2.98568e-07
-1.41607e-06 3.99378e-07
1.14154e-06 4.74879e-07
9.52156e-08 -3.06455e-07
1.4691e-06 4.82705e-07
7.00722e-07 -1.40017e-07
-1.11657e-06 1.44994e-07
1.05698e-06 5.21299e-07
-1.06866e-06 -7.01427e-08
2.36424e-07 -4.33984e-07
1.57432e-06 -8.47682e-08
5.16199e-07 4.59624e-07
-2.1772e-06 5.29451e-07
-1.5892e-06 -9.43232e-08
2.10179e-06 2.42592e-07
2.03156e-06 2.60872e-07
-4.85822e-09 9.38983e-09
8.09374e-07 -3.56604e-07
-8.62798e-07 3.55785e-07
-1.9587e-06 3.69363e-08
1.6061e-06 -3.42188e-08
-1.75202e-06 5.74162e-07
1.58902e-06 -4.35662e-07
-8.30284e-07 -6.06589e-07
-1.08509e-06 4.38018e-07
-7.86664e-07 6.1062e-08
-1.90254e-06 -3.58439e-07
4.57965e-07 -5.70951e-07
1.20614e-06 -4.55403e-07
8.14124e-07 3.11222e-07
-5.00301e-07 -1.02845e-08
-3.34105e-07 -4.27906e-08
-1.28361e-07 6.52177e-07
-1.42638e-06 3.86495e-07
1.11678e-08 -3.58976e-07
-1.85496e-06 -1.91434e-08
6.67083e-07 -1.79202e-08
2.19125e-06 3.19078e-07
-1.15276e-06 -1.68698e-07
2.0035e-06 2.32957e-07
8.63838e-07 4.38391e-07
-2.01658e-06 2.03482e-07
1.71404e-07 -5.15478e-07
1.31065e-06 6.56213e-07
1.6709e-06 2.61395e-08
-8.02682e-07 6.3625e-07
5.29027e-07 -6.2377e-07
1.21537e-06 5.57034e-08
-2.95266e-07 -9.58149e-08
-1.65177e-07 -1.36732e-07
-1.75677e-06 -3.72165e-07
-5.81512e-07 -2.94676e-07
1.51624e-07 1.22984e-07
-1.69588e-08 3.45078e-07
1.45414e-06 -1.63341e-07
-1.31194e-06 -2.9964e-07
6.20214e-07 -6.59745e-07
-5.94925e-07 5.93454e-07
3.72172e-07 -5.55159e-07
2.042e-07 3.28813e-07
5.43779e-07 5.85931e-10
-6.5212e-07 -6.4487e-07
1.21459e-06 -6.08734e-08
-1.86659e-06 5.51021e-07
1.52768e-06 -3.38178e-07
1.35465e-06 2.68236e-07
5.04485e-08 5.36116e-07
-1.91557e-06 -5.2079e-07
1.44791e-06 -6.26821e-07
-1.65483e-06 6.89081e-07
-1.05989e-06 6.87016e-07
1.95945e-06 3.3114e-07
4.47491e-07 3.94493e-07
-1.22498e-06 -6.67653e-07
1.30087e-06 -2.3777e-07
-8.11342e-07 -2.0298e-07
1.55014e-06 4.65279e-07
1.10011e-06 -2.87707e-07
1.78928e-06 -3.17385e-07
1.40534e-06 6.77465e-07
4.64331e-07 3.11517e-08
-4.71095e-07 4.83333e-07
-1.113e-06 -2.33349e-07
-4.6295e-08 5.09586e-07
-3.8789e-07 -4.21119e-07
1.637e-06 -3.30282e-07
-1.53605e-06 8.54736e-08
1.45501e-06 -3.49317e-07
1.27978e-06 2.68321e-08
-6.8682e-07 4.73553e-07
2.02998e-06 1.49881e-07
1.30819e-06 5.96657e-07
-7.31511e-07 6.93436e-07
-1.71038e-06 5.72802e-07
5.51706e-07 -6.45267e-07
-2.10763e-07 -5.50502e-07
9.8146e-07 2.11266e-07
-1.00505e-06 -4.06918e-07
2.92476e-08 4.25313e-07
-1.05577e-07 6.28649e-07
2.18132e-06 1.48788e-07
-6.93446e-07 2.68543e-07
-1.26079e-06 -1.69807e-07
2.01573e-06 -2.93482e-07
-8.64967e-07 -1.65704e-08
-1.87547e-06 -1.48156e-07
6.49397e-07 -6.28668e-07
-2.02684e-06 2.25348e-07
4.45701e-07 -3.28875e-07
1.73235e-06 6.35415e-07
9.72422e-07 -3.90439e-07
2.17402e-06 -6.08098e-07
-6.31344e-07 -4.51702e-08
-8.72289e-07 -4.42428e-08
-2.03623e-06 1.264e-07
1.63854e-06 2.85651e-07
1.30045e-06 -1.9165e-07
6.75236e-07 -6.19562e-07
-2.02705e-06 4.95883e-07
-8.05774e-07 4.42033e-07
1.66377e-06 6.53602e-07
2.19086e-06 1.24382e-07
-1.18437e-06 2.5394e-07
2.0715e-06 -1.20181e-07
5.2662e-07 1.80978e-07
2.01796e-06 -1.24687e-07
1.78671e-06 3.78211e-07
-1.75377e-06 -6.48682e-07
1.99512e-06 -6.10954e-07
-8.11584e-07 3.48681e-07
9.51455e-07 1.07147e-07
-1.59507e-06 -5.77473e-07
8.58651e-08 -6.96805e-07
-2.13574e-06 -1.37615e-07
9.16014e-07 1.12087e-07
-1.60983e-06 6.96985e-07
-2.18816e-06 5.53136e-07
-7.39983e-07 -9.19134e-08
-6.7557e-07 -6.68486e-07
-2.06012e-06 -5.27957e-07
2.97802e-07 -1.68363e-07
-1.69723e-06 6.9049e-07
-3.40971e-07 -4.04223e-07
-2.12396e-06 -4.81018e-07
-1.52249e-06 -3.99392e-07
8.469e-07 -3.50219e-07
1.76272e-06 -3.54803e-07
1.55089e-06 -5.80315e-07
-2.17795e-06 6.32886e-07
3.02883e-07 -4.34344e-07
-2.1466e-06 -5.90239e-07
1.94151e-06 3.4496e-07
-1.018e-06 -2.79244e-07
1.69726e-06 -9.8543e-08
7.15563e-07 -1.31197e-07
-9.79103e-07 4.32086e-07
-8.69136e-07 5.42428e-07
1.09373e-06 6.37426e-07
-1.45808e-06 -9.29491e-08
-1.91797e-06 5.67652e-07
1.71556e-06 -3.03027e-07
-8.43885e-07 4.71581e-07
1.90786e-06 4.81814e-07
4.52367e-07 -4.83423e-07
-1.33078e-06 -4.80959e-07
1.16983e-06 -4.12969e-08
-3.99145e-07 4.2329e-07
-5.37956e-07 -2.96151e-07
-1.48332e-08 -6.38055e-07
1.98246e-06 4.50521e-07
1.09515e-06 5.3287e-07
-1.56087e-06 2.32765e-07
-8.52352e-07 -4.63295e-07
1.27852e-06 -3.41905e-07
-5.09475e-07 1.20438e-07
7.05944e-07 -2.62127e-08
-1.30114e-06 1.8704e-07
6.95934e-07 -6.91423e-07
1.99377e-06 -2.38356e-07
-1.58463e-06 -1.30276e-07
1.28633e-06 -1.49216e-07
-5.35539e-07 4.13601e-08
7.62275e-07 -5.8893e-07
1.51932e-06 5.90054e-07
-1.51597e-06 -4.03135e-08
-1.38681e-06 -4.18815e-07
-1.11213e-06 4.76858e-07
-1.79587e-06 3.23233e-07
3.48059e-07 -5.6593e-07
1.48973e-06 -6.38735e-07
1.69031e-06 3.92899e-07
-1.42378e-06 -1.17802e-07
-2.50662e-07 -3.71672e-07
3.98917e-07 3.44077e-07
-1.42245e-06 -7.21029e-08
-1.94453e-06 5.46783e-07
-5.5855e-08 -1.76434e-07
8.15879e-07 -2.88487e-07
-1.57366e-06 1.7715e-07
-1.54124e-06 -1.21364e-07
7.58604e-07 3.191e-08
1.15164e-06 -4.96193e-07
-9.82899e-08 6.20966e-07
6.38999e-08 -5.58036e-07
3.74532e-07 4.57388e-07
1.53318e-06 -1.69156e-07
1.32853e-08 5.83787e-07
-2.77391e-07 6.33281e-07
-1.34858e-07 2.05095e-07
-1.58051e-06 2.98709e-07
9.43983e-07 -1.51162e-07
8.86835e-07 1.48109e-07
-2.16976e-06 -1.52109e-08
-1.24156e-06 -6.60656e-07
6.00409e-07 -5.8894e-07
-1.05798e-06 -6.69255e-07
-1.19822e-06 -5.78253e-07
-1.79075e-06 5.45756e-07
-3.8321e-07 6.66428e-07
1.02501e-06 -2.67135e-07
2.96438e-07 5.85048e-07
-6.50422e-07 3.49592e-07
2.01431e-06 6.74167e-07
-9.26536e-07 2.34661e-07
2.01401e-06 -2.16014e-07
1.33259e-06 5.20115e-07
1.09102e-06 4.58226e-07
1.09727e-06 7.48957e-08
-5.34807e-07 -4.87357e-07
1.77377e-06 -1.05776e-07
-1.28056e-06 2.23529e-07
-1.56879e-06 5.21112e-07
-2.14605e-06 8.09478e-08
-1.17719e-06 -3.452e-07
-6.72903e-08 5.35541e-07
9.50113e-07 4.68161e-07
1.55198e-06 -8.55653e-08
-2.64572e-08 2.76585e-07
1.79692e-06 -3.08151e-07
2.06727e-06 -3.38071e-07
-1.07298e-06 -4.94256e-07
1.87831e-07 4.26216e-07
1.24671e-06 -5.73576e-07
6.96953e-07 -2.35843e-07
1.08478e-08 3.27558e-07
-1.0491e-06 4.69557e-07
1.3587e-06 -2.96653e-07
7.91778e-07 -3.50126e-07
3.15165e-07 4.90604e-07
8.39798e-08 1.89113e-07
2.72356e-07 6.96174e-07
1.12421e-06 1.14112e-07
-3.15307e-08 1.43135e-07
1.68047e-07 -4.63677e-08
8.66443e-07 5.84564e-07
1.71582e-06 -2.61244e-07
7.2698e-07 4.40692e-07
1.18411e-06 1.72849e-07
1.62837e-06 1.67396e-07
-7.05936e-07 5.31853e-07
-4.00458e-07 -5.75727e-07
2.07245e-06 6.52652e-07
-7.57477e-07 -2.12388e-07
5.94118e-07 3.09704e-07
-1.73429e-06 6.74615e-07
5.39185e-07 4.88743e-07
-6.51514e-07 -5.00785e-07
2.00728e-06 -7.89855e-08
1.47848e-06 1.33683e-08
-1.74892e-06 -4.11705e-07
-2.03466e-06 -1.45502e-07
-5.24145e-07 -6.71324e-07
3.07433e-07 -1.60038e-08
-1.80849e-06 4.70572e-07
1.81149e-06 -3.35926e-07
3.28886e-07 -5.0659e-07
2.1763e-06 4.9196e-07
-1.41232e-06 -1.0721e-07
-1.57346e-06 -2.53287e-07
1.49152e-06 2.73814e-07
4.25446e-07 1.43332e-07
1.62115e-06 3.37354e-07
-1.10283e-06 7.8188e-08
2.94453e-07 -6.07438e-07
-9.55629e-07 -4.1124e-07
-4.54289e-07 -1.9375e-07
-1.33306e-06 2.38632e-07
-1.10809e-06 -5.52418e-07
3.55409e-07 -6.33679e-07
-1.46265e-06 -4.97305e-07
-1.44543e-06 -4.94266e-07
-1.33072e-06 -6.27532e-07
1.58346e-06 1.05339e-07
-2.12259e-06 -6.26705e-07
-5.46719e-08 5.24688e-07
1.71003e-06 3.65366e-07
-9.09515e-07 -3.6849e-07
-3.25765e-07 -1.88959e-07
-8.6976e-07 4.4685e-07
-1.32475e-06 1.87046e-07
-1.84869e-07 5.18865e-07
-1.06999e-06 -4.55465e-07
-6.58547e-07 2.33371e-07
4.71243e-07 -3.77963e-07
1.85097e-06 4.98841e-07
-1.81261e-06 5.72007e-07
-1.97473e-07 3.64955e-07
-5.55315e-07 5.47168e-08
2.06294e-06 -5.77672e-07
1.3688e-07 1.14008e-07
-1.10079e-06 6.62441e-07
-9.05912e-07 5.5413e-07
9.61148e-07 1.0044e-07
-2.08997e-06 5.88386e-07
3.76101e-07 -4.43337e-07
1.78914e-06 -1.22559e-07
-3.60356e-07 -3.99196e-07
3.04812e-07 4.15145e-07
-1.13645e-06 4.1727e-07
-6.24569e-07 5.49669e-07
-1.12596e-06 4.28944e-07
-2.49307e-08 4.47041e-07
-4.71473e-07 -6.78566e-07
6.79601e-07 5.59265e-07
-1.85134e-06 4.62651e-07
-3.65621e-07 -5.20278e-07
1.81698e-06 -5.20091e-07
8.54188e-07 -2.04979e-09
-6.64031e-07 -4.65164e-07
-1.98229e-06 -2.29824e-07
2.0495e-06 -4.4746e-07
1.69662e-06 -4.87209e-07
2.0415e-06 5.5633e-07
-1.28078e-06 3.49586e-08
1.22334e-06 -3.65699e-07
-1.41378e-06 -3.87157e-07
-8.35285e-07 5.39244e-07
2.02677e-06 6.90645e-07
1.16194e-06 -1.34778e-07
-6.28342e-07 -4.73996e-07
9.12844e-07 -6.47701e-07
-9.28562e-07 -5.55284e-07
-1.98744e-06 -5.65532e-07
-1.97975e-06 -4.0961e-07
-3.63747e-07 -1.98168e-07
1.65925e-06 -8.39069e-08
7.74247e-07 -2.57203e-07
5.17602e-07 -2.84262e-07
6.21082e-07 2.75876e-07
1.52268e-06 -2.01781e-07
-3.13238e-07 4.93526e-07
-9.45276e-07 -2.14298e-08
1.60307e-06 -6.69485e-07
-1.00214e-06 -2.81273e-07
-1.68776e-07 6.76714e-07
1.77183e-08 5.32601e-07
-1.52767e-06 3.57711e-07
-1.33442e-06 -3.04379e-07
-6.59203e-07 1.46506e-07
1.8661e-07 1.63659e-07
-1.59357e-06 5.11592e-07
9.6394e-07 6.67219e-07
-1.04967e-06 -4.29968e-07
1.29605e-06 1.96731e-09
1.56386e-06 5.2222e-07
1.32128e-07 -6.08304e-08
1.4382e-06 -1.2106e-08
5.21857e-07 2.07353e-07
-2.18154e-06 3.35437e-07
-2.04606e-06 5.54358e-07
1.87955e-06 -5.81106e-07
-1.79082e-06 -6.31976e-07
2.9951e-07 -5.08981e-07
-1.64204e-06 2.02239e-07
-1.04899e-06 -4.98311e-07
-1.86884e-06 5.14247e-07
3.55775e-07 -6.20675e-07
-1.81217e-06 4.84418e-07
-9.80513e-08 -6.79992e-08
6.85138e-07 6.39072e-07
1.18677e-06 -6.49415e-07
1.63182e-07 -3.93006e-07
-1.78605e-08 -5.39373e-07
5.48565e-07 -1.35004e-07
1.62502e-06 6.55436e-07
-5.05196e-07 1.54587e-07
-1.55102e-06 -6.10146e-07
1.36135e-06 -4.12942e-07
3.2096e-07 3.4988e-08
1.97908e-06 -4.27976e-07
-7.57974e-07 6.40211e-07
-3.49919e-07 6.46592e-07
8.41105e-07 -3.21058e-07
1.49069e-06 6.58145e-07
-8.97541e-07 2.30328e-08
-1.63998e-06 5.41397e-07
-2.74485e-07 2.88165e-07
1.66139e-06 1.19698e-07
1.1453e-06 -3.89576e-07
-3.06482e-07 -8.20776e-08
9.46344e-07 -6.45517e-07
1.60302e-06 -4.36459e-07
-9.3715e-07 2.86174e-07
1.04023e-06 -2.79713e-07
-4.31062e-07 -2.89182e-07
1.96617e-06 -6.07454e-07
1.6287e-06 9.92056e-08
3.84743e-07 -5.94977e-07
-9.4466e-07 -6.21901e-07
3.22455e-08 2.44004e-07
-1.14146e-06 5.35998e-07
1.1758e-06 4.5387e-07
1.81741e-06 4.34492e-07
4.4609e-07 6.42179e-07
4.09039e-07 6.02311e-07
-1.71351e-06 2.51264e-07
-1.83303e-06 -4.16841e-07
-1.1979e-07 9.90611e-08
-1.31212e-06 -3.14452e-08
-9.35291e-08 -1.76087e-08
4.21027e-07 -4.97106e-07
1.32311e-07 2.74316e-07
9.12528e-07 3.93197e-07
-1.92495e-06 -1.20267e-07
2.7783e-07 7.50425e-08
-7.38185e-07 -9.27437e-08
7.22362e-07 -3.25168e-07
-1.2589e-06 3.14338e-09
-1.42389e-06 2.31147e-07
1.17214e-06 -5.68655e-07
-2.31387e-07 9.94011e-09
-1.21826e-06 -4.22568e-07
2.557e-07 2.76023e-07
2.12992e-06 -5.86728e-08
-8.16554e-08 -4.33791e-07
1.10005e-06 -3.81943e-07
2.16577e-06 -2.4928e-07
1.59415e-06 -3.43127e-07
1.12542e-06 -1.7559e-07
1.16796e-06 2.96981e-07
-1.83337e-06 6.92652e-07
1.89652e-06 -6.55802e-07
2.18707e-06 -6.82916e-07
1.18995e-06 -4.9092e-07
1.75535e-06 -5.2309e-07
1.84399e-08 -4.14212e-07
-1.13871e-06 1.62572e-07
1.31233e-06 -4.43863e-07
-7.30629e-08 1.92459e-07
-1.9096e-06 2.57953e-07
5.30764e-07 4.85682e-08
-8.8831e-07 2.22586e-07
1.43582e-07 2.79002e-07
-1.25428e-07 -3.4021e-07
-1.06092e-08 -4.05069e-07
6.25746e-07 -4.17356e-07
-1.27134e-06 -1.98404e-07
4.04965e-07 -2.40774e-07
1.30099e-06 -2.30548e-07
-8.03731e-07 -2.49488e-08
3.5974e-07 3.24195e-07
-1.4713e-06 1.68555e-07
-1.13771e-06 -6.99187e-08
1.38221e-06 2.23071e-07
-1.19927e-06 6.04153e-07
1.08158e-07 -1.71595e-08
-4.86544e-07 -5.67093e-07
-3.79309e-07 3.35624e-07
6.96089e-07 -4.70397e-07
1.60796e-06 2.46204e-08
-1.86079e-06 -1.83944e-07
-2.08612e-06 -5.37049e-07
-1.20805e-06 -1.92161e-07
-8.59995e-07 -5.61043e-07
-6.56214e-07 5.051e-07
1.1552e-06 -6.49737e-07
1.51208e-06 -4.32116e-07
6.98397e-07 5.1124e-07
-3.58206e-07 -3.75853e-07
5.09054e-07 1.76988e-07
1.56136e-06 -2.3321e-07
-7.54721e-07 -2.30009e-07
1.23536e-06 6.92595e-07
-1.47537e-06 -5.38052e-07
1.98424e-06 6.58862e-07
1.85785e-06 -6.22183e-07
-1.26885e-06 1.96411e-07
1.19831e-06 4.96978e-07
1.39694e-06 8.98017e-08
7.12804e-07 -4.81102e-07
5.25373e-07 -1.2834e-07
1.79411e-06 -6.45605e-07
4.27045e-07 -6.10355e-07
1.23445e-06 2.23279e-07
1.29387e-06 -5.29877e-07
-1.95956e-07 -4.49426e-07
8.08844e-07 6.93311e-07
1.46542e-08 -5.07324e-07
-5.87371e-07 1.71739e-07
-1.32068e-06 2.86721e-07
1.82315e-06 -2.39447e-07
-2.06869e-08 3.95379e-07
-1.94729e-06 -4.80436e-07
-5.27686e-07 3.50402e-07
-1.2845e-07 6.31236e-07
-2.11403e-06 5.65766e-07
-1.58315e-06 6.91825e-07
1.67278e-06 -2.29149e-07
6.16238e-08 6.05441e-07
-1.92624e-06 -6.35435e-07
1.37232e-06 -4.02272e-07
-1.95086e-06 -4.08569e-07
-7.98904e-07 4.71878e-08
-7.3832e-07 -3.44457e-07
-2.09531e-06 -4.5597e-07
1.37536e-06 3.31571e-07
1.25106e-06 4.78416e-07
-5.3481e-07 3.01333e-07
1.53725e-06 6.65267e-07
5.44285e-07 -4.79094e-07
1.71332e-06 7.90039e-08
-1.08135e-06 5.42299e-07
-1.95051e-06 3.55249e-08
1.55396e-06 -1.20319e-07
4.49136e-07 -2.4581e-07
-1.48362e-07 -5.5861e-07
-1.05771e-06 -5.61766e-08
6.50729e-07 -5.05493e-07
1.87868e-06 -2.08821e-07
-2.12726e-06 3.68826e-07
-9.00609e-07 5.06355e-07
6.73648e-07 -6.04041e-07
1.59403e-06 -4.66115e-07
-1.44387e-06 4.33053e-07
-1.25483e-06 4.77112e-07
-1.15252e-06 3.482e-07
-1.60884e-06 6.72732e-07
-1.66662e-06 -6.12484e-07
-2.98688e-07 9.13631e-08
3.24436e-07 -3.59942e-07
-1.52537e-06 8.82324e-08
-9.42181e-07 6.14292e-07
2.03337e-06 6.23246e-07
-1.28503e-06 2.96706e-07
1.47466e-06 -6.58968e-07
1.10378e-06 -5.56627e-07
1.60182e-06 1.27662e-07
-4.93959e-07 7.93993e-08
2.07814e-06 -4.18635e-07
-1.12459e-06 -3.42422e-07
1.39346e-06 2.81945e-07
1.5264e-06 -6.34922e-07
5.45796e-07 4.80406e-07
-1.09399e-08 4.8819e-07
1.26437e-06 -5.33672e-07
9.86587e-07 -3.80897e-08
-8.21562e-07 1.37522e-07
-7.76722e-07 3.58363e-08
1.79131e-06 4.05759e-07
-6.6491e-07 -3.15567e-07
-8.20936e-08 -1.17123e-07
-6.29141e-07 -2.29444e-07
3.44962e-07 1.39628e-07
-7.86639e-07 2.23736e-07
1.1341e-06 2.83947e-07
1.25797e-06 -2.19046e-07
-1.31681e-06 -1.14238e-07
-2.16801e-06 -2.29431e-07
-6.17665e-09 -2.82604e-07
1.6164e-06 -3.223e-07
2.08599e-07 3.56285e-07
1.24368e-06 -6.36197e-07
1.84372e-06 2.51584e-07
1.63941e-06 -3.9706e-07
-1.78205e-06 -9.56279e-08
-1.19167e-06 1.98481e-07
1.71012e-06 3.56817e-07
4.454e-07 1.01936e-07
3.328e-07 -6.55074e-07
-1.70682e-06 3.41188e-07
-1.20092e-06 6.74756e-07
-1.14611e-06 4.20092e-07
3.3736e-07 -4.23291e-07
9.81684e-07 6.10192e-09
-1.56027e-06 4.33977e-07
-1.10568e-06 -6.81103e-07
-1.4511e-06 -9.60572e-08
-7.7083e-07 1.14752e-07
1.93751e-06 -9.16847e-08
6.67409e-07 -5.05914e-07
1.82306e-06 -3.06489e-07
-9.17137e-07 8.41967e-08
1.21469e-06 -5.87431e-07
1.35248e-07 -6.48296e-07
6.6187e-07 3.49765e-08
-1.92167e-07 -4.62101e-07
-1.90495e-06 -1.68672e-07
-1.65272e-07 -4.46923e-08
-2.97597e-07 -6.06119e-07
-2.15606e-06 4.41191e-07
1.80856e-06 2.87591e-07
-1.71436e-06 3.18785e-07
2.1739e-06 4.38108e-07
1.44792e-06 2.08083e-07
-1.31993e-06 6.96688e-08
-7.98384e-07 1.70217e-07
-2.18257e-06 -3.17123e-07
8.79295e-07 -3.09351e-07
-2.6133e-07 -6.98134e-07
6.4541e-07 6.55888e-07
1.14621e-06 -2.20073e-07
2.69306e-07 -5.29699e-07
1.9262e-06 -4.08038e-07
-9.30463e-07 -6.14524e-07
-1.48429e-06 -2.929e-08
2.03285e-06 5.0229e-07
8.62704e-07 -3.18401e-07
-2.06385e-06 -5.9515e-07
-1.58695e-06 -2.12728e-07
-2.92827e-07 8.73079e-08
1.54632e-06 -5.30995e-07
7.97006e-07 -1.07121e-07
8.3223e-07 -1.83712e-07
-1.94504e-06 -4.26222e-07
-2.09924e-06 1.5635e-07
7.76845e-07 -6.34545e-07
-8.25211e-07 2.92857e-08
1.09475e-06 -2.51497e-07
-2.10017e-06 4.3669e-07
1.33984e-06 1.42665e-07
-1.41736e-06 -2.27996e-07
-5.52965e-07 4.50538e-07
1.93125e-06 9.45998e-08
-1.57798e-06 -1.11718e-07
-1.90019e-06 4.97652e-08
1.04013e-06 3.6339e-07
7.09244e-07 5.65596e-07
-1.4541e-06 1.03603e-07
1.30858e-07 5.17848e-07
1.84174e-07 -3.01456e-07
-2.13041e-06 2.51433e-07
1.89543e-06 -4.60414e-07
1.77993e-06 -1.62063e-07
5.79236e-08 2.74095e-07
-1.58011e-06 -4.48243e-07
7.47753e-07 -3.7334e-07
-1.47168e-06 3.74753e-07
2.35693e-07 -2.23389e-07
1.13638e-06 6.49567e-07
1.54848e-06 5.29018e-07
2.14857e-06 -1.02981e-07
-2.02049e-06 4.75513e-07
1.4804e-08 -5.49976e-07
1.12489e-06 -6.01848e-07
1.09158e-06 2.65559e-07
-1.51653e-06 6.14294e-07
1.55152e-06 4.16004e-07
-9.28707e-07 -2.29824e-07
-3.53379e-07 -7.25428e-08
9.16291e-07 1.59967e-07
-2.4425e-07 6.78593e-07
-1.03781e-06 -5.62297e-08
2.10723e-06 2.6291e-07
6.23734e-07 9.13184e-08
-8.8573e-07 4.2376e-07
1.30728e-06 8.43239e-08
1.1356e-06 -6.54445e-07
7.40911e-07 -6.1767e-07
-2.17027e-06 2.58309e-07
1.61808e-06 -3.64072e-07
-1.22427e-06 2.13576e-07
7.38849e-07 8.75773e-08
3.14732e-07 1.21155e-07
1.09352e-06 -4.70488e-07
-1.39912e-06 -5.3595e-07
-2.07517e-06 -1.82956e-07
-7.81404e-07 6.41044e-07
-2.06495e-06 -1.41761e-07
2.1019e-06 2.20829e-07
-2.27488e-07 3.83396e-07
1.84177e-06 4.25502e-07
-1.50679e-06 -2.51179e-07
2.10789e-06 -3.39029e-07
-6.57954e-07 -1.24719e-07
-7.34866e-07 1.0784e-07
1.20752e-06 1.30462e-07
2.11855e-06 5.89603e-07
-1.99955e-06 5.1509e-07
2.04996e-06 -3.78897e-07
-1.48243e-06 9.09858e-08
1.38399e-06 2.86692e-07
-6.10718e-07 -3.68396e-07
-1.06425e-06 3.52347e-07
3.23948e-07 -5.05467e-08
-5.04205e-07 -5.73094e-09
1.10604e-06 -2.70879e-07
2.13095e-06 -2.55357e-07
7.53966e-07 -6.17109e-07
1.23126e-06 5.37099e-07
8.26713e-07 7.64174e-08
8.04125e-07 3.91671e-07
-2.081e-06 -5.52954e-07
7.08226e-08 4.3538e-07
-1.94008e-06 4.22762e-07
-4.40997e-07 -1.65338e-07
1.97123e-06 -2.13913e-07
6.42589e-07 1.59243e-07
-6.0241e-07 -1.78998e-07
1.38337e-06 5.80743e-07
-1.44043e-06 1.89893e-07
-2.96518e-07 -3.68589e-07
5.32131e-07 1.62667e-07
-5.88163e-07 -1.02672e-07
-1.38942e-06 -6.64013e-08
8.76156e-07 1.64558e-07
-1.50346e-06 -3.75133e-07
-1.77124e-07 1.69337e-07
-2.05292e-06 6.62459e-07
-4.76923e-08 -6.72426e-07
1.00808e-06 3.49931e-07
-1.52318e-06 2.70936e-07
3.21645e-07 -4.74406e-07
-1.62176e-06 -5.1634e-07
-8.73843e-07 1.69692e-07
-5.27459e-07 -6.46756e-07
1.63199e-06 -1.87056e-08
1.56322e-06 4.52731e-08
-7.63635e-07 3.42603e-08
1.72974e-07 2.97163e-07
-1.09276e-07 -1.13264e-07
-2.06874e-06 3.86168e-08
-2.16439e-06 -4.20711e-07
1.40671e-06 -1.44036e-07
-1.33986e-06 6.57284e-07
-2.03676e-06 -5.98292e-07
1.22864e-06 5.16266e-07
-1.30202e-06 -6.00032e-07
4.51837e-07 6.46061e-08
-2.17473e-06 -1.37315e-07
1.69057e-06 5.70793e-07
-8.58598e-07 5.81175e-07
-2.69037e-07 -2.91165e-07
1.29029e-06 -5.2533e-07
-8.27936e-07 3.49892e-08
-2.2223e-08 -4.89774e-07
-2.17775e-06 4.92792e-07
1.21504e-06 4.33632e-07
-6.16958e-07 -5.13622e-07
9.1503e-07 -2.43839e-07
-1.37392e-06 -4.33421e-07
-1.91515e-06 -1.06312e-08
4.62232e-08 3.59626e-07
-1.25723e-06 -9.82577e-08
9.37139e-07 -5.32788e-07
1.21517e-06 -2.13379e-08
1.30318e-06 2.69566e-07
-2.06092e-06 -2.98959e-07
1.17681e-06 -5.97686e-07
-7.11898e-08 -4.81582e-07
1.59756e-06 1.10668e-07
-2.00395e-06 6.02776e-07
1.80161e-06 -1.55334e-07
6.93951e-07 -3.31689e-07
-1.09991e-06 -4.84983e-07
1.59246e-06 1.73031e-07
2.19101e-06 4.56676e-07
7.6659e-07 -6.76276e-07
-1.33992e-06 4.1368e-07
1.48289e-06 4.50581e-07
5.61967e-07 4.14647e-07
-5.86339e-07 -5.87044e-07
6.60438e-07 -2.49933e-07
9.41432e-07 1.02646e-07
-9.02383e-07 -4.3306e-09
1.2255e-07 1.62048e-08
-3.87268e-07 -5.1657e-07
-2.02789e-06 5.29892e-07
3.95728e-07 -6.50594e-07
1.73891e-06 -4.07646e-07
-1.37994e-06 3.79318e-08
-1.1917e-06 -4.72025e-07
-5.99025e-07 -1.59101e-07
1.53175e-06 8.64089e-08
-2.70417e-07 -5.31246e-07
1.24734e-06 -2.35561e-07
1.13551e-06 -5.88022e-07
-8.51437e-08 5.31694e-07
-8.87604e-07 -6.44746e-07
-1.90831e-06 6.78828e-07
-1.68614e-06 6.99688e-07
-8.35011e-07 4.11648e-07
-2.17855e-06 -4.42741e-07
-2.07943e-07 -1.50488e-07
1.88904e-07 2.04534e-07
8.74748e-07 -4.96794e-07
-3.04331e-07 3.23322e-08
-1.21706e-06 4.78348e-07
-8.87429e-07 -1.08675e-07
-9.32391e-08 -6.77375e-07
4.06917e-07 5.82965e-07
-1.38263e-06 -1.86673e-07
1.32002e-06 -3.63987e-07
1.28371e-06 -4.43754e-07
-1.38985e-06 -1.01556e-07
2.01561e-06 -3.27691e-07
-1.22328e-06 6.12562e-07
7.39257e-07 1.37129e-07
1.82053e-06 1.27763e-07
1.84765e-06 -3.06685e-07
-8.13768e-07 6.69983e-07
-4.14148e-07 -4.41785e-07
-2.15482e-06 1.90644e-07
1.06857e-06 -4.06519e-07
-2.1462e-07 -2.39864e-07
8.49001e-07 5.99524e-07
8.32973e-07 -4.23126e-07
1.32033e-06 -2.24121e-07
-3.65959e-07 -1.8782e-07
-6.94343e-09 1.95418e-07
1.30594e-06 -2.66123e-07
-2.57699e-07 1.86149e-07
-1.26848e-06 -6.11486e-07
3.74693e-07 1.37733e-07
-1.82301e-06 1.595e-08
8.84947e-07 -2.15596e-07
1.20185e-06 7.40951e-08
-1.00498e-06 2.57567e-07
1.648e-06 6.72461e-07
1.13374e-06 5.49977e-07
-3.28987e-08 1.74823e-07
6.62355e-07 6.58034e-07
4.04146e-07 4.28297e-07
-8.921e-07 -2.81824e-07
-1.75239e-06 -4.69915e-07
9.34325e-07 -3.95656e-07
-1.01452e-06 -8.96182e-08
1.20263e-07 -1.27297e-07
-4.58311e-07 4.70794e-08
-9.37631e-07 -2.22347e-07
-1.50102e-06 5.26799e-07
8.93374e-07 -2.72922e-10
1.78463e-06 -5.3265e-07
1.21876e-06 -9.76752e-08
-5.09746e-07 2.19895e-07
-2.13365e-06 -2.97402e-07
-1.23891e-06 -5.71659e-07
-1.31496e-06 3.09108e-07
-7.61722e-08 -6.26296e-08
3.2706e-07 -2.47951e-07
2.13591e-06 2.78512e-07
-1.78665e-06 -4.09602e-07
-1.2568e-07 -1.54757e-07
1.2665e-07 1.80182e-07
-1.76848e-06 6.87245e-07
-1.41962e-06 4.59523e-07
-1.36164e-06 2.085e-07
9.20587e-07 -2.02491e-07
-2.81331e-07 -3.18177e-07
1.56317e-06 -4.87947e-07
1.2815e-06 -2.03411e-07
-1.29114e-06 -1.10324e-08
-6.39482e-07 1.90355e-07
1.60099e-06 3.64015e-08
-3.1715e-07 -5.53595e-07
-4.52612e-07 6.45273e-07
9.62176e-07 -4.39801e-07
1.88821e-06 4.62528e-07
-9.23243e-07 -6.01721e-07
-1.78342e-06 3.66171e-07
-2.03176e-06 6.29407e-07
6.97262e-07 -6.59612e-07
-7.54184e-07 6.28221e-07
-1.5201e-06 5.46832e-07
-2.13953e-06 5.39863e-07
-9.04595e-08 -6.73793e-07
-9.04551e-07 2.04062e-07
7.34955e-08 3.46099e-07
1.41287e-06 2.42877e-07
-1.12745e-06 9.29471e-08
1.16567e-06 5.81143e-07
7.70293e-07 -2.17122e-07
-1.15469e-06 -5.81204e-08
-2.01355e-06 1.86167e-07
1.08589e-06 2.27329e-07
-1.57067e-06 3.90228e-08
-8.1405e-07 -4.37795e-07
-1.20867e-06 -1.4181e-07
1.74579e-06 -2.4987e-07
1.46297e-06 -3.917e-07
-8.64117e-07 -1.82575e-07
-7.14228e-07 -1.2518e-07
-9.38235e-07 -5.45352e-07
1.48586e-06 -5.63035e-07
-9.03146e-07 -4.52713e-08
-8.20847e-07 -2.05349e-07
-1.84113e-06 5.53198e-08
-1.90521e-06 5.35813e-07
-6.23595e-08 6.51822e-07
2.17343e-06 -5.34312e-07
2.08495e-06 1.69916e-08
-7.58299e-08 4.68638e-07
-1.05696e-06 6.45098e-07
-1.43239e-06 3.93032e-07
-1.4646e-06 -5.31723e-07
9.68992e-07 8.47369e-08
9.85604e-07 7.9829e-08
1.61387e-06 -4.97269e-08
6.27197e-07 5.51522e-08
-3.80426e-08 3.821e-07
-8.31128e-07 5.71889e-07
-1.82719e-06 -6.23519e-07
1.86182e-06 -2.53724e-07
4.33645e-07 -4.56026e-07
-2.1304e-06 -1.23267e-07
-3.56383e-07 -4.09343e-07
8.52668e-07 -6.74936e-07
-1.44114e-06 5.80622e-07
3.19682e-07 6.85499e-08
6.74722e-07 -5.41743e-07
-1.82748e-07 -1.78172e-07
9.70921e-07 1.22622e-07
2.95493e-07 -1.26329e-07
6.98576e-10 6.8395e-07
-1.20411e-06 5.86799e-07
-1.08761e-06 -2.64458e-07
-1.59958e-06 5.7391e-07
9.88789e-07 -2.57305e-07
-1.70824e-06 5.62699e-07
-8.93967e-07 1.25112e-07
2.1807e-06 -4.78595e-08
8.66269e-07 -2.29855e-07
-1.9536e-06 -5.9571e-08
-8.33265e-07 6.60522e-07
1.53593e-08 6.60604e-07
-1.77881e-06 -1.58155e-07
-1.5425e-07 -1.58998e-07
1.18193e-06 2.70825e-07
-2.40669e-07 -3.05909e-08
1.62361e-06 -1.45134e-07
-1.07583e-06 3.06482e-07
5.71763e-07 -2.00212e-07
-1.00147e-06 3.52578e-07
-6.84581e-07 -9.01743e-08
1.26401e-06 -4.82752e-07
-1.77172e-10 -6.82347e-07
1.03481e-06 6.87872e-07
9.54855e-07 3.17832e-07
1.66134e-06 -6.30482e-07
8.36545e-07 -5.86487e-07
9.46842e-08 -2.78976e-07
1.09332e-06 -4.26859e-07
-2.12042e-06 -3.27669e-07
2.09729e-06 -7.67326e-08
-2.14331e-06 -5.04266e-07
-1.69161e-06 4.6941e-07
1.64951e-06 2.41304e-07
5.71434e-07 -3.20168e-07
7.39192e-07 -5.57399e-07
8.53138e-08 -5.49892e-07
2.03052e-07 7.81991e-08
7.6477e-07 6.02534e-07
-1.53329e-06 6.88952e-07
-6.33039e-07 6.33404e-07
-6.53353e-07 -1.12094e-07
-1.96888e-06 1.66093e-07
-8.27789e-07 2.65228e-07
-1.69301e-06 -6.09971e-08
-1.27463e-06 -4.63394e-08
-2.00921e-06 -9.09591e-08
3.06231e-07 -3.46641e-07
-1.84248e-06 4.88332e-07
7.13852e-08 6.81503e-07
-1.48442e-06 -5.73784e-07
1.33664e-06 -1.98912e-07
-3.96174e-07 -3.68799e-08
2.00833e-07 4.72978e-07
-1.62362e-06 6.77163e-07
1.13139e-06 7.56004e-08
-1.7675e-06 -2.35079e-07
1.73396e-06 -4.99537e-07
-6.12641e-07 2.7513e-07
-1.01271e-06 1.38554e-07
-5.78463e-07 2.14991e-07
6.53665e-07 4.68681e-07
-4.22428e-08 5.69434e-07
9.40026e-07 -5.84086e-07
2.07993e-06 2.80982e-07
1.01372e-07 -3.83419e-07
7.45269e-07 1.29951e-07
-1.95874e-06 -4.23961e-07
1.08935e-06 -7.9762e-08
-1.11065e-06 -6.29786e-08
-1.24439e-06 2.00488e-07
7.9297e-07 -1.15026e-07
2.88601e-07 -6.77947e-07
9.51699e-07 -1.70991e-07
-5.60215e-07 -3.40025e-07
-8.28333e-07 3.14322e-07
1.21155e-06 -1.72644e-07
-1.79606e-06 -3.07581e-07
9.97715e-07 -4.37177e-07
1.08161e-06 -3.39969e-07
-1.99242e-06 -6.83692e-07
6.36028e-07 -4.16322e-07
-5.03566e-07 -4.67377e-07
-1.78505e-07 -6.37454e-07
-3.8597e-07 1.94238e-07
-6.01977e-08 1.60529e-07
-1.47366e-06 -2.49045e-07
1.96034e-06 -4.96413e-07
-4.17219e-07 -4.88708e-08
9.83614e-07 2.77316e-07
-1.36174e-06 4.39666e-07
1.75765e-07 -2.90898e-07
-1.56127e-06 3.16629e-07
-1.31303e-06 -5.98564e-07
1.57304e-06 1.34391e-07
2.48719e-07 6.87946e-07
1.45751e-07 2.47588e-07
