1.91364e-06 6.22677e-07
5.95124e-07 -1.84791e-07
-3.87377e-07 -4.27313e-07
8.72257e-07 -6.5324e-07
8.19466e-07 4.5885e-07
6.50369e-07 -2.40099e-07
2.04796e-06 -6.57087e-07
8.68996e-07 -4.10003e-07
2.08511e-06 -3.30892e-07
-9.4004e-07 4.5721e-07
1.93914e-06 3.90995e-07
4.17131e-07 5.79919e-07
-7.95463e-07 -3.50309e-07
-5.51655e-07 2.0778e-07
-1.58061e-06 3.74117e-07
-1.45857e-06 2.43984e-07
-1.52498e-06 3.91036e-07
7.93221e-07 1.79109e-07
-1.21604e-07 -5.66466e-07
-1.07693e-07 -5.06366e-07
3.76063e-08 -3.12506e-07
7.6044e-09 3.4632e-07
-9.62706e-07 4.98197e-07
-2.64899e-07 -5.76986e-07
-1.52226e-06 -6.79599e-07
-1.02711e-06 3.49624e-08
1.06076e-06 1.88491e-07
5.39566e-07 -5.22361e-07
1.65474e-06 -6.65918e-07
9.08146e-07 -6.37309e-08
-1.33757e-06 5.65723e-07
-8.15251e-07 -3.46396e-08
1.09558e-06 -6.9687e-07
-1.12713e-06 1.33386e-07
-1.5317e-06 -1.53458e-08
8.18367e-07 -6.98691e-08
1.09067e-06 3.45138e-07
1.64977e-06 3.20086e-07
1.03895e-07 5.35674e-07
-2.00251e-06 -3.62914e-07
1.60907e-06 -4.88038e-07
1.27073e-06 -1.20788e-07
-2.95824e-07 -6.2228e-07
-1.5018e-07 8.195e-08
-1.41755e-06 2.22257e-07
3.53037e-07 -6.23202e-07
1.54149e-06 1.49847e-07
1.42887e-07 3.44806e-07
1.13102e-06 4.38408e-07
-2.01607e-06 3.77992e-07
-1.69786e-06 2.8854e-07
-1.5446e-07 -5.6437e-07
1.9867e-06 2.11322e-07
-9.8701e-07 -5.13954e-07
-3.51421e-07 4.07122e-08
1.19673e-06 4.46297e-07
1.48781e-06 -4.58409e-07
-1.6361e-06 5.27852e-07
-1.99828e-06 6.73274e-07
-1.0193e-06 -6.9517e-07
8.28065e-07 1.59954e-07
1.04684e-06 -4.81973e-07
-8.89767e-07 2.16675e-07
-2.82312e-07 -5.14893e-07
-1.61519e-06 6.49845e-07
2.06778e-06 -3.46677e-07
1.85353e-06 1.2442e-07
1.87694e-06 -6.51101e-07
1.81649e-06 6.19353e-07
-1.38593e-06 -6.97982e-07
1.34205e-08 -3.20798e-07
1.63601e-06 1.4654e-07
1.06633e-06 -6.33324e-08
-6.33713e-07 -5.51916e-07
9.05895e-07 2.74674e-07
6.19431e-07 -5.45811e-07
-1.53301e-06 -4.07838e-07
1.29152e-06 3.59532e-07
7.25257e-07 -3.2991e-07
9.57009e-07 -6.32417e-07
1.58448e-06 -1.57036e-07
-1.40262e-08 6.47574e-07
-1.04218e-06 -2.84394e-07
1.66077e-06 4.71621e-07
2.08898e-06 4.5761e-07
5.41967e-07 -7.66251e-08
-8.68863e-07 -3.0028e-07
-1.91947e-06 -6.60087e-07
1.78376e-06 -5.65402e-07
-1.34359e-07 1.23171e-07
-1.83381e-06 -1.78411e-07
-1.35409e-07 4.0023e-07
-4.60413e-07 2.47258e-07
-2.08878e-06 -5.68191e-07
5.03586e-07 -6.99465e-07
8.45722e-07 5.53103e-07
-1.06937e-06 2.19718e-07
-2.75819e-07 -3.38324e-07
1.44385e-06 -5.364e-07
-2.39102e-07 -1.59502e-07
1.73281e-06 -7.25069e-08
-1.22516e-06 2.79042e-07
1.66957e-06 4.26422e-07
-6.96704e-07 -2.86095e-07
-8.1932e-07 -4.53827e-08
2.0253e-06 3.00202e-07
2.04383e-06 -5.80611e-07
1.72462e-06 5.1766e-07
-1.4385e-06 -4.20541e-07
1.50566e-06 -4.4422e-07
1.37718e-06 -2.76266e-07
-1.66997e-06 -4.02613e-07
-9.52763e-07 5.8709e-07
9.3357e-07 2.50965e-07
-9.55657e-07 6.93533e-07
1.46622e-06 6.28721e-07
1.83631e-06 1.77886e-07
1.23963e-06 -3.3568e-07
-1.97552e-06 6.02064e-07
1.00935e-06 9.45795e-08
-6.85071e-07 -1.71097e-07
-1.59672e-07 2.64028e-08
1.67068e-06 3.50702e-07
8.36123e-07 -9.14669e-08
1.70398e-06 1.22247e-07
1.92044e-06 4.45829e-07
-1.97158e-07 3.5137e-07
1.87301e-06 -5.58449e-07
-2.15944e-07 3.18021e-07
-2.09966e-06 5.56535e-07
1.08462e-06 -5.16771e-07
-9.79853e-07 -5.65056e-07
1.8464e-06 -1.60717e-07
-1.19742e-06 -2.75309e-07
1.39633e-06 -4.73365e-07
1.69904e-06 3.2611e-07
1.818e-06 5.94196e-07
3.12861e-07 -6.05689e-07
2.80434e-07 2.61167e-07
2.19878e-06 1.25038e-08
6.74241e-07 -1.4937e-07
1.80807e-06 -5.05794e-07
1.09481e-06 1.08407e-07
-7.39257e-07 2.0011e-07
1.59021e-06 -4.98698e-07
4.69506e-07 -3.15418e-07
4.75486e-08 3.3242e-07
6.07284e-07 -4.35426e-07
1.68435e-06 -6.41016e-08
2.43493e-07 3.60041e-07
5.72731e-07 -5.95254e-07
1.00316e-06 5.82218e-07
5.31268e-07 3.82815e-07
-1.60716e-06 -2.44644e-07
-1.67831e-06 -1.31457e-07
-4.16131e-07 4.26502e-07
5.05768e-09 6.28755e-07
-1.42952e-07 6.0841e-07
-8.53736e-07 -6.92103e-07
1.57495e-06 -6.10057e-07
1.02903e-06 -9.08165e-08
-7.14319e-07 -3.76614e-07
-1.69661e-06 -1.03327e-07
-1.80137e-07 -5.24623e-07
-1.85299e-06 2.80054e-07
6.95582e-07 3.60416e-07
-3.41203e-07 5.19877e-07
1.60361e-06 7.89513e-08
2.03889e-06 -3.25961e-07
1.11544e-06 -4.74886e-07
-1.79682e-06 -5.25939e-07
1.04557e-06 1.14205e-07
1.301e-06 6.83659e-07
6.52931e-07 -1.72399e-07
7.89608e-07 -1.35275e-07
1.59179e-06 2.43006e-07
-1.60148e-06 -4.36245e-07
1.84366e-06 -3.63347e-07
-1.28673e-06 3.81897e-07
1.71517e-06 -2.37894e-07
1.01045e-08 3.81369e-07
1.42838e-07 -2.11474e-07
1.00168e-06 4.64269e-07
1.99796e-06 2.47851e-07
1.92283e-06 -4.32231e-08
6.00483e-07 4.02366e-07
-1.67032e-06 -4.31391e-07
-9.9827e-07 -1.33849e-07
1.82361e-06 6.1787e-07
2.15687e-06 1.2263e-07
-8.70869e-08 1.2562e-08
-2.039e-06 -5.52341e-07
-1.00278e-06 2.70305e-07
-4.19043e-08 -1.55201e-07
-6.32913e-07 2.27612e-07
1.22671e-06 1.32102e-07
-1.19855e-06 6.85799e-08
-9.36894e-07 -3.47364e-07
-1.86714e-06 5.48359e-07
-1.01709e-06 -9.38025e-08
1.85224e-06 -6.91461e-07
2.43195e-07 5.93091e-07
-6.76248e-07 -1.68959e-07
-1.73894e-06 -6.08004e-07
-1.75469e-06 5.1972e-07
-2.01303e-06 -4.74547e-07
-9.74431e-07 -3.49526e-07
-1.30621e-06 -5.94243e-07
3.8344e-07 -1.74052e-07
-3.20315e-07 4.30336e-07
-9.99156e-07 4.83521e-07
-7.33736e-07 -6.28122e-07
1.88785e-06 6.85154e-07
7.35976e-07 1.34876e-07
-2.62218e-07 6.63133e-07
2.16304e-06 -4.25767e-07
3.84286e-07 -3.77406e-07
-1.36511e-06 -3.60663e-07
-1.41589e-06 2.95768e-07
2.19438e-06 1.42126e-07
1.60307e-06 -5.76774e-07
5.76129e-07 6.75095e-07
1.86848e-06 -2.89721e-07
-1.732e-06 9.91326e-08
1.53872e-06 4.46709e-07
-2.05626e-06 -4.3304e-07
6.62748e-07 6.83479e-07
2.00263e-06 1.52767e-07
-9.65625e-07 4.69303e-07
1.70721e-06 5.962e-07
1.45155e-06 -5.39207e-07
-1.76909e-07 4.1437e-07
5.58414e-07 -8.36435e-08
-4.25115e-07 6.65514e-07
9.8643e-07 1.75573e-07
-4.30625e-07 -2.90771e-07
9.80246e-07 -4.96804e-08
-1.51821e-06 2.33851e-07
2.25589e-07 2.64299e-07
1.85396e-08 -2.08141e-07
-2.74517e-07 -2.90166e-07
-8.67063e-07 6.76508e-07
-2.17802e-06 -6.88742e-07
2.04097e-06 6.98281e-07
-6.52423e-07 -5.51993e-07
-2.18457e-06 2.50612e-07
-1.15423e-06 -4.13601e-07
1.07446e-06 2.39493e-07
1.5204e-06 -6.47241e-07
1.53122e-06 -2.9464e-07
-6.12823e-07 -5.56731e-07
-3.77526e-07 -3.38229e-07
9.55082e-08 -2.3546e-07
-3.51007e-07 3.05475e-07
4.05277e-07 6.73302e-07
5.3442e-07 -1.65419e-07
-4.36609e-07 -3.04374e-07
1.24792e-06 1.56259e-08
2.19784e-08 -6.33469e-07
-9.34342e-07 3.48622e-07
-1.54916e-06 6.19529e-07
1.4064e-06 -6.06353e-07
3.13172e-07 -3.12192e-07
4.02866e-07 -3.86866e-07
2.51944e-08 -5.57265e-07
3.88186e-07 -5.48731e-07
6.24287e-07 -3.97745e-07
-2.78661e-07 2.04313e-07
-3.40601e-07 -2.08368e-07
-1.57731e-07 -1.38068e-07
1.07455e-06 -2.89139e-07
-1.58302e-06 -2.10718e-07
1.36463e-06 -5.43511e-07
1.62772e-07 3.8947e-07
-6.82491e-07 -1.49055e-07
8.24002e-07 6.02286e-07
5.90675e-07 3.53606e-07
-6.53835e-07 9.49392e-08
-1.01429e-07 4.11931e-07
-5.67144e-07 -4.98298e-07
1.6429e-06 -2.66046e-07
-1.01157e-07 -6.13315e-07
-1.7316e-06 -6.4936e-07
-7.57335e-07 -6.79893e-07
-1.79696e-06 1.40787e-08
2.17982e-06 2.12926e-07
-6.23822e-07 -1.28745e-07
-3.69501e-07 9.63874e-09
2.17323e-06 -2.90337e-07
-1.27291e-06 -6.98157e-07
1.51485e-06 -6.04669e-07
-1.20439e-06 3.27604e-07
3.73283e-07 1.20289e-07
2.19984e-06 9.42804e-08
2.17586e-06 -5.13581e-07
3.82137e-07 5.57515e-07
1.66526e-06 -2.27834e-07
-3.53237e-07 1.93695e-07
8.56513e-07 -1.73281e-07
-5.2517e-07 -2.92403e-07
1.02209e-06 1.97789e-07
1.5519e-06 4.91884e-07
-1.09276e-06 6.34818e-08
-2.18511e-06 -3.52908e-07
-1.69655e-07 1.41301e-07
1.37157e-06 -2.69758e-07
-2.24978e-08 2.79112e-07
2.18609e-06 -2.49788e-07
1.90866e-06 -5.27158e-07
-1.35519e-06 -3.63928e-07
6.34047e-07 3.82701e-07
1.6445e-06 2.78566e-07
-2.0489e-06 6.31194e-07
1.37851e-06 -6.23785e-08
-1.20021e-06 2.08519e-07
1.70939e-06 3.58644e-07
-1.83136e-06 1.88722e-07
-4.92879e-07 5.60917e-07
2.13971e-06 -5.99497e-09
-1.58513e-06 4.74318e-07
3.90303e-07 5.48591e-07
-3.06371e-07 6.53938e-08
-1.68894e-06 2.55432e-07
-1.8962e-06 -2.07526e-07
2.13951e-06 -3.87816e-07
7.08304e-07 -1.7291e-07
-1.2476e-06 -4.83856e-07
1.75828e-06 3.28479e-07
4.86861e-07 6.68213e-07
2.1605e-06 4.74948e-08
-2.11428e-06 -5.70312e-07
1.20304e-06 -3.49141e-07
-1.86366e-06 1.02183e-07
-8.1146e-07 2.1634e-08
7.95945e-07 6.18406e-07
2.13072e-06 -2.33679e-07
2.12231e-06 -5.52534e-07
1.29274e-06 3.50089e-07
-1.49264e-06 6.85421e-07
-5.25495e-07 6.21533e-08
1.39749e-06 1.03995e-07
5.22823e-07 -4.09829e-07
-9.33852e-07 -2.6563e-07
-9.42521e-07 -5.5255e-08
1.83999e-06 -6.08912e-07
6.36507e-07 -4.15933e-07
-1.17387e-06 1.76767e-07
1.79434e-07 -6.08016e-07
1.2364e-06 -7.80225e-08
1.8177e-06 4.46808e-07
-4.32095e-07 -6.13523e-07
-2.10867e-06 -1.03695e-07
1.63574e-06 5.94256e-07
1.51812e-06 1.69572e-07
1.61232e-06 -1.6804e-07
-1.52089e-06 4.08415e-07
-5.20463e-07 -2.33903e-07
2.37216e-07 -3.41752e-07
8.5648e-07 -2.86524e-07
-7.72558e-07 1.29046e-07
-1.75561e-06 1.17241e-07
1.82294e-06 4.71555e-07
-1.29302e-06 -4.2861e-07
-1.15048e-06 5.08288e-07
1.4148e-07 1.29502e-07
1.00192e-06 3.08117e-07
7.77016e-07 -2.21341e-07
1.8947e-06 -5.82541e-08
1.31828e-06 -5.47772e-07
1.29431e-06 1.97915e-08
-1.7549e-06 3.10692e-07
-9.1536e-07 6.70236e-07
-1.73948e-06 -2.27935e-07
9.74763e-07 -2.5706e-07
-1.50145e-06 -1.71853e-07
-3.71685e-07 -3.74415e-07
2.05958e-06 4.75581e-07
1.13494e-06 5.86721e-07
-1.27638e-07 -1.63552e-07
-8.53315e-07 2.87732e-07
-6.66595e-07 -6.02361e-07
-2.53476e-07 3.33924e-07
-9.93183e-07 3.66604e-07
-1.32369e-07 5.80046e-07
2.18555e-06 -6.18548e-08
1.10889e-06 1.98669e-07
9.31051e-07 4.9547e-07
-1.68837e-06 -3.65107e-07
1.68146e-06 -4.51167e-07
1.73668e-06 -3.77831e-07
2.91412e-07 4.79714e-07
-1.26041e-06 3.19796e-08
-2.19906e-06 -5.98273e-07
1.86018e-06 5.01567e-07
-1.80411e-07 4.40427e-07
-1.81817e-06 -3.62357e-07
6.57796e-07 -6.86436e-07
2.18582e-06 -5.96737e-07
-1.91244e-06 -1.38106e-07
1.67834e-06 6.51123e-07
-6.56964e-07 -3.16353e-08
-1.70081e-08 2.88579e-07
6.47425e-07 -2.54369e-08
3.99255e-07 -5.62085e-07
1.8022e-06 4.90522e-07
-8.22672e-07 -6.90314e-08
1.13252e-06 6.91655e-07
-1.39122e-06 6.64645e-07
1.00825e-06 4.96043e-07
1.72511e-06 4.16432e-07
-1.52343e-06 -2.95177e-08
8.33943e-07 2.45763e-07
1.56488e-06 -4.39305e-07
-6.17188e-07 -6.89115e-07
7.25005e-07 3.39953e-07
-5.29474e-07 -1.44273e-07
-3.25882e-07 6.87295e-07
2.08143e-06 4.68071e-07
-1.2705e-06 4.7538e-07
-2.13782e-06 3.64991e-07
-1.89402e-06 -6.24489e-07
-6.51832e-07 1.66519e-08
1.73828e-06 3.34289e-07
2.04295e-06 -6.55024e-07
-2.07944e-06 5.99836e-07
1.48947e-07 -9.49822e-08
1.80745e-06 5.04763e-07
1.9153e-06 -5.59894e-08
-4.57539e-07 -2.99926e-07
-6.8007e-07 -3.68864e-07
-4.19876e-07 3.26678e-07
-1.00714e-06 -6.83024e-07
5.37307e-09 -9.61633e-10
-5.12742e-07 -2.81727e-07
1.72905e-06 -5.24166e-07
-1.77289e-06 6.80962e-07
-1.33134e-06 -1.94737e-07
-1.27959e-06 2.78389e-07
1.3067e-06 5.67816e-07
-1.73238e-06 -3.51253e-07
-7.73211e-07 5.66384e-07
6.6922e-07 -5.82112e-08
3.76929e-07 -5.13203e-07
1.4272e-06 1.21611e-07
1.70161e-06 -5.57084e-07
1.57546e-06 4.44714e-07
-2.10855e-06 -6.60988e-07
1.06596e-06 -6.4768e-07
1.44792e-06 -3.63086e-07
-4.98313e-07 6.92193e-07
5.77932e-07 -6.29334e-07
1.19205e-06 -4.77512e-08
-1.65384e-06 -9.94724e-08
6.72733e-07 -2.69737e-07
-1.20236e-06 -3.75626e-07
2.02574e-06 -3.67019e-07
-2.11281e-06 1.24755e-07
1.87418e-06 -5.66775e-07
1.08712e-06 6.72301e-07
-1.94726e-06 1.77893e-07
-5.59458e-07 -2.17869e-07
1.58984e-06 3.60295e-07
5.52616e-07 1.12074e-08
-2.01406e-06 3.67738e-07
-1.19987e-06 -2.82442e-07
9.99724e-07 -4.82124e-07
-1.67791e-06 5.37236e-07
1.55048e-06 -1.67797e-07
1.51105e-06 -3.37824e-07
-1.50894e-06 4.23098e-07
1.5127e-06 -2.39184e-07
9.54918e-07 -2.89317e-07
-1.55616e-06 5.14184e-07
1.03858e-06 -1.70096e-07
1.16317e-07 2.36761e-07
4.37489e-07 -2.28996e-07
-1.26987e-06 2.96315e-07
5.95868e-08 -6.51914e-07
-1.76544e-06 4.55572e-07
-1.29249e-06 -3.22035e-07
-1.66249e-06 -8.15582e-08
1.14848e-06 5.48052e-07
-2.10572e-06 -6.67212e-07
-9.35863e-07 3.35273e-07
-2.15539e-06 -1.31307e-07
-1.38864e-06 -1.84104e-07
3.77904e-07 2.99205e-07
-1.01252e-06 6.30796e-07
1.00958e-06 -5.92976e-07
1.12881e-06 3.86221e-07
1.92299e-06 -2.20961e-07
2.00952e-06 1.37298e-07
-2.05435e-06 5.08221e-07
-9.14397e-08 -5.53037e-07
2.03208e-07 1.25727e-07
-2.12241e-06 -4.59266e-07
2.18174e-06 6.34201e-07
7.10163e-07 -5.11517e-07
2.57536e-07 -3.84837e-08
1.23746e-07 3.69317e-07
-1.54259e-07 -3.63879e-08
1.11779e-06 -2.11675e-07
1.96213e-06 -5.42353e-07
2.19009e-06 4.29214e-07
-3.83437e-07 -6.21977e-07
1.37314e-06 -2.65787e-07
9.23049e-07 3.3829e-07
1.33753e-06 3.19011e-07
5.85345e-07 4.58682e-08
-9.52262e-07 -3.6443e-07
1.90745e-06 -3.84675e-07
-1.34829e-06 1.2929e-07
6.24364e-07 -5.89296e-07
1.80985e-06 2.2843e-07
-1.20148e-06 4.75871e-07
-5.34485e-07 3.1392e-07
-1.27739e-06 -5.09747e-07
2.10875e-06 -5.88588e-07
-1.95602e-06 6.22826e-07
-1.27874e-06 -4.87681e-07
-1.91517e-07 5.2737e-07
-1.14872e-06 -4.619e-07
9.87901e-08 -2.05448e-07
1.63457e-06 6.62839e-07
5.03216e-07 -4.8245e-07
9.44157e-07 -2.55519e-07
8.09979e-07 1.39013e-07
-7.00996e-07 6.1625e-07
-1.72956e-06 5.57268e-07
1.08963e-06 -4.90559e-07
-1.3478e-06 5.55862e-07
-1.00171e-06 -2.76513e-07
4.34405e-07 -1.97803e-09
-1.13576e-06 -2.53457e-07
1.59324e-06 -8.36241e-08
5.32853e-09 -8.34456e-08
1.88262e-06 6.55629e-07
1.17952e-06 2.15186e-07
-1.71007e-06 -2.3876e-07
1.85339e-06 4.67691e-08
-5.58221e-07 -8.78314e-08
7.3264e-07 1.61838e-07
-1.75329e-06 6.04093e-07
-1.32983e-06 3.64906e-07
2.01801e-06 1.65818e-07
-1.20545e-07 -2.24728e-07
-8.00966e-07 3.32866e-07
1.82917e-06 -6.01147e-07
2.20069e-07 -6.73508e-09
1.58719e-06 4.03333e-07
-1.28996e-06 -5.82744e-07
4.42923e-09 -1.14547e-07
-1.82215e-06 2.07647e-07
1.78617e-07 1.38444e-07
-1.15457e-06 -3.57751e-07
-1.04743e-06 -6.59534e-07
-2.08629e-06 3.66699e-07
-3.11902e-07 -4.94276e-07
-1.84122e-06 -1.09986e-07
-3.23483e-07 -4.12913e-07
-9.7219e-07 2.21073e-07
1.25925e-06 -2.9266e-07
8.75403e-07 -5.29234e-07
-4.61317e-07 3.6952e-09
8.54947e-07 2.46277e-07
9.67204e-07 2.34118e-08
-9.55202e-07 4.31643e-07
1.83786e-06 6.00678e-07
-2.08644e-06 5.30948e-07
-8.50396e-07 3.94592e-07
-8.71621e-08 5.53509e-08
-1.45326e-06 -1.65882e-07
3.51342e-07 5.88588e-07
1.27831e-06 4.67028e-07
1.80819e-06 -6.94297e-07
-6.92095e-07 -4.58093e-07
1.29876e-06 -2.56683e-08
1.45702e-06 -5.25466e-07
4.51157e-08 6.55596e-07
1.32452e-06 1.67573e-07
-2.01663e-06 -1.51972e-07
-1.4204e-06 5.99719e-07
-4.2352e-07 2.93557e-07
1.49473e-06 -5.22365e-07
2.60573e-07 1.92133e-07
2.12791e-06 -1.55768e-07
-2.1754e-06 6.1299e-07
-6.07819e-07 -3.43864e-07
-1.19833e-06 -1.00225e-07
-1.72637e-06 -1.30951e-07
4.13098e-07 -6.64657e-07
3.00386e-07 -3.4248e-07
8.46852e-07 -4.62833e-07
9.47968e-07 1.56383e-07
-2.17113e-06 -1.15176e-07
5.98505e-08 -2.76954e-07
-7.27214e-08 5.99944e-07
-2.02069e-06 1.94501e-07
1.70602e-06 2.58181e-07
-5.43241e-07 5.83985e-07
-1.60726e-06 6.83965e-07
1.35001e-06 -5.36833e-07
-3.19897e-07 -5.7929e-07
1.42517e-06 3.01431e-07
-9.54117e-07 -4.2588e-07
-1.21816e-07 2.05559e-07
-1.96782e-06 1.40937e-07
6.0487e-10 3.64088e-07
-1.66071e-06 5.29445e-08
2.03459e-06 4.8512e-08
-6.689e-07 4.9243e-07
-9.28753e-07 -5.08649e-07
-1.74384e-06 2.83385e-07
-8.97768e-07 -6.88074e-07
-2.05369e-06 9.04514e-08
4.23829e-07 -2.04944e-07
1.85967e-06 -6.63909e-07
-1.45975e-06 -2.88797e-07
-1.60686e-06 -6.40659e-08
1.03031e-06 1.73354e-07
-2.17221e-06 6.44422e-08
1.20839e-07 1.68272e-07
-7.41813e-07 3.33372e-07
8.27386e-07 -5.56178e-07
1.83586e-06 -4.09235e-07
-9.35104e-07 5.67373e-07
1.60661e-06 6.31381e-07
-1.80651e-06 -1.43757e-07
-1.30353e-06 5.09912e-07
-7.61197e-07 2.34481e-07
5.10611e-07 -5.02501e-07
-5.08611e-08 -5.51227e-07
-1.68751e-07 4.47352e-07
-2.18537e-06 -2.96143e-07
-9.7136e-08 2.16309e-07
-6.31448e-07 5.19011e-07
-7.97927e-07 -5.05978e-07
1.3155e-06 -2.34425e-08
-4.02564e-08 -4.43487e-07
3.14591e-07 6.32424e-07
1.86693e-06 -6.72031e-07
9.85597e-07 -6.64666e-07
2.1542e-06 -6.92328e-07
7.94688e-07 -4.51635e-07
-2.0037e-06 -6.80083e-07
-6.26541e-07 -3.10057e-07
-6.62279e-07 -3.00744e-07
1.70939e-06 4.94401e-07
-4.94795e-07 5.64712e-07
1.34907e-06 3.61738e-07
1.58434e-06 -2.9996e-07
-1.17876e-06 1.53077e-07
-1.54099e-06 6.68068e-07
1.79129e-06 -1.64836e-07
-1.80694e-06 -6.31237e-07
2.74567e-07 -5.92816e-07
7.83375e-07 -5.82789e-07
-1.292e-06 2.13414e-07
5.57187e-07 8.12907e-08
-1.63383e-06 -2.69596e-07
-1.2718e-06 -6.77987e-07
-7.77291e-07 -1.29695e-07
-1.58323e-06 1.37494e-07
7.80519e-07 -1.56196e-07
1.71994e-06 7.7455e-08
6.43475e-07 -2.15332e-07
1.40271e-06 -8.92403e-08
2.18828e-06 8.97636e-08
2.40454e-07 -6.66058e-07
-3.95096e-07 2.17808e-07
8.51062e-07 -3.23982e-07
-1.72103e-07 -5.82167e-07
4.09332e-07 -3.93206e-08
-1.19485e-06 -1.16977e-07
-2.05099e-06 -4.30842e-07
5.59931e-07 -4.9417e-07
-1.52324e-06 3.88665e-07
1.69654e-06 6.96727e-07
6.74656e-07 4.83165e-08
1.4017e-06 -2.96379e-07
-8.25587e-07 -1.26467e-08
-2.00256e-06 -6.28844e-07
2.0402e-06 6.47558e-07
6.6283e-08 -2.9774e-07
-7.52228e-07 -3.74859e-07
-3.7246e-08 -2.36995e-07
1.16329e-06 -5.88216e-07
-3.22192e-07 6.29414e-07
4.5971e-07 -3.524e-07
8.54184e-07 6.88896e-08
-1.36534e-07 2.8844e-07
5.74902e-07 1.18887e-07
4.11725e-07 -5.23324e-07
1.11975e-06 -4.28809e-07
9.79952e-07 4.02439e-07
2.44206e-07 1.67994e-07
4.50507e-07 2.20862e-07
-4.75445e-07 2.36175e-07
3.9561e-07 5.24993e-07
-8.61904e-07 4.39539e-07
-1.84997e-06 -3.52872e-07
8.35323e-07 1.31706e-07
1.72552e-06 1.36566e-07
-1.33366e-06 4.7211e-07
2.44961e-07 -5.22399e-07
5.09479e-07 3.3084e-07
5.01372e-07 -1.69363e-07
2.02813e-06 3.44532e-07
6.37087e-07 4.42157e-07
1.80323e-06 2.18361e-07
1.77034e-06 3.05455e-07
8.99684e-07 -3.38296e-08
2.13025e-06 6.56835e-07
-2.93773e-07 2.68924e-07
8.40984e-07 -5.82264e-07
-1.10245e-06 2.5489e-07
7.37363e-07 -4.79126e-07
-1.33512e-06 -5.90143e-07
2.06365e-06 6.47047e-07
-1.68511e-06 -3.06515e-08
4.80218e-07 -1.60325e-07
1.83778e-07 5.19011e-07
4.9958e-07 7.96129e-08
1.25705e-06 3.5683e-07
-1.65586e-06 -2.60753e-07
2.11042e-06 4.65541e-07
-1.13013e-06 -2.50853e-07
7.45791e-07 1.92382e-07
-1.85103e-06 5.50178e-07
-1.54132e-06 2.86097e-07
1.57913e-06 -3.65224e-07
-4.54167e-07 6.37438e-07
6.68829e-07 5.31351e-07
3.57804e-07 -6.21543e-07
1.74383e-06 3.7082e-07
-2.04434e-06 -3.35892e-07
8.66028e-07 1.75421e-07
1.99639e-06 -4.82219e-07
1.13892e-06 -5.40895e-07
4.26158e-07 2.5889e-07
1.90291e-06 4.98441e-07
-1.81872e-06 5.91258e-07
-1.60582e-06 3.05257e-07
-1.48908e-06 2.59959e-07
1.49455e-08 -5.9966e-07
1.92167e-06 5.12427e-07
-7.97048e-07 -3.4101e-07
1.6207e-06 -4.03299e-07
2.06217e-06 -5.63082e-07
-9.83318e-07 4.02273e-07
6.39722e-08 -1.53468e-07
-1.72158e-06 -7.54702e-09
1.08619e-06 2.50883e-07
-1.69775e-06 -5.884e-07
-1.46343e-06 1.63315e-07
-1.15385e-06 -6.71963e-07
1.65117e-06 -2.77389e-07
2.16887e-06 -1.06343e-07
-1.36147e-06 -3.89757e-07
-1.03084e-06 -8.25985e-08
-1.23585e-06 5.06639e-07
-1.41629e-06 6.91775e-07
9.21802e-07 -2.46542e-07
-2.8537e-07 4.08712e-07
1.21483e-06 -5.15412e-07
8.11459e-07 -2.39025e-07
-7.80404e-07 6.78706e-07
-1.21886e-06 2.62305e-07
-1.28329e-06 2.04997e-07
1.72784e-06 -4.51019e-07
-1.65277e-06 3.53253e-08
1.48521e-06 -4.00512e-08
1.64407e-06 -4.13354e-08
9.79096e-07 -8.94116e-08
-4.2114e-07 -5.66887e-07
-3.78547e-07 1.26286e-07
2.12143e-06 4.73006e-07
-1.44186e-06 -6.20413e-07
2.1866e-06 -3.57025e-07
-6.17605e-08 -6.08436e-07
-1.97946e-06 -6.54185e-07
-1.90358e-06 -1.15428e-07
7.86139e-07 -4.93031e-07
-7.71345e-07 1.19981e-07
-1.397e-06 6.18862e-07
2.1661e-06 -5.77095e-07
1.29109e-06 -4.87635e-07
2.90945e-07 6.8034e-07
1.07237e-06 5.91733e-07
2.07027e-06 -5.71828e-07
2.06292e-06 2.52633e-07
-6.91994e-07 6.4654e-07
-2.63755e-07 4.58444e-07
-1.63779e-07 -3.07516e-07
1.75406e-06 6.7455e-07
-9.59094e-07 -7.29501e-08
1.8096e-07 5.65789e-07
1.64074e-06 -1.35532e-07
-5.7465e-07 1.47263e-07
1.22179e-06 -6.04661e-07
-1.22882e-06 2.15526e-07
-2.09855e-06 -4.00407e-07
1.90511e-06 2.11894e-07
1.64124e-06 5.23097e-07
4.68325e-07 -1.0707e-07
-9.0627e-07 1.52875e-07
1.25462e-06 -3.36216e-07
4.92883e-07 -6.68244e-07
-1.57532e-06 6.8266e-07
-1.71183e-06 -6.99798e-08
1.45982e-06 -5.0691e-08
-1.99557e-06 6.9146e-08
-1.99069e-06 5.57675e-07
-8.84193e-07 1.04242e-07
1.01309e-06 -3.78979e-07
1.89071e-07 -2.01289e-07
2.27373e-07 -6.88018e-07
-1.76976e-07 6.4433e-07
-1.19401e-06 -1.36907e-07
-1.4735e-06 1.67367e-07
-3.14416e-08 4.89664e-07
2.14516e-06 -2.0498e-07
-1.3127e-06 6.76451e-07
-6.15595e-07 -5.66641e-07
1.73937e-06 5.44496e-07
-6.72183e-07 6.23467e-07
-1.78088e-06 -5.43249e-08
1.89736e-07 -5.45639e-07
-1.46373e-06 -3.52529e-07
-4.8732e-08 1.63179e-07
1.05095e-06 5.40705e-07
-9.12366e-08 -1.98307e-07
2.1154e-06 6.58756e-07
3.76453e-08 1.94062e-07
1.87911e-06 5.87579e-07
1.42203e-06 6.45067e-07
5.60504e-07 -1.76161e-07
-1.46618e-06 2.51758e-07
1.90216e-06 4.41141e-08
1.15294e-06 2.43562e-07
1.64349e-06 -3.52192e-07
9.53934e-08 5.73607e-07
1.03225e-06 -5.77832e-08
-1.53267e-06 -4.0635e-07
1.32815e-06 3.20773e-07
-2.07589e-06 -4.13202e-07
8.50078e-07 6.82454e-07
-2.03891e-06 1.62986e-07
-1.05271e-07 1.10197e-07
4.03963e-07 -1.26874e-07
1.47935e-06 2.61045e-07
-4.82163e-07 -3.45033e-07
1.86744e-06 -6.13033e-07
1.56172e-06 -6.59487e-07
-7.60487e-07 4.05771e-07
1.23875e-06 2.44104e-08
1.19771e-06 4.88395e-07
-2.11772e-07 -4.91514e-07
-1.88924e-06 -3.48454e-07
7.93669e-07 -6.25731e-07
-7.80119e-07 -6.09576e-07
-1.65915e-06 3.64301e-07
-6.74055e-07 4.79641e-07
-8.47437e-07 1.7612e-07
2.1254e-06 1.40817e-07
1.27666e-06 -4.8611e-07
-1.99554e-06 -2.35703e-07
6.78308e-07 4.7039e-07
-1.80501e-06 -2.79873e-07
1.67438e-06 7.57343e-08
-5.88789e-07 2.46178e-07
3.22657e-07 6.44212e-07
-1.36468e-06 4.41655e-07
-8.09481e-07 4.66116e-07
-1.56915e-06 -5.38415e-07
-1.47128e-07 -7.29425e-08
-1.17592e-07 5.25493e-08
-1.95945e-06 -4.57072e-07
2.26658e-07 3.14546e-07
3.95023e-07 -1.63914e-07
1.89245e-06 1.41897e-07
1.75317e-06 4.64279e-07
1.12067e-06 -4.23929e-07
7.71208e-07 -2.46086e-07
-1.84715e-06 -1.47572e-07
1.89899e-06 5.70009e-07
-1.62829e-06 4.30936e-07
-6.28937e-07 -2.42959e-07
7.76048e-07 5.54065e-07
1.99268e-06 -2.94809e-07
1.86534e-06 5.43769e-07
1.80311e-06 -2.07994e-07
1.38597e-06 -4.83727e-07
-2.51085e-07 5.9767e-07
-1.76801e-06 2.10907e-07
-4.99245e-07 3.99737e-07
5.02475e-07 -6.79595e-07
1.2098e-06 1.31755e-09
-1.86508e-06 5.36526e-07
-1.38248e-06 4.73123e-07
2.14554e-07 5.48796e-08
-2.19386e-06 -2.29973e-07
1.7821e-06 -1.17586e-08
-1.89439e-06 -5.46618e-07
-4.14024e-07 -2.28716e-07
1.35017e-06 -2.16751e-07
2.10469e-06 -5.82433e-07
1.29471e-07 6.8078e-07
-1.52725e-07 -2.23104e-07
-1.61539e-06 -2.60543e-07
5.29229e-07 6.23864e-07
-2.76714e-07 -5.57306e-07
1.94123e-06 5.73821e-07
1.75307e-06 5.66387e-07
-7.3044e-07 -5.86666e-07
1.29926e-06 1.23909e-07
1.30116e-06 6.75653e-08
3.86995e-07 -8.11578e-08
8.69825e-07 -3.53253e-07
2.12482e-06 -3.87203e-07
-1.66096e-06 -2.96694e-07
1.58151e-06 -5.73395e-07
1.33847e-06 6.7469e-07
1.48974e-07 6.02588e-07
-8.54092e-07 -4.21754e-07
-1.88304e-06 3.39526e-07
-1.73569e-06 -6.73686e-07
1.43748e-06 -2.13296e-07
8.84043e-07 -2.99912e-07
7.99596e-07 6.83103e-07
8.74824e-07 2.97002e-07
6.77419e-07 5.28064e-07
-1.53208e-06 4.08547e-07
1.84908e-07 -5.93644e-07
1.77387e-06 3.85926e-07
8.97886e-07 3.41029e-07
1.99989e-06 6.26584e-07
-2.11381e-06 2.67598e-08
2.11604e-06 1.84746e-07
1.03221e-06 -1.86369e-07
-1.62561e-06 -2.03545e-07
5.62383e-07 5.95677e-07
-9.63501e-07 -1.01293e-07
2.38703e-07 6.34849e-08
1.20929e-06 4.46755e-07
1.66659e-06 -1.28065e-07
1.85975e-06 -6.82442e-07
1.37394e-06 -6.63804e-07
-1.29845e-07 -6.78878e-07
1.80142e-06 -3.81583e-07
-8.74253e-07 -5.21881e-07
8.52345e-07 3.03483e-07
4.76846e-07 6.40095e-07
5.87019e-07 1.50851e-07
-4.59677e-07 -2.55662e-07
1.09642e-06 -7.18663e-08
-7.62807e-07 2.13902e-07
-2.98238e-07 -4.69874e-07
-1.52961e-07 3.60343e-07
-4.52243e-08 4.98246e-07
1.76847e-06 6.34902e-07
-1.48829e-06 -1.14712e-07
9.99585e-07 2.7801e-07
-1.34098e-06 -1.04082e-07
-1.51902e-07 -6.06692e-07
1.61116e-06 1.98213e-07
3.19669e-08 -5.74216e-07
3.02378e-07 1.92232e-08
-2.05018e-06 -2.16542e-07
-1.5555e-06 -6.13365e-08
1.74097e-06 2.28377e-09
-9.88745e-07 -5.1845e-07
-1.07951e-06 -1.15452e-07
-1.58819e-06 -9.47421e-08
-2.09199e-07 -1.54784e-07
-8.5726e-08 -2.97731e-07
7.76645e-07 -6.21659e-07
1.9947e-06 4.85456e-07
6.18118e-07 4.55094e-09
-1.48934e-06 3.06687e-07
1.56503e-06 -6.436e-07
-5.5903e-07 6.06438e-07
1.78731e-06 -6.64502e-07
-3.86538e-07 -1.59079e-08
8.27712e-07 -6.97225e-07
-1.4202e-06 -2.73673e-07
-1.08346e-06 6.69084e-07
3.5669e-07 1.09457e-08
-1.12558e-06 -3.7834e-07
-2.72184e-07 -4.55191e-07
-1.03372e-07 -6.08698e-07
-4.14091e-07 -1.18585e-07
-1.79341e-06 3.66077e-08
1.94656e-06 -3.441e-07
-5.35843e-07 -6.13755e-07
7.67844e-07 -6.84658e-07
5.70037e-07 2.5128e-07
-1.12835e-06 -3.29624e-07
1.84744e-06 -2.12493e-07
-1.65159e-06 2.22497e-07
-8.42405e-07 -4.42338e-07
1.56881e-06 -1.30966e-07
1.12055e-06 3.24804e-07
8.83128e-08 -5.27821e-07
1.25298e-06 -2.49958e-07
-1.93091e-06 4.69072e-08
-1.03797e-06 6.20925e-07
-1.42373e-06 -5.48403e-07
-1.55638e-06 1.81656e-07
-6.47312e-07 -3.56532e-07
-1.54433e-06 3.78335e-07
-6.1412e-07 -3.02188e-07
5.71318e-07 -4.91736e-07
-2.13316e-06 -5.71232e-07
-2.90739e-07 2.29611e-07
-1.87485e-06 3.77205e-07
1.82081e-06 -1.35065e-07
-1.2385e-06 5.7086e-07
-9.01531e-07 -2.3455e-07
1.49673e-06 2.52759e-07
-8.62918e-07 1.86467e-07
1.32478e-06 -6.25755e-07
-1.47824e-06 -2.33246e-07
1.23007e-06 -6.05339e-07
9.13785e-07 2.78477e-07
2.02538e-06 -6.47931e-07
4.52063e-07 -5.04846e-07
2.9029e-07 2.85794e-07
8.19624e-08 6.15634e-09
-2.51278e-07 -1.79387e-07
-2.98994e-08 -2.16478e-07
-1.20436e-06 3.60399e-07
8.34231e-07 6.28939e-07
1.24821e-06 -4.67861e-07
1.45119e-06 -5.48765e-07
-1.59029e-06 4.40296e-07
-1.488e-06 4.05829e-07
1.76864e-06 5.45885e-07
-1.75655e-06 2.21351e-07
1.31714e-06 -6.07294e-07
1.56721e-06 2.31513e-07
1.65507e-06 -6.92415e-07
-1.24528e-06 -1.04827e-08
1.56943e-06 4.97556e-07
-2.04404e-06 1.83745e-07
-1.38354e-06 -4.4268e-07
1.9431e-06 1.90906e-07
4.17853e-07 -3.61932e-07
-8.88017e-09 -2.35265e-07
1.96436e-06 -5.28757e-07
1.2062e-07 -5.13728e-07
1.5595e-06 2.15032e-07
-3.36127e-07 6.8789e-07
-1.92647e-06 4.6816e-07
1.81128e-06 -3.39166e-07
-8.41089e-07 -1.42475e-07
-2.19945e-06 -3.96484e-07
1.54708e-06 6.34755e-07
9.72995e-07 -4.88618e-08
-1.09045e-06 5.82351e-07
-3.94703e-07 2.33196e-08
-3.45994e-07 -4.27169e-07
1.73711e-06 2.16394e-07
9.86745e-07 3.25131e-07
-1.84274e-06 5.18317e-07
-2.12047e-06 3.88587e-07
1.31307e-06 -3.98227e-07
1.51278e-06 -2.76349e-07
-1.13858e-06 -6.43486e-07
-1.91504e-06 -3.06347e-07
2.51172e-07 -1.02964e-07
1.71242e-06 5.75147e-07
2.80701e-07 2.77708e-07
-5.30365e-07 1.07938e-08
-9.4724e-07 -5.34555e-07
5.93983e-07 2.4215e-07
3.56716e-07 -6.96101e-07
9.20378e-07 -3.6293e-07
1.87895e-06 -2.35797e-07
1.86924e-06 -9.00587e-08
2.0627e-07 4.71519e-07
6.64357e-07 3.79985e-07
-1.79686e-06 -6.11977e-07
6.74443e-08 2.18724e-07
1.84564e-06 -9.56937e-08
1.30337e-06 -4.46881e-07
2.00637e-06 -1.80863e-07
-9.81566e-07 2.70373e-07
-1.65894e-06 5.36132e-07
-4.89814e-07 3.11029e-07
1.86347e-06 4.03157e-07
-2.09032e-06 -6.12408e-07
1.13964e-06 -5.9688e-07
-5.01533e-07 -1.01881e-07
-2.07446e-06 -1.23218e-08
-2.03261e-06 -6.3287e-07
-3.6361e-07 2.32999e-07
-9.78026e-07 1.15534e-07
1.78531e-06 -6.24445e-08
6.53962e-07 6.16135e-07
-5.6753e-07 -4.155e-07
-4.96991e-07 -4.04422e-07
-4.01341e-07 -1.69827e-07
-4.47149e-07 1.50442e-07
-1.21049e-06 -4.85213e-07
7.66162e-07 -3.06995e-07
-9.7544e-07 5.49815e-07
7.35601e-07 2.26661e-07
1.43747e-06 -1.41278e-07
-5.70487e-07 5.13633e-07
1.8877e-06 -3.44376e-08
-9.7806e-07 -3.3186e-07
-1.34812e-06 6.61853e-07
1.1491e-06 -3.70196e-07
1.38412e-06 -3.24804e-07
3.49429e-07 -3.47095e-07
-6.05847e-07 -5.60375e-07
2.07602e-06 -3.95341e-07
-8.50527e-07 -6.0988e-07
-2.06377e-06 4.17694e-07
-2.15097e-06 -6.89965e-07
1.60541e-07 -6.33184e-08
-7.2992e-08 2.32239e-07
-2.16037e-07 6.4245e-07
1.18526e-06 2.58372e-07
-1.87942e-06 5.31057e-07
-1.39955e-06 6.14573e-07
-3.99592e-07 -6.52347e-08
-2.13484e-06 -1.6058e-07
6.7759e-07 5.87799e-07
-6.25953e-07 -5.57543e-07
1.49955e-06 -2.55665e-08
1.20861e-06 4.23445e-07
8.85033e-07 -1.77514e-07
-6.51163e-07 -3.90515e-07
9.05698e-07 5.46781e-07
-1.79413e-06 -4.90257e-07
6.75664e-07 2.97698e-07
2.05387e-06 -1.50532e-07
1.48701e-06 9.33148e-09
1.78181e-06 6.8338e-08
-2.14221e-06 -1.6174e-07
-1.10406e-06 -2.39767e-07
1.54193e-06 -2.80282e-07
1.99829e-06 -6.51311e-07
-1.72656e-06 6.78561e-08
1.07386e-06 -2.87649e-07
-7.40242e-07 -2.80255e-07
-1.21268e-06 3.47443e-07
-1.65458e-06 2.93179e-07
-1.96813e-06 5.15959e-07
1.28117e-06 -5.37861e-07
-1.81454e-06 1.18528e-07
2.03049e-07 3.3033e-07
-1.85656e-06 1.87847e-08
1.80176e-06 -4.27258e-07
-3.8689e-07 -1.20384e-07
5.54631e-07 -4.44097e-07
1.55566e-06 2.7719e-07
8.59513e-07 -2.2169e-07
-8.91243e-07 -1.45674e-07
2.02741e-06 -4.96268e-07
1.29993e-06 -2.26768e-07
1.8662e-06 3.18283e-08
-2.10527e-06 7.43336e-09
1.40531e-06 -5.63873e-08
1.37585e-06 -1.25028e-07
-9.20462e-07 6.95849e-07
-5.57217e-07 4.07867e-07
1.8197e-06 3.4938e-07
1.6119e-06 -1.15228e-07
1.29033e-06 -5.97099e-07
1.21612e-06 -6.47228e-07
-4.73706e-07 -2.57116e-07
1.904e-06 -5.48511e-07
1.49449e-06 2.08399e-07
-1.7981e-06 6.54775e-07
-1.39364e-06 5.98248e-07
-1.99951e-06 -5.66628e-07
-1.9669e-06 -2.41949e-07
1.2949e-06 5.41813e-07
1.51857e-06 6.09395e-07
8.73907e-07 6.60088e-07
-4.86646e-07 6.42739e-07
6.51221e-07 -5.93569e-07
3.28466e-07 -2.37914e-08
-1.64992e-06 3.79288e-08
1.70691e-06 -1.043e-07
-2.36298e-07 -1.68515e-07
-1.38437e-06 -6.27835e-08
-1.24616e-06 -6.46003e-07
1.28764e-06 -5.44291e-07
1.51418e-06 -4.21099e-08
-2.02556e-06 6.2437e-07
1.76234e-06 6.58963e-07
-2.06301e-06 -4.0653e-07
-1.59761e-06 -1.62873e-07
7.79848e-07 4.89143e-07
-1.95577e-06 1.0573e-07
3.47506e-07 3.79789e-07
-2.08951e-07 -4.01168e-07
1.46667e-06 3.6462e-07
-1.955e-06 -2.366e-08
1.43915e-07 6.04534e-07
-2.91111e-09 -5.46786e-07
1.86316e-06 6.72326e-07
1.64617e-06 -1.44084e-07
-1.59155e-06 9.41418e-08
7.40713e-07 -4.49796e-07
7.16686e-07 -3.38139e-07
1.37024e-06 5.782e-07
5.48e-07 -9.48765e-09
-2.19097e-06 -4.29603e-07
-1.31504e-06 5.49769e-08
2.19505e-06 -6.4171e-07
1.96118e-07 -8.23261e-08
1.63409e-07 -2.31671e-07
-1.81903e-06 2.40103e-07
2.11536e-07 -4.00664e-07
-2.54498e-07 6.24823e-07
1.55336e-06 1.14117e-07
-1.64065e-06 -4.30621e-07
3.92164e-07 -4.85522e-07
-1.24347e-06 3.63567e-07
-3.64546e-07 9.76411e-09
7.7362e-07 5.8699e-07
1.26115e-06 -2.73972e-07
1.15411e-06 3.26511e-07
-8.9303e-07 4.19192e-07
-1.66716e-06 -6.46476e-07
-1.32012e-06 -4.85708e-07
1.13947e-06 -4.47067e-07
1.06726e-06 -6.89208e-07
-2.0594e-06 -4.2212e-07
2.68419e-07 -1.61701e-07
-4.15248e-07 5.90085e-07
-7.03005e-07 2.7747e-07
-8.34737e-07 6.24879e-07
-1.25552e-06 -3.59489e-07
5.10643e-07 6.65211e-07
-8.89741e-07 5.02608e-09
-1.56099e-06 -4.96921e-07
-7.03803e-07 5.23933e-07
2.11288e-06 -6.84869e-08
9.90307e-07 6.40026e-07
9.76867e-07 4.49204e-07
-1.06434e-06 5.22672e-07
-7.31853e-07 6.08421e-07
9.47808e-08 -5.53097e-07
-7.16555e-07 2.88749e-07
-5.21259e-07 5.80529e-07
-1.07164e-07 -4.7048e-07
1.79567e-06 6.18886e-07
-1.97148e-06 1.90314e-07
6.84823e-07 -2.61889e-07
-1.05004e-07 3.53168e-07
2.12109e-06 2.93532e-07
-8.21917e-07 6.82344e-07
-7.63989e-07 6.8841e-08
-1.63073e-06 2.36286e-07
1.93736e-06 -5.7152e-07
1.39566e-06 2.0298e-07
4.17988e-07 7.22998e-08
7.92854e-07 -1.76981e-08
7.37471e-07 4.71544e-07
-6.71003e-07 4.79442e-07
1.54071e-06 -1.35665e-07
-8.55076e-08 1.6102e-07
-1.27805e-06 -3.87775e-07
-7.59713e-07 -5.28394e-08
-2.1395e-06 3.96203e-07
-1.31535e-06 -2.70544e-07
2.09631e-06 -5.37606e-07
-1.54878e-06 -3.0413e-08
-2.73913e-07 1.77028e-07
-1.874e-06 -3.47217e-07
1.95367e-06 -5.21904e-07
5.54181e-07 1.67027e-07
-1.61203e-07 5.08427e-07
-6.75967e-07 -7.34135e-08
1.2659e-06 4.41208e-07
1.54493e-06 2.87642e-07
-1.31631e-06 3.6447e-07
7.71206e-07 -6.92077e-07
-6.28643e-07 5.93943e-07
-2.38848e-07 -6.96882e-07
9.07387e-07 3.09369e-07
9.92714e-07 -2.90261e-07
9.35446e-07 2.82738e-07
1.71458e-06 6.95181e-07
-2.01723e-06 -2.91262e-07
-1.37253e-06 -4.98392e-08
1.20715e-06 -4.83579e-07
1.54486e-06 -4.83869e-07
6.28423e-07 -3.36284e-07
-9.84919e-08 6.42601e-07
-7.22501e-07 -6.35116e-07
5.98789e-07 -3.9334e-07
1.28981e-06 -1.44519e-07
8.8857e-07 -9.60666e-08
-3.53803e-07 4.21292e-07
-1.23316e-06 -1.97532e-07
1.29074e-06 -4.72463e-07
-1.23708e-06 -5.49895e-07
-1.63651e-06 -1.61447e-07
-5.5912e-07 3.46291e-07
1.7779e-06 -1.56072e-07
1.18411e-06 -5.5919e-07
-2.13533e-06 5.31734e-07
1.90168e-06 -2.07084e-07
-4.85735e-07 4.66723e-07
-1.1942e-06 5.89335e-08
5.82949e-07 3.14544e-07
-8.83249e-07 -5.62709e-07
2.13984e-06 -3.44442e-07
-1.7966e-07 -4.56454e-07
1.31966e-06 5.17905e-07
3.08808e-08 4.8971e-07
8.52671e-07 8.7571e-08
5.65564e-07 4.32959e-07
2.93727e-07 -2.96293e-07
7.29292e-07 2.12028e-07
8.29332e-07 -6.78553e-07
3.05863e-07 4.66999e-07
2.19478e-06 5.49112e-07
-6.9865e-07 -4.08339e-07
-8.09128e-10 5.79464e-07
-6.48757e-07 3.09339e-07
-1.77307e-06 -6.42793e-07
1.7921e-06 -3.2843e-07
-9.17823e-07 3.44177e-07
3.56911e-07 5.43641e-08
-1.81393e-06 -1.30977e-07
-4.69193e-07 6.71239e-07
-2.1807e-06 -5.9566e-08
1.90291e-06 5.27741e-07
-2.00145e-07 4.77806e-07
1.89719e-06 -4.58814e-07
1.39712e-06 -6.90856e-07
-1.62045e-06 1.00735e-10
-1.96795e-06 -4.75337e-07
8.58403e-07 -8.40017e-08
-9.9414e-07 3.44597e-07
1.32248e-06 3.3428e-07
1.77614e-07 6.24535e-07
2.45817e-07 -1.33553e-07
-1.54015e-06 3.34977e-07
2.08968e-06 5.92261e-07
-1.55272e-06 5.83444e-07
-6.38386e-07 4.58016e-07
1.70475e-06 -2.1932e-07
-1.53822e-07 -2.74709e-07
-5.09343e-07 -6.33298e-07
1.88234e-06 -1.25205e-09
-2.72961e-07 -6.8787e-07
-2.89822e-07 6.87532e-07
-1.97818e-06 -2.64006e-07
-4.0989e-08 1.29405e-07
-2.65518e-07 -5.30673e-07
1.89878e-06 -1.06193e-07
-1.1838e-06 3.89182e-07
-2.022e-06 -3.97822e-07
-1.65793e-06 2.97428e-07
9.78555e-07 -6.28977e-07
-7.86035e-07 -4.85807e-07
1.98318e-06 7.52715e-08
7.57472e-07 -2.05007e-07
-4.42597e-07 9.12624e-08
5.83199e-08 4.88159e-07
9.60528e-07 6.46503e-07
7.79547e-07 1.49583e-07
-1.23893e-07 -4.69626e-07
6.32196e-07 -1.02652e-07
5.01959e-07 2.3194e-07
-1.5911e-06 6.12125e-07
7.43753e-07 3.1631e-07
5.45398e-07 -4.87549e-07
-3.78725e-07 -6.69458e-07
-1.94745e-06 4.46303e-07
-2.1044e-06 2.54333e-07
8.48602e-07 -7.99016e-09
2.07675e-06 -3.29365e-08
3.03965e-08 -4.9507e-08
1.09101e-06 1.25874e-07
-5.21439e-07 -3.30438e-07
2.00798e-06 2.99337e-07
6.61326e-07 4.24692e-07
6.44028e-07 1.2593e-07
-1.99563e-06 -2.98934e-07
1.84382e-06 1.23891e-08
-1.23015e-06 -5.58272e-07
-1.89698e-06 3.3761e-07
1.16871e-06 1.41196e-07
7.78471e-08 -4.53951e-07
-1.29649e-06 1.8463e-07
-9.14038e-07 -6.78591e-07
1.90846e-06 1.669e-07
3.10246e-07 5.63246e-08
7.85935e-07 1.4501e-08
1.0024e-07 3.962e-07
2.08862e-06 -3.57259e-07
6.21854e-07 -6.99534e-07
9.68801e-07 4.61777e-07
-1.25716e-06 8.63589e-08
-1.20029e-06 5.88767e-07
8.94782e-07 -6.19135e-07
-3.08433e-07 1.3921e-07
1.00922e-06 6.09798e-07
1.76667e-06 6.42077e-07
2.52959e-07 -2.50699e-07
-3.18135e-07 3.87647e-07
-1.73333e-06 6.43833e-07
1.66715e-06 -2.8765e-07
1.72293e-06 1.22086e-07
1.03699e-06 -2.9571e-07
7.29526e-07 5.61291e-07
1.0549e-06 -1.62753e-07
-6.13118e-07 2.29079e-07
1.92263e-06 -1.85644e-07
-9.33893e-07 -6.86584e-07
-2.14627e-06 6.72389e-07
-2.11127e-06 -4.81887e-07
1.48817e-06 6.42835e-07
-2.14436e-07 4.93075e-07
-2.09109e-06 3.40852e-08
-1.86987e-06 4.09671e-08
4.9069e-07 -2.28944e-07
1.406e-06 6.49792e-08
2.05376e-06 -9.23715e-08
1.52968e-06 1.38543e-07
2.6703e-07 4.46144e-07
9.59633e-07 4.41669e-07
-1.59893e-06 -1.84057e-07
-1.7028e-06 -5.79726e-07
1.24717e-06 -4.12787e-07
1.90518e-06 -5.31166e-07
-5.91196e-09 5.31539e-07
1.60525e-06 -6.852e-07
-1.94796e-06 -2.97227e-07
1.65483e-06 3.869e-07
1.21684e-06 -3.07082e-07
-8.67293e-07 2.9321e-07
5.03376e-08 1.54274e-07
1.59429e-07 -3.25718e-08
-1.13585e-06 -6.04584e-07
1.54348e-06 4.57593e-07
1.36192e-06 2.82324e-08
-1.02658e-06 -1.81053e-07
1.62404e-06 -3.59676e-07
9.0252e-08 -3.93586e-08
2.03175e-06 6.38647e-07
-1.16505e-06 2.59613e-07
1.23072e-07 -4.23914e-07
-1.41452e-06 -4.34958e-07
-1.83975e-06 -6.65593e-08
-1.31168e-07 -1.68183e-07
1.26097e-06 -5.78436e-07
-1.07177e-06 4.82734e-07
1.58697e-06 4.1463e-07
9.38328e-07 1.65506e-07
-4.99909e-07 -1.57356e-07
-1.59549e-06 2.54471e-07
-1.7229e-06 1.20259e-07
1.56936e-06 6.50107e-07
-1.29973e-06 -4.58539e-07
1.47043e-06 2.3635e-07
1.18926e-06 -4.5772e-07
9.89343e-07 -3.85886e-07
1.69008e-06 5.88559e-07
-6.51126e-07 2.06107e-07
1.58551e-07 -4.61623e-07
-1.00759e-06 1.15457e-07
4.85511e-07 6.46048e-07
-1.62556e-06 -2.46948e-07
2.29717e-08 -5.21216e-07
-5.93275e-07 3.64089e-07
-3.46441e-07 3.44783e-07
-1.36269e-06 4.6668e-07
1.72287e-06 1.3461e-07
-5.47386e-07 1.63157e-07
-2.59139e-07 6.82806e-07
7.86425e-07 -5.79662e-07
2.71752e-08 1.3022e-07
-1.17403e-06 -1.68888e-08
8.85084e-07 2.58045e-07
-2.0577e-06 6.51722e-07
1.82707e-06 -6.42794e-07
-1.8622e-06 5.97267e-07
2.93905e-07 -6.10541e-07
-3.15991e-08 2.01419e-07
1.87553e-06 -5.97446e-07
5.36378e-07 -6.60383e-07
4.70253e-07 -1.48855e-07
-3.56814e-07 9.02211e-08
7.31448e-07 -6.20238e-07
-2.04051e-06 2.36064e-07
7.65897e-07 4.7487e-07
-7.15524e-07 2.27236e-07
1.33179e-06 4.14907e-07
-9.48156e-07 3.73366e-07
1.44333e-06 6.12201e-07
3.04045e-09 -3.48752e-07
1.0146e-06 -4.92962e-07
-1.56917e-06 3.50415e-08
1.76541e-06 -6.59988e-07
1.09403e-06 -6.60897e-07
-1.96033e-06 -4.51809e-07
3.8789e-07 5.66832e-07
9.68419e-07 -4.55115e-07
-3.47618e-07 6.81815e-07
1.33609e-06 3.20048e-07
2.00135e-06 1.44705e-07
-1.27315e-06 6.38923e-07
-1.27122e-06 3.80079e-07
6.61553e-07 2.46181e-07
1.79058e-06 -6.81558e-07
-1.6125e-06 -5.24589e-07
-1.06565e-07 -3.16954e-07
3.48342e-07 7.55105e-08
1.25606e-06 -6.58728e-07
1.19912e-06 5.84466e-07
1.20885e-06 -2.16904e-07
-1.62007e-06 1.82571e-07
-5.79247e-08 -4.81658e-07
1.23415e-07 -5.25458e-07
1.42016e-06 6.20531e-07
-7.49844e-07 1.06425e-07
-9.03239e-07 -5.12318e-07
-2.16892e-07 5.30551e-07
1.16421e-07 1.84308e-07
-1.85247e-06 2.24793e-07
-1.99939e-06 6.86031e-07
-4.29623e-07 -4.63338e-07
9.97476e-07 6.25865e-07
-1.03613e-06 5.71345e-07
-1.33908e-06 6.50479e-07
-2.10751e-06 -2.76587e-07
-1.5184e-06 -1.27446e-08
-5.6409e-07 -5.46632e-08
-1.28238e-06 -4.9009e-07
-1.32555e-06 1.08011e-07
2.0221e-06 -1.59378e-07
-9.06039e-07 5.69923e-07
-2.06406e-06 5.01484e-07
4.07013e-07 -4.58188e-07
-3.78348e-07 6.60006e-07
1.28984e-06 -3.02184e-07
-6.25771e-07 -2.4644e-07
-1.04088e-06 1.87359e-07
-8.45026e-07 -1.70484e-07
-8.30121e-07 5.51215e-07
8.22146e-07 3.51896e-07
-2.12697e-06 -6.02579e-07
-1.20662e-06 -1.16767e-07
-1.50921e-07 3.66314e-07
-1.93927e-06 1.57545e-07
-1.98436e-06 -2.01157e-07
-7.93917e-07 -5.11516e-07
-8.02284e-07 -4.52767e-07
3.07632e-07 6.22066e-07
-1.41496e-06 -2.60006e-07
-1.51894e-06 -4.13393e-07
-1.93418e-06 -4.73072e-08
1.52303e-06 5.96421e-07
-1.2009e-06 9.72273e-08
-3.13281e-07 -2.97589e-07
-1.4648e-06 7.61747e-08
-1.34125e-06 4.81087e-08
-1.57991e-06 -2.14849e-08
8.97743e-07 -8.49269e-08
3.87825e-07 8.12789e-08
4.00536e-07 4.39021e-07
7.73222e-07 2.87434e-07
-1.74807e-07 -7.86832e-08
1.43915e-06 2.15975e-07
1.8396e-06 -3.91162e-07
-6.65336e-07 -6.45691e-07
-1.19262e-06 -1.4532e-07
8.40698e-07 -1.47219e-08
-1.72308e-06 2.84183e-07
1.48011e-06 6.94966e-08
-1.01021e-06 5.57429e-07
1.28306e-06 1.0033e-07
1.00491e-06 -2.04514e-07
-1.52533e-06 5.17003e-07
1.72022e-06 1.06612e-07
2.18835e-06 -3.19479e-07
1.25302e-06 4.21241e-08
2.19387e-06 -5.28645e-07
1.68462e-06 -4.00878e-07
-3.75888e-07 -1.73662e-07
-1.89402e-06 -1.14594e-07
-4.39712e-07 -6.35249e-07
1.03512e-06 -3.03185e-07
-1.43831e-06 -1.6601e-07
4.1412e-07 -3.39275e-07
1.99236e-06 -2.93425e-08
2.13416e-06 -1.09093e-08
-1.83346e-06 -6.07516e-07
-1.56889e-06 -2.17211e-07
1.44136e-06 -3.20339e-07
1.29235e-06 -4.45249e-07
-2.67555e-07 4.4656e-07
1.03032e-06 -3.15127e-07
2.0361e-07 5.12414e-08
-2.22799e-07 4.15034e-07
-9.23413e-08 3.08159e-07
4.75472e-07 -1.01923e-07
-1.35479e-06 3.26386e-07
-1.34237e-06 3.49915e-07
-4.2675e-07 6.09148e-08
3.33259e-07 -6.13057e-07
1.03385e-06 -2.22391e-07
-2.99161e-07 6.05132e-07
-5.73132e-07 -4.13138e-07
-9.42883e-07 -1.53194e-07
1.97321e-06 1.80987e-07
-1.41906e-06 -1.9218e-08
9.11479e-07 2.37281e-07
-2.05943e-06 -2.40673e-07
3.78083e-07 6.25663e-07
1.02967e-06 1.83114e-07
1.20148e-06 5.72949e-07
-1.00271e-06 6.16136e-07
-1.67124e-06 -1.4204e-07
-9.96786e-07 -4.88986e-07
1.06406e-06 -1.03126e-08
1.31745e-07 6.47248e-07
-1.9438e-06 4.76615e-07
8.49106e-07 1.42024e-08
-7.49896e-07 9.42429e-08
1.97293e-06 1.7929e-07
-1.20901e-06 -1.57584e-07
-7.11335e-08 -4.51368e-07
2.06521e-07 -6.11738e-07
-1.47646e-06 5.01572e-07
-1.12507e-06 -3.55954e-07
1.63475e-06 1.16563e-07
1.60575e-06 4.84793e-07
-5.23033e-08 -6.85667e-08
6.65889e-08 -1.02903e-07
6.39018e-07 -3.76429e-07
1.10975e-06 1.95111e-07
-1.41146e-06 3.29736e-07
-1.18254e-07 -2.67098e-09
9.43958e-07 5.70486e-07
4.95529e-08 7.91153e-08
2.31714e-07 -4.54639e-07
-9.46531e-07 2.50712e-07
1.90497e-06 1.53617e-07
1.2556e-06 -8.20159e-08
8.33904e-07 9.539e-08
3.43351e-07 6.06971e-07
2.38118e-07 -4.2341e-08
-9.6438e-07 -4.32519e-07
1.20249e-06 -6.2755e-07
-1.92186e-07 6.28929e-07
-4.3904e-07 1.10046e-08
-1.25862e-06 -5.16098e-07
4.41486e-07 -4.13961e-07
-7.13854e-07 -4.12712e-07
-1.31034e-06 2.63284e-07
-9.53776e-07 -4.74692e-07
1.08854e-06 -1.2814e-07
-1.53409e-06 2.47995e-07
1.45044e-06 -5.62461e-07
-3.66382e-07 5.46994e-07
1.14615e-06 -4.69037e-07
-1.20775e-06 4.16025e-07
-1.3492e-06 6.65686e-07
1.13095e-06 -9.60554e-08
2.1524e-06 6.21913e-07
7.03425e-07 -5.39224e-08
2.1553e-06 8.48646e-08
6.785e-08 -6.83193e-07
1.55496e-06 -3.87572e-07
-3.63605e-07 -6.30771e-08
-2.27829e-07 6.82837e-07
-1.90395e-07 5.44817e-07
-4.59468e-07 4.91767e-07
2.1633e-06 2.68174e-07
1.58293e-06 -6.62753e-07
7.36794e-07 6.10072e-07
1.3149e-06 -5.39756e-07
6.05513e-07 -1.77724e-07
-1.9639e-06 -4.90717e-07
-9.11137e-07 9.92963e-08
2.03151e-06 -6.53285e-08
1.29145e-06 9.62562e-08
-2.05969e-06 -6.43678e-07
3.36858e-07 5.02458e-07
-2.20983e-07 -7.70838e-09
-1.22137e-06 3.12665e-07
-4.70681e-08 2.02664e-07
2.47487e-07 -4.75563e-07
-1.8178e-06 2.47408e-07
1.40097e-06 -3.47915e-07
1.4747e-06 5.85123e-07
2.12511e-06 6.32927e-07
-5.41704e-07 6.29901e-07
-1.39663e-06 -6.81177e-07
5.47389e-07 -8.43167e-08
1.31488e-06 -6.50715e-07
-1.10525e-06 -1.43398e-07
5.29816e-07 1.25802e-07
-1.41638e-06 -1.7189e-07
-2.07466e-06 -5.6885e-08
1.31549e-06 -9.16499e-09
-1.49982e-06 -1.02385e-07
-1.40801e-06 1.19092e-07
5.10849e-07 5.25416e-07
2.12884e-06 8.28746e-08
-1.44779e-06 -1.64721e-07
-1.52289e-06 5.14652e-07
-1.6957e-06 -2.22738e-07
1.83299e-06 2.37869e-07
1.50464e-07 4.2399e-07
-6.8964e-07 -6.74366e-07
-9.64209e-07 5.63698e-07
8.84037e-07 6.08725e-07
-5.39005e-08 -6.90749e-07
-1.59712e-06 -1.85674e-07
-1.45628e-06 -4.30914e-07
8.72747e-07 -4.70633e-07
-1.91022e-06 6.67587e-07
1.05629e-06 2.25061e-07
1.93895e-06 2.79013e-07
5.69222e-07 2.09926e-07
7.74677e-07 -8.25804e-08
2.19444e-06 2.94848e-07
-6.60588e-07 -1.18435e-07
-1.23878e-06 3.64845e-07
-1.46672e-06 -6.35475e-07
1.69036e-06 1.04585e-07
-8.20856e-07 3.5018e-07
-2.76554e-08 3.37018e-07
2.08959e-06 3.91811e-07
-1.08786e-06 -5.45035e-07
1.68024e-06 -3.75275e-07
6.9783e-07 -1.17504e-07
1.61152e-06 -4.00738e-07
-1.3713e-06 -6.87562e-07
-5.46692e-07 -5.7275e-07
-4.41614e-07 1.94333e-07
-1.05633e-06 -2.4591e-07
1.04395e-06 -2.16331e-07
9.63304e-07 7.5196e-08
8.86813e-07 -3.53815e-07
2.10432e-06 2.0234e-08
3.70979e-07 -1.16267e-07
-7.9765e-07 -8.90772e-08
4.90277e-07 -2.6541e-07
1.81403e-06 1.8602e-07
-4.13749e-07 -4.4555e-07
-2.0582e-06 2.57611e-07
-1.18392e-06 2.47103e-07
-8.89246e-07 8.65947e-08
1.3067e-06 -9.46135e-08
2.05709e-06 3.2101e-07
1.14487e-07 4.60282e-07
-1.04434e-06 -3.70022e-07
1.10201e-06 6.08881e-07
-1.47659e-06 2.90258e-07
-1.46183e-06 -5.38317e-08
-2.14861e-06 -4.39509e-08
8.23827e-08 4.76561e-07
-6.2031e-07 1.57694e-08
1.07367e-06 5.57839e-07
-4.67644e-07 1.38235e-07
-1.84918e-06 -4.93755e-07
-2.07824e-06 5.07057e-07
-3.32239e-07 -3.3348e-07
1.08393e-06 3.71735e-07
-2.40411e-07 -4.36251e-07
1.41685e-06 1.06057e-08
-2.15889e-06 -6.74085e-07
-9.81385e-07 -1.15237e-08
-2.13192e-06 2.44801e-07
1.72684e-06 -6.9429e-07
-1.6524e-06 -7.78937e-08
-2.96902e-07 -1.28625e-07
2.43944e-07 -4.81214e-08
-1.52945e-06 -4.03808e-09
1.43398e-06 5.71546e-07
-2.77519e-07 1.00236e-09
6.26574e-07 -6.00005e-07
-1.962e-06 -5.91787e-07
1.37583e-06 -2.53086e-07
1.45355e-06 1.99462e-07
6.09902e-07 1.09156e-07
4.57212e-07 4.5969e-08
1.96383e-06 -4.57159e-07
7.76779e-07 5.6486e-07
-1.32999e-06 4.3304e-07
-1.43846e-06 -2.20882e-07
-1.71224e-06 -2.20469e-07
1.53319e-06 1.98094e-08
1.07374e-06 -6.51903e-07
-1.52666e-06 6.65314e-07
-2.05724e-06 5.11352e-07
-1.509e-06 -1.15728e-07
-1.30456e-07 6.38796e-07
-1.82142e-06 5.50327e-07
-1.1585e-06 3.29959e-07
7.16812e-07 5.09171e-07
3.42635e-08 -6.89936e-07
1.76719e-06 1.16905e-07
1.88036e-06 -6.96211e-07
-1.62706e-06 4.06783e-07
-1.62203e-06 -3.8647e-07
1.90007e-06 -1.921e-07
-1.47404e-06 6.85718e-07
3.17961e-07 -2.52027e-07
-8.93023e-07 4.53029e-07
-3.18776e-07 2.0563e-08
-5.97103e-07 -4.03335e-07
-1.17271e-06 1.28632e-07
-7.16583e-07 -7.83711e-09
-5.88964e-07 -3.39423e-07
-6.89699e-07 -1.10434e-07
-2.09102e-06 -4.98562e-07
-2.1572e-06 1.11737e-07
-8.36317e-07 4.4033e-07
1.97523e-06 -1.60672e-07
-1.12987e-06 -4.34658e-07
1.43499e-06 5.31272e-07
-1.33315e-06 6.58369e-07
1.97434e-06 -1.42195e-07
-6.56594e-08 3.39824e-07
1.04851e-06 5.08934e-07
1.96284e-06 6.18718e-07
1.73047e-06 -4.17857e-07
1.55708e-06 1.9948e-07
2.77208e-07 4.51538e-07
-1.46999e-06 2.85663e-07
1.19703e-06 1.43621e-07
-2.06088e-06 -5.3153e-07
1.49733e-06 -2.94689e-07
1.58258e-06 -3.59705e-07
2.14727e-07 5.13526e-07
-1.49782e-06 4.95866e-07
5.15342e-07 -6.47546e-07
5.76073e-07 1.33976e-07
-1.47027e-06 -2.84818e-07
-1.52745e-06 -5.35413e-07
1.98154e-06 -2.24208e-07
-1.97114e-06 -3.68735e-07
2.46529e-07 4.10976e-07
-1.89298e-06 5.78565e-07
1.98491e-06 -1.84687e-07
4.76979e-07 -4.45412e-07
1.27774e-06 -5.52769e-08
1.92385e-06 -2.46596e-07
5.14037e-08 -1.75504e-07
1.75023e-06 -6.02822e-07
6.11595e-08 5.9623e-09
2.04617e-07 7.57081e-08
1.21358e-06 -6.55968e-07
-4.47857e-07 5.69024e-07
-1.8976e-06 -7.66486e-08
2.12789e-06 1.701e-10
-3.97735e-07 -2.78444e-07
4.23961e-07 -3.34772e-07
8.17371e-07 -6.5368e-07
1.86071e-06 -5.52966e-07
8.63999e-07 4.0426e-07
-1.65628e-07 -5.11718e-08
1.15266e-06 -2.41563e-08
-7.93305e-07 -3.0256e-07
1.54497e-06 6.2424e-07
-9.42603e-07 -2.00751e-07
1.07636e-06 -1.25119e-07
7.22158e-07 -1.55894e-07
3.15043e-08 -3.39215e-07
2.37844e-07 2.29731e-07
-1.75029e-06 6.31556e-07
-2.02163e-06 5.17163e-07
1.8573e-06 2.74254e-07
6.22735e-08 -2.12822e-07
-1.7758e-06 -5.02158e-07
-1.85841e-07 -1.3419e-07
1.23834e-06 3.05533e-07
6.93202e-07 4.5435e-07
4.81642e-07 6.47011e-07
-1.84486e-06 -6.70863e-08
-1.10689e-06 -3.73394e-07
1.43059e-06 -2.15107e-07
2.17291e-06 -3.65118e-08
2.08006e-06 -5.09904e-07
2.81557e-07 2.8988e-08
1.86599e-06 2.82814e-07
1.28984e-06 -8.83551e-08
1.57484e-06 2.66943e-07
-8.99588e-07 -5.41926e-08
1.31778e-06 3.71598e-07
-6.74145e-07 5.96052e-08
-1.28836e-06 -6.36067e-08
-1.34526e-06 3.91266e-07
1.01957e-06 -1.59318e-07
1.56056e-06 -1.36528e-07
1.25689e-06 5.06256e-07
1.91292e-06 2.68571e-07
2.09799e-06 -3.38136e-07
1.4311e-06 2.10883e-07
-8.40811e-07 3.65876e-07
-1.0871e-07 -5.17089e-09
-1.14433e-06 3.38421e-07
9.8277e-07 1.91306e-07
9.65679e-07 -8.5708e-08
1.13621e-06 -3.68127e-07
1.21032e-06 -1.63406e-07
-1.21684e-06 -2.79052e-07
-7.22578e-07 4.56598e-08
1.39084e-06 5.19839e-07
-2.866e-07 -3.79219e-07
-1.32204e-06 -9.48994e-08
-2.10776e-07 6.45968e-07
1.73874e-06 3.66901e-07
1.45889e-07 -1.16048e-07
-1.56974e-06 -2.69632e-07
7.77744e-07 -4.36007e-07
-3.41062e-07 -4.93699e-07
-1.05034e-06 -3.30715e-08
-4.64168e-07 1.00757e-07
-6.76614e-07 5.89243e-07
-1.18457e-07 3.052e-07
1.89407e-06 -3.06842e-07
1.9876e-06 -1.03485e-07
1.94267e-06 2.21442e-07
2.64453e-07 9.91007e-08
8.73381e-07 -3.41496e-08
1.49369e-06 4.66472e-08
-8.57666e-07 -1.48125e-07
-8.10512e-08 4.05337e-07
-5.22275e-08 1.64839e-08
-1.79225e-06 -5.14014e-07
-1.22801e-06 6.25954e-07
-1.821e-06 -6.07498e-07
-9.87071e-07 -5.14624e-07
2.87282e-07 3.34834e-07
3.9428e-07 -5.36975e-07
-7.54716e-07 -1.32091e-07
2.00368e-06 -4.6211e-07
1.9035e-06 2.80208e-07
-9.33626e-07 1.21156e-07
5.8753e-07 -3.38104e-07
1.19856e-06 -5.16807e-07
1.48749e-06 -8.63859e-08
-1.02902e-07 -4.59148e-07
7.71705e-07 -6.48937e-08
-2.06621e-06 2.98186e-07
1.94602e-06 6.67125e-07
-1.01828e-06 6.09557e-07
1.42656e-06 -6.53337e-08
1.83819e-06 2.87904e-07
1.12628e-06 6.76054e-09
-1.69982e-06 -5.15665e-07
-1.16924e-06 5.78067e-07
1.36175e-06 3.26423e-07
-1.12919e-06 5.15213e-07
1.20837e-06 2.60286e-07
1.01361e-06 4.65292e-08
-3.69165e-07 1.02192e-07
2.84546e-07 1.26526e-07
1.1582e-06 5.70311e-08
-1.81424e-06 -6.25055e-07
-2.18236e-06 -5.86664e-07
-2.60895e-07 -2.7036e-07
1.4603e-07 -3.7221e-07
-2.33993e-07 -5.94301e-07
3.89266e-07 -5.49495e-07
7.32223e-07 -2.4445e-07
1.11753e-06 -6.34806e-07
1.41952e-06 5.01055e-07
-7.2698e-07 -3.4326e-07
7.25734e-07 2.33493e-07
-5.91971e-07 -4.15901e-07
2.18658e-06 5.41458e-07
1.00922e-06 3.94981e-07
-2.84392e-10 1.34882e-09
-1.85711e-06 5.61072e-07
3.76869e-07 2.99734e-07
-1.31304e-06 5.72052e-07
3.08401e-07 -5.60284e-07
-7.65912e-07 -2.32498e-07
-5.65182e-07 5.38085e-07
-1.14243e-06 -6.83205e-07
-6.04751e-07 1.98189e-07
-8.3613e-07 -1.78273e-07
6.77292e-07 2.28542e-07
-2.12966e-06 6.8019e-08
1.33599e-06 2.82292e-07
1.78461e-06 -1.91626e-07
-1.08859e-07 6.79509e-08
-4.98344e-07 -6.90467e-07
1.42728e-06 6.30536e-07
-9.40646e-08 2.33159e-07
1.68228e-06 1.94234e-07
1.54837e-07 -2.23671e-07
-2.00388e-06 4.52532e-07
