5.60655e-07 -6.3534e-07
1.03247e-06 -5.56086e-07
8.02538e-07 -3.73558e-07
-2.15856e-06 5.21528e-07
-1.83623e-07 -5.17245e-07
-1.33088e-06 3.7755e-08
-2.04827e-06 6.62229e-07
1.44128e-06 1.56786e-07
1.9648e-08 6.43825e-07
-3.12664e-07 -4.74413e-07
2.01332e-06 -2.11917e-08
2.03962e-06 -6.68086e-07
4.03172e-07 -6.08118e-07
-1.51553e-06 6.97359e-07
-2.18182e-07 -2.80793e-07
-8.87232e-08 -6.2008e-08
-1.55399e-06 8.79949e-08
-1.02035e-06 -1.87743e-08
1.57312e-06 -3.29942e-07
1.37066e-06 3.46765e-07
1.12174e-06 8.75825e-08
-1.00648e-06 2.63526e-07
2.14343e-06 -6.6737e-07
-4.22937e-08 -4.81536e-07
-6.56446e-07 -6.08768e-07
-2.05596e-06 -3.39034e-07
-1.80926e-06 -3.31312e-07
5.89857e-07 5.57491e-07
1.95248e-06 2.91175e-07
-2.01356e-06 -4.51125e-07
7.16401e-07 6.18791e-07
-2.04406e-06 -5.30864e-07
2.00205e-06 -5.96498e-07
-1.91178e-07 5.91339e-07
1.6936e-06 4.0691e-07
-1.18909e-07 -2.81535e-07
1.06203e-06 5.10192e-07
-9.16298e-07 2.12236e-07
-8.12573e-07 -5.50931e-08
-1.09357e-06 -1.98084e-08
-1.1979e-06 -1.58615e-07
-1.73494e-06 -1.15364e-07
-1.90206e-07 -4.40738e-07
-7.35197e-07 -6.01945e-07
2.061e-08 2.89097e-07
-3.07719e-07 -8.33833e-08
-2.19666e-06 3.06642e-07
1.496e-06 6.30346e-07
-5.07052e-07 -2.84512e-08
-1.19045e-06 -2.30101e-07
-2.15518e-06 8.03386e-08
1.07181e-06 -3.4295e-07
-1.02606e-06 3.01566e-07
2.3095e-07 -2.99585e-08
-1.5459e-06 3.71821e-07
-1.93938e-06 -6.544e-07
3.46923e-07 6.581e-07
-5.48072e-08 -2.00211e-07
-2.05163e-06 3.94959e-07
9.25066e-07 3.03345e-07
1.65868e-07 -3.0207e-07
1.67949e-06 -3.81166e-07
1.616e-06 2.65998e-07
-1.46091e-06 5.01061e-07
-2.07475e-06 1.46816e-07
1.97761e-06 1.5927e-07
-1.87098e-06 -6.02601e-07
8.51369e-07 -3.55875e-08
-1.40605e-06 2.81811e-07
-9.04327e-07 5.19073e-07
-9.03692e-07 1.37159e-07
1.73884e-06 -1.19407e-07
-6.61284e-07 6.99173e-07
-2.0467e-06 6.42937e-07
-1.91477e-06 -6.24119e-07
-1.68793e-07 5.53241e-07
3.35875e-07 8.61705e-08
6.66879e-07 -4.82073e-07
-4.00172e-07 5.1798e-07
2.95942e-07 -4.7904e-07
-2.0908e-06 -1.59746e-07
6.19022e-07 -2.1901e-07
2.19116e-06 -8.23685e-08
-5.366e-07 -1.90631e-07
-1.38864e-06 -6.24033e-07
-1.16052e-06 4.48778e-07
-1.5832e-06 3.02298e-07
2.06075e-07 -2.75797e-07
-1.45429e-06 5.63498e-07
1.29978e-06 -4.67209e-07
1.47131e-06 3.72187e-08
2.64591e-07 -4.50357e-07
1.50117e-06 -4.52082e-07
-1.20777e-06 -5.5983e-07
-2.53995e-07 6.96794e-07
-3.77902e-07 2.09029e-07
-2.17933e-06 9.55321e-08
9.85295e-07 -4.05538e-07
1.44101e-06 -6.98593e-07
7.9419e-08 -6.79447e-07
9.60987e-07 3.72064e-08
6.93143e-07 -2.46069e-07
-1.48302e-06 -4.81038e-07
-3.07135e-08 9.30137e-08
-5.9762e-07 5.28394e-07
-2.08304e-06 7.85078e-09
3.95824e-07 4.54634e-08
2.2983e-07 -5.48849e-07
2.00709e-06 -4.38871e-07
-1.81757e-06 2.88271e-07
-3.27088e-07 1.48189e-07
4.01656e-07 -6.96119e-07
-8.75349e-07 -4.96762e-07
-1.06464e-06 9.92477e-08
1.99031e-06 3.2013e-08
1.35442e-06 5.99984e-07
1.27977e-06 -5.3396e-07
1.14041e-06 1.79115e-07
1.73945e-06 -5.45055e-07
3.6123e-07 2.56258e-07
-1.23736e-06 5.55987e-07
-1.33202e-06 9.82186e-08
1.63661e-07 -4.11506e-07
-2.48454e-07 2.21494e-07
2.19451e-06 1.77204e-07
-2.72477e-07 7.04343e-08
-1.5196e-06 6.99415e-07
1.30109e-06 2.7653e-07
9.28735e-08 3.47729e-07
-1.51646e-06 -1.83349e-07
3.61097e-07 2.41032e-07
1.91864e-06 -1.60971e-07
1.80338e-06 5.99571e-07
-8.05927e-07 3.80723e-08
5.07696e-07 -1.77405e-07
-1.3736e-06 -1.98875e-07
1.14118e-06 1.73638e-07
1.18449e-06 -4.74318e-07
-2.00687e-06 2.08682e-07
1.97282e-06 -8.61728e-08
1.08841e-06 6.08254e-07
1.58271e-06 2.55126e-07
5.93631e-07 -1.70844e-07
9.96965e-07 -6.54879e-07
-1.90676e-06 2.89837e-07
-3.96986e-07 3.8771e-07
-1.72115e-07 6.09482e-07
1.4385e-06 3.57918e-07
-1.59671e-06 5.28662e-07
-1.44442e-06 -2.71124e-07
6.85385e-07 -2.07962e-08
1.90667e-06 6.89979e-08
1.39208e-06 5.48708e-07
-1.7897e-06 -5.05245e-07
2.83948e-07 1.95949e-07
-7.96265e-07 -4.68067e-07
-2.01289e-06 5.49478e-07
7.19729e-08 4.02737e-07
1.68057e-06 6.02037e-07
-1.89478e-06 3.32735e-07
-8.83992e-07 3.01168e-08
1.59826e-06 -2.43772e-07
-1.96967e-06 3.56074e-07
1.87685e-06 3.43545e-07
-1.77049e-06 1.45924e-07
-1.35096e-07 1.48303e-07
1.98985e-06 2.2256e-07
8.7674e-07 6.99157e-07
1.42372e-06 4.977e-07
-6.92955e-07 -6.33063e-07
1.73591e-06 -2.81129e-07
4.11775e-07 3.55343e-07
-9.11834e-07 -5.4584e-07
-9.78797e-07 -2.27503e-08
6.77929e-07 -5.17561e-07
1.92268e-06 2.79605e-07
-8.14929e-07 5.83145e-07
-2.02173e-06 2.67543e-07
5.80293e-07 -2.12274e-08
1.63314e-06 2.58254e-07
2.1282e-06 6.63142e-07
-6.86618e-07 5.77173e-07
9.06352e-07 5.10884e-07
-5.4065e-07 -1.13019e-07
1.29409e-07 -6.42808e-07
-2.15264e-06 -3.45355e-07
-1.63662e-06 1.35773e-07
9.63425e-07 1.14635e-08
1.93265e-06 5.85515e-08
2.67972e-07 -2.26302e-07
-1.4382e-06 5.14316e-07
2.17203e-06 -8.95917e-08
-1.05991e-07 -2.12699e-07
-1.27507e-06 -1.89845e-07
1.68282e-06 -5.64979e-07
-1.90218e-06 -1.94557e-07
1.39571e-06 -7.19544e-08
-7.53912e-08 5.63122e-07
-2.68801e-07 -5.94109e-07
-1.06042e-06 -3.85913e-07
3.06674e-08 4.88301e-07
-6.51271e-08 4.30214e-07
1.54505e-06 -6.63975e-07
1.58537e-08 3.53874e-08
-2.42211e-07 -4.64093e-07
-3.99117e-07 4.74795e-07
1.02832e-06 2.14153e-07
-6.39381e-07 2.9858e-08
9.24572e-07 3.92642e-07
7.97652e-07 -3.65168e-07
7.43351e-07 -2.53511e-07
2.01017e-06 1.47207e-07
-6.62914e-07 -1.17983e-07
-1.9685e-06 6.21046e-07
-7.10843e-07 -1.09319e-07
1.35978e-06 -6.70957e-07
-1.36057e-06 6.91343e-07
-2.07527e-07 -3.84111e-07
1.09482e-06 1.31049e-07
5.97824e-07 -3.00241e-07
-1.55879e-06 3.05478e-07
-1.83478e-06 -5.8672e-07
-5.09906e-08 -5.1132e-07
-8.6232e-07 -9.30999e-08
-3.00952e-07 -5.30581e-07
-4.09397e-07 -3.3576e-07
6.02156e-07 3.20272e-07
1.25285e-08 6.37529e-08
1.59023e-06 4.40654e-07
-6.97818e-07 4.27022e-07
-4.03962e-07 -2.52698e-07
1.28486e-07 3.04129e-07
-1.31364e-06 -6.46869e-07
-9.96255e-07 2.97897e-07
-2.8881e-07 1.92545e-07
4.8016e-07 3.55277e-07
6.89357e-07 4.38007e-07
2.09515e-06 1.88113e-07
1.08103e-06 -5.96743e-07
2.72852e-07 3.92927e-07
-5.09427e-07 -2.97742e-07
2.31573e-07 7.85754e-08
-4.82222e-08 -6.38351e-07
9.5438e-07 -1.13748e-08
7.56631e-07 -7.54783e-08
-1.60761e-06 -5.36978e-07
4.77305e-07 -8.63138e-08
1.61927e-06 2.44082e-07
-3.0421e-07 1.37548e-07
9.57264e-07 2.74618e-07
1.07647e-07 2.59029e-07
1.33527e-06 -2.03499e-07
-1.16999e-06 6.93696e-08
-5.77225e-07 -3.23526e-07
-3.76453e-08 1.03283e-07
8.06006e-07 -3.12261e-07
-1.05413e-06 -4.80234e-07
-2.05528e-06 1.74973e-07
-1.11546e-06 -6.07873e-07
6.14688e-07 6.98508e-10
7.28567e-07 4.39889e-07
-3.7241e-07 -2.99968e-07
-5.65574e-07 -3.24113e-07
1.65801e-06 4.74849e-07
1.77238e-06 -4.7951e-07
-1.95453e-06 -2.61451e-07
1.59044e-06 5.63667e-07
-7.02786e-07 -6.9775e-07
1.70636e-07 -4.17441e-07
1.84181e-06 -2.36604e-07
-1.21895e-06 -4.592e-07
-1.9139e-07 3.79169e-07
-1.211e-06 1.87148e-07
-1.9537e-06 5.75019e-07
-1.67208e-06 3.40465e-07
3.98303e-07 6.46601e-07
1.78676e-06 1.84747e-07
-9.96459e-07 -6.66977e-07
-4.9727e-07 4.40166e-08
-6.91156e-07 -6.51078e-07
6.68864e-07 6.52964e-07
-1.02617e-06 -3.43585e-08
-1.26684e-06 -2.1032e-07
7.19154e-07 -4.19766e-07
8.07614e-07 -2.60187e-07
-2.45305e-08 6.16124e-07
-7.39881e-07 4.78392e-07
3.64603e-07 -5.39629e-07
9.89947e-07 -3.5871e-07
-1.56717e-06 5.75261e-07
-6.15686e-07 -3.28253e-07
-1.18816e-06 -2.92791e-07
-4.63451e-07 -3.43671e-07
-1.13635e-07 -4.87963e-07
-1.64236e-06 2.57919e-07
1.22549e-07 1.09159e-07
1.70072e-06 -4.71447e-07
4.08683e-07 2.98495e-07
1.20353e-06 -2.52235e-07
1.59935e-06 1.87124e-07
2.10371e-06 -4.50788e-07
-8.02869e-07 1.7231e-08
-1.77488e-06 4.89868e-08
1.15731e-06 -2.23301e-07
-3.77469e-07 -2.38839e-07
-9.60216e-07 -4.63217e-07
5.75415e-07 2.34722e-07
1.04679e-06 3.9882e-07
4.95695e-09 5.36618e-07
1.36433e-06 1.56326e-07
-6.80439e-07 -2.40616e-07
9.91827e-07 -5.47585e-07
1.9952e-06 -3.70702e-07
1.21948e-06 2.94798e-07
-4.77401e-07 3.86581e-07
-1.64665e-06 4.20979e-07
-1.6357e-06 -6.52957e-07
8.14471e-07 -5.1825e-07
8.46176e-07 4.32677e-07
6.92214e-07 6.35474e-07
1.97945e-06 5.92919e-07
-1.01574e-06 -3.27864e-07
7.82041e-07 -5.29977e-08
8.35653e-07 -4.02534e-07
4.82185e-07 3.60071e-07
7.5758e-08 -4.6727e-07
-1.71416e-06 2.08879e-07
1.86964e-06 5.01377e-07
-2.14082e-06 9.12776e-08
-1.14662e-06 -5.7732e-07
1.8608e-06 -6.24992e-07
-1.99005e-06 -3.87886e-07
4.16691e-07 4.82164e-07
-1.27639e-06 -2.26534e-07
-1.73415e-06 -6.17682e-07
2.04963e-06 6.22854e-07
-6.02622e-07 3.07077e-07
9.02322e-07 -1.84768e-07
2.15183e-06 -5.2062e-07
-1.6423e-06 1.19626e-07
-1.44477e-06 -4.51632e-07
6.91689e-07 -6.54796e-07
2.11745e-06 -1.9732e-07
7.72795e-07 -4.51734e-07
-6.95147e-07 4.42136e-07
-1.13431e-06 7.94173e-08
-4.77523e-07 3.89279e-07
2.12077e-06 2.41187e-07
-8.43537e-09 2.27823e-07
-1.15023e-06 5.37463e-08
-1.951e-06 -8.7875e-08
6.87555e-07 -1.78523e-07
-4.96135e-07 -2.99737e-07
2.19987e-06 -2.64555e-07
3.94365e-07 5.22197e-07
2.02848e-06 2.64704e-08
-4.00227e-07 4.18999e-07
6.1108e-07 3.49076e-07
7.90224e-07 4.36744e-07
-1.74968e-06 2.83233e-07
1.91978e-06 -5.62187e-07
-1.56856e-06 6.38766e-07
1.20124e-07 -6.72874e-07
4.74063e-07 6.89818e-08
6.79078e-08 3.14821e-08
-5.96971e-07 4.75799e-07
-2.16492e-06 5.69849e-07
-4.68727e-07 5.92619e-07
-5.01882e-07 3.33744e-07
-1.05441e-06 -5.34856e-07
-2.11316e-06 -3.16734e-07
-7.24998e-07 -6.07444e-07
-8.22934e-08 -1.95077e-07
-1.2108e-06 -5.99979e-07
7.7866e-09 -2.07986e-07
1.56623e-07 -6.02942e-07
-2.15266e-06 -9.42713e-08
-9.55496e-07 5.27761e-07
-1.75202e-06 -6.76948e-07
-1.59547e-06 6.72816e-07
-1.99876e-06 1.43154e-07
9.6348e-07 2.89625e-08
-1.61399e-06 5.57078e-07
4.93401e-07 1.69673e-07
-3.6773e-07 -6.67441e-07
-1.58355e-06 -1.05787e-07
-1.17666e-06 -1.59768e-07
1.29531e-06 -3.13056e-07
3.81222e-08 -1.68151e-08
1.21482e-06 -4.18037e-07
2.40798e-07 6.02438e-07
-3.37265e-07 -5.58731e-07
-1.80525e-06 1.27515e-07
-2.15228e-06 -5.25212e-07
-1.27586e-06 2.81962e-07
1.01628e-06 -1.87525e-07
-3.39653e-07 -7.46443e-08
-1.67395e-06 2.08648e-07
1.78235e-06 -1.10125e-07
1.62179e-06 -4.61499e-07
1.29481e-06 -1.778e-07
1.29909e-06 3.7758e-07
1.65418e-06 -2.19727e-07
2.00028e-06 -6.5565e-07
1.23544e-06 1.29093e-07
1.33218e-06 -9.03332e-08
1.80974e-06 1.47015e-07
-1.31375e-06 5.24549e-07
-1.32836e-06 -1.90213e-09
1.73468e-06 -1.40771e-07
1.71315e-06 1.21846e-07
-1.26152e-06 -3.66103e-07
-8.15252e-07 -9.49341e-08
-2.01707e-06 -4.93465e-07
-1.35208e-06 2.92499e-07
-7.88424e-07 -4.16144e-08
2.33992e-07 -5.47471e-07
1.44698e-06 3.39086e-07
1.10495e-08 -1.90949e-07
-8.89992e-07 3.39229e-07
-6.02532e-07 5.32552e-07
-1.01105e-06 -3.59307e-07
-1.36182e-06 -4.62451e-07
1.32735e-06 6.05225e-07
-6.98617e-07 -1.98193e-07
1.05753e-06 -6.13766e-07
-2.50861e-08 1.70759e-07
-1.35743e-06 -3.43674e-07
-8.83596e-07 2.099e-07
1.32029e-06 6.05986e-07
-1.94268e-06 -4.98678e-07
-2.11701e-06 2.93543e-07
2.85314e-07 -1.1764e-07
-1.00703e-06 -6.65688e-07
9.25707e-07 -1.23264e-07
-1.67781e-07 -5.74825e-07
-1.38079e-06 -3.29292e-08
-7.52455e-08 1.62775e-07
9.17621e-07 6.25164e-07
1.22733e-06 -1.07e-07
1.81987e-06 -5.6005e-07
-7.66626e-07 -1.41062e-07
-1.85334e-06 3.8073e-07
-3.81927e-07 5.09461e-07
-6.46059e-07 -4.67365e-07
-1.44376e-06 1.2447e-07
1.7405e-06 5.2838e-07
-1.02104e-06 6.70716e-07
1.14526e-07 -5.71473e-07
1.08012e-06 5.99761e-07
7.66723e-07 1.55074e-07
-2.08458e-06 -4.8333e-07
-7.35252e-07 -4.52621e-07
-1.81725e-06 -8.81691e-08
7.67162e-08 5.32523e-07
1.75002e-06 -6.74203e-07
1.4737e-06 -2.45733e-07
-9.50398e-07 -5.05661e-07
2.33446e-07 1.53021e-08
3.44479e-07 2.72636e-07
-2.06429e-06 6.26469e-07
-7.8142e-07 -3.14525e-07
-1.88102e-07 -5.89577e-07
2.163e-06 4.71802e-07
-1.64953e-06 -3.98765e-07
-4.14768e-07 -5.51504e-07
1.83566e-06 -1.73256e-07
-1.90498e-06 -6.74963e-07
-1.26907e-07 -3.65233e-07
-7.97747e-07 5.63939e-07
3.45719e-07 5.812e-07
-1.39159e-06 5.71565e-07
1.68114e-06 -5.95083e-07
-1.31016e-06 -5.88701e-07
1.64009e-06 -3.0766e-07
6.21266e-07 -4.35319e-08
1.54581e-06 -6.56491e-07
7.07179e-07 9.85099e-08
5.26382e-07 1.69637e-07
-4.93471e-07 -4.76749e-07
-2.17568e-06 -5.2717e-07
-8.48249e-07 3.89389e-07
1.88649e-07 -1.31197e-07
1.25332e-06 -4.12632e-07
1.35784e-06 -6.27992e-07
1.55894e-06 2.86362e-07
3.54129e-07 6.1846e-07
1.81007e-06 6.53669e-07
9.85813e-07 6.26831e-07
8.00305e-07 -5.98639e-07
-1.89442e-06 -1.73022e-07
1.49032e-06 3.65465e-07
2.22273e-07 -2.27222e-07
-2.05687e-06 1.64749e-07
9.76321e-07 -6.59409e-07
-1.28351e-06 -4.78476e-07
1.35371e-06 6.34278e-07
7.7762e-07 -5.01469e-07
1.20119e-06 6.173e-07
1.11079e-06 -6.53258e-07
1.52032e-06 4.29452e-07
-1.99723e-06 -1.01181e-07
-1.35495e-08 -2.46589e-07
7.95932e-07 5.53535e-08
-1.33283e-06 -1.11595e-07
-1.1533e-06 4.92337e-08
2.10756e-06 -2.41052e-07
-1.43443e-06 6.96024e-07
1.24109e-06 -4.80235e-07
-1.59321e-06 4.26846e-07
1.13836e-06 -4.678e-07
-1.19795e-06 4.39177e-07
2.0658e-06 6.91479e-07
2.2494e-07 -3.72739e-08
-1.57341e-06 -5.37006e-07
1.46684e-06 2.39882e-07
-1.95258e-07 8.95728e-08
1.17669e-06 4.37175e-07
1.16155e-06 -3.08264e-07
-2.03495e-06 2.81221e-08
-1.72812e-06 4.09385e-07
-1.29975e-06 4.00253e-07
-1.39483e-06 6.67675e-07
-9.83939e-07 3.22478e-07
1.41444e-06 -5.27594e-07
-1.33417e-06 2.3741e-07
1.44736e-06 -9.24501e-08
-1.03162e-06 -2.50028e-07
-5.11336e-07 -4.87587e-08
-1.35674e-06 -5.05996e-07
1.37376e-06 -4.03149e-07
-5.71451e-07 6.84296e-07
6.64952e-07 -4.11697e-07
6.0785e-07 4.15345e-07
-2.75482e-07 3.53234e-07
6.1274e-07 -6.2932e-07
1.97578e-06 -2.67738e-07
-1.1878e-06 -6.7251e-07
-1.46257e-06 -2.56882e-07
-8.23646e-07 -7.73849e-08
3.85102e-07 -3.96664e-07
-1.84863e-06 2.31119e-07
-4.38221e-07 -5.29672e-07
-1.90192e-06 3.67119e-07
1.45276e-06 -9.93267e-08
1.2625e-06 3.93235e-07
-9.61134e-07 5.93402e-07
-1.74793e-06 1.66527e-07
1.41244e-06 -2.00409e-07
2.13267e-06 -3.94219e-07
1.20226e-06 5.02778e-07
9.26122e-07 -1.42192e-07
-1.3628e-06 2.23242e-08
-1.71947e-06 -1.2511e-07
-1.65734e-06 -4.11674e-07
1.44232e-06 -5.04781e-07
-4.37993e-07 3.738e-07
1.12458e-07 -4.67612e-08
6.70676e-07 4.48197e-07
-9.04533e-07 2.16499e-08
9.5602e-07 -1.49867e-07
1.08908e-06 -3.31995e-07
-4.40007e-07 1.46927e-07
-1.5042e-06 -1.55868e-07
7.82928e-07 2.96896e-07
7.3634e-07 -4.45038e-07
-1.94951e-06 2.29621e-07
-2.07027e-06 -3.84768e-07
7.07586e-07 3.00132e-07
1.30435e-06 4.38906e-08
-9.60304e-07 3.66322e-07
-1.75276e-06 -5.8748e-07
-1.32326e-06 6.42748e-08
1.00162e-06 3.67405e-07
-4.96652e-07 6.08126e-08
1.24867e-06 3.85144e-07
1.6358e-06 -2.3034e-07
-2.08748e-06 3.92174e-07
1.05035e-06 -1.96519e-07
7.64543e-07 -3.06035e-07
1.81715e-06 3.74168e-07
5.239e-07 -2.79335e-07
-7.54097e-08 -4.51995e-07
1.877e-06 -3.94604e-07
-1.09677e-06 -4.06079e-07
-8.02584e-07 6.61001e-07
-1.5771e-06 1.32598e-07
1.42292e-06 -6.17531e-07
-1.24061e-06 6.81207e-07
-5.80832e-07 5.29927e-07
1.40312e-06 6.69051e-07
3.38459e-07 -5.80866e-07
4.04282e-07 -4.32715e-07
1.39947e-06 -5.64699e-07
1.74334e-07 1.48111e-07
2.02107e-06 -3.52865e-07
5.7362e-07 -3.47902e-07
-1.68992e-06 -1.59639e-07
-1.33796e-06 6.18674e-07
2.78996e-07 3.49021e-07
-1.57503e-06 -1.1822e-07
1.63049e-06 5.05657e-07
-1.84864e-06 -6.11618e-08
1.70306e-06 -6.25203e-07
2.09805e-06 -5.382e-07
4.48349e-07 -2.92542e-07
-4.1181e-07 4.72487e-07
-9.55313e-07 6.19241e-07
3.86611e-07 1.09234e-07
1.04525e-06 -5.6054e-08
1.59901e-06 -2.74311e-07
1.27876e-06 3.15646e-07
1.28641e-06 4.98198e-07
-1.02853e-06 3.24422e-07
-1.80709e-06 -5.87604e-07
-1.4697e-07 1.83173e-07
6.8073e-07 -4.29546e-07
-1.4348e-06 -4.18142e-07
-1.52912e-06 -5.42465e-07
-2.13447e-06 3.47895e-07
-3.42308e-07 4.23652e-07
-1.11231e-07 -4.76456e-07
-1.32417e-06 2.49041e-07
1.62499e-06 -4.2643e-08
-4.45249e-07 -1.99565e-07
7.02004e-07 5.68517e-07
2.642e-07 1.42041e-07
-1.25855e-06 -1.46827e-07
-1.44936e-06 3.95308e-07
1.95981e-06 -5.19487e-07
3.16526e-07 6.8436e-07
1.45288e-06 1.02311e-07
-1.05809e-06 3.1509e-07
7.94805e-07 4.47291e-07
-2.0421e-07 4.65777e-07
-1.12549e-06 3.54276e-07
-1.25377e-06 5.98024e-08
2.2232e-07 3.70232e-07
-1.83272e-06 6.34454e-07
-3.80069e-07 6.38582e-07
1.75701e-06 8.01805e-08
-1.82859e-06 -4.12398e-07
4.94449e-07 -3.55089e-07
1.77423e-06 -5.48378e-07
7.51927e-07 -5.8034e-07
1.15758e-06 -3.54172e-07
3.97358e-07 -4.07255e-08
-6.29345e-07 8.62985e-08
-1.17517e-06 -1.76487e-07
1.84382e-06 -3.89317e-07
-1.47751e-06 -5.02953e-07
1.98916e-06 6.43627e-07
5.76567e-07 3.974e-07
-2.01943e-06 3.86622e-07
-2.09858e-06 3.60815e-07
-2.18298e-06 2.76077e-07
-1.24702e-06 -5.76981e-07
1.94319e-06 1.83432e-07
-7.70616e-07 -1.76296e-07
3.23992e-07 4.79525e-07
-6.63905e-07 5.07608e-07
6.88996e-08 -6.3605e-07
-6.7101e-07 6.84295e-07
1.77327e-06 5.71953e-07
-1.30168e-06 -4.0366e-07
-6.71148e-07 -1.09881e-07
-2.13921e-06 -4.30599e-07
-1.26344e-06 6.76454e-07
1.30763e-06 -4.85678e-07
1.59092e-06 4.36275e-08
2.02927e-06 5.10104e-07
-9.75968e-07 -6.18033e-08
2.83347e-07 -7.30661e-08
1.01968e-06 -4.11276e-07
4.04402e-08 3.61936e-07
2.59999e-07 5.39222e-07
-1.1624e-06 -2.79818e-07
-9.20928e-08 2.90358e-07
-2.17862e-06 -3.33682e-07
-3.52924e-08 -1.74031e-07
-2.14988e-06 2.77102e-07
2.01352e-06 1.90822e-08
-8.08407e-07 1.19968e-07
-2.09833e-08 -3.03083e-07
-1.06638e-06 2.14889e-08
-7.79765e-07 3.13462e-07
3.01451e-07 -8.00473e-08
1.84107e-06 -1.37086e-07
-5.01453e-08 -6.34097e-07
-4.8336e-07 5.38796e-07
-5.47726e-07 -6.16137e-07
5.40634e-07 -3.3304e-07
-1.10816e-07 9.84618e-08
-1.35557e-06 2.01735e-07
6.63913e-07 -4.57144e-07
-1.32272e-06 -6.40073e-07
-1.13878e-06 3.31095e-07
1.97222e-06 9.96582e-08
-8.67599e-07 4.04148e-07
-1.49644e-06 6.42782e-07
3.84237e-07 3.72954e-07
2.11484e-06 -1.44304e-07
-3.96213e-07 -3.90335e-07
-7.61719e-07 6.74252e-07
-2.0319e-06 4.58188e-07
-1.12144e-06 -1.2047e-07
-1.46291e-07 1.40956e-07
8.64773e-07 1.7519e-07
1.63035e-07 5.80238e-07
1.66759e-06 4.36493e-07
1.21588e-06 3.87286e-07
9.83483e-07 -4.46324e-07
-1.5089e-06 -5.7064e-07
1.69832e-06 -4.90035e-07
9.64452e-07 -5.13528e-07
-9.47882e-07 -2.5368e-07
-1.92453e-06 2.4373e-07
-1.00569e-06 3.47414e-07
-1.80186e-06 4.20411e-07
-1.03332e-06 1.58615e-07
8.10339e-07 5.4896e-08
8.04835e-07 -3.38447e-07
-1.02425e-06 6.0102e-07
7.87587e-07 -3.46629e-07
-1.32802e-06 3.0238e-07
-1.6011e-06 -4.48174e-08
-1.00492e-06 2.99232e-07
-1.22062e-06 5.26268e-07
-1.69055e-06 1.16226e-07
-7.39143e-07 2.40052e-07
-6.90625e-07 3.6404e-07
1.65506e-06 5.90357e-07
-2.04696e-07 -2.97568e-07
-1.16886e-06 -3.67988e-07
-1.45125e-06 -6.28927e-08
1.12259e-06 -2.06925e-07
-1.04126e-06 -4.18456e-07
8.23013e-07 -3.79626e-08
1.40737e-06 3.18864e-07
-6.00701e-07 -2.80145e-07
-1.7333e-06 -4.86323e-08
1.67505e-06 1.2563e-07
1.87178e-06 3.41622e-07
1.77595e-07 -4.53552e-07
8.52456e-07 3.59689e-07
1.42771e-06 5.16582e-07
-1.63029e-06 5.95025e-07
-1.83631e-06 -6.68896e-07
-1.86424e-06 -2.82117e-07
-1.43031e-06 -2.27994e-07
1.10971e-06 -2.57145e-07
-1.2726e-07 1.75709e-07
1.07872e-06 8.65847e-08
-2.08166e-06 2.6468e-07
-1.54319e-06 -1.89831e-07
5.75692e-07 6.76625e-07
8.3921e-07 -5.60276e-08
1.62019e-06 2.7438e-07
1.58269e-07 1.18061e-07
-1.2565e-06 1.46944e-07
1.57813e-06 3.91292e-07
-1.91361e-06 6.20241e-07
-1.88419e-06 -1.14925e-07
1.95268e-06 -3.27834e-07
-1.65321e-06 6.44162e-07
-1.01466e-06 -6.85131e-07
1.064e-06 -3.15728e-07
-1.93164e-06 -4.97786e-07
3.90391e-07 -5.11569e-07
1.75495e-07 3.72424e-07
1.20173e-06 -3.94593e-07
-1.41538e-06 -2.64585e-07
2.04678e-06 -6.54414e-07
-1.80575e-06 4.47668e-07
-2.19314e-06 -6.79169e-07
1.36913e-07 -3.77961e-07
1.15366e-07 -5.95238e-07
3.91043e-07 5.5664e-07
2.0508e-06 6.05017e-07
2.9309e-07 -1.51126e-07
1.37472e-06 -1.15631e-07
8.48733e-07 6.33097e-07
4.74888e-07 -4.45911e-07
4.90087e-07 4.60782e-07
-3.10273e-07 -1.2758e-07
1.55371e-06 -3.78767e-07
6.39395e-08 4.26482e-09
-1.58556e-06 6.88325e-07
-7.92849e-07 -5.34176e-07
-1.45604e-07 -3.36364e-07
2.13095e-06 -6.35093e-07
1.24094e-06 7.20803e-08
1.08882e-06 -4.60183e-07
-3.07566e-07 -1.64013e-07
-1.31048e-06 -3.68698e-07
-2.06626e-06 -2.27002e-07
8.20392e-07 -4.6951e-07
5.42979e-07 4.81299e-07
1.55935e-06 3.14448e-09
1.13391e-06 4.67629e-07
-8.85322e-07 -4.96959e-07
4.05195e-07 -6.79699e-08
1.79349e-06 -5.16017e-07
-1.64947e-06 4.19479e-08
9.54623e-07 4.15959e-07
-3.47943e-08 -5.50987e-07
-5.95025e-07 -3.34331e-07
1.43301e-06 -1.68345e-09
-5.64354e-07 -1.5249e-07
1.57775e-06 5.43211e-07
2.1972e-06 5.36175e-07
-8.94677e-08 2.57047e-07
-6.30537e-07 -3.34476e-07
1.92092e-06 -8.8322e-09
-1.30369e-06 3.97258e-07
1.0557e-07 5.33901e-07
1.95844e-06 3.40338e-07
-1.42621e-06 -2.69727e-08
1.98447e-06 -3.72972e-07
-6.79688e-07 -8.55036e-08
2.59407e-08 -8.33251e-08
2.11255e-06 2.9828e-07
2.01185e-06 1.08915e-07
6.29125e-07 -1.4979e-07
-7.26654e-07 -5.13452e-07
-1.71926e-06 -4.37348e-08
2.19895e-06 -6.2905e-07
-1.38675e-06 6.28362e-07
-2.17566e-06 -2.10972e-07
-9.80139e-07 -6.31828e-07
8.88509e-07 1.03094e-07
5.80865e-09 2.94523e-07
1.63955e-06 -2.3379e-07
-4.65656e-07 -5.3252e-07
1.36432e-06 -3.60819e-07
1.21144e-06 5.79224e-07
2.1048e-06 -4.12449e-07
2.15112e-06 -6.77538e-07
-1.22417e-06 4.59484e-07
3.86805e-07 -5.09365e-07
1.65521e-06 -6.97947e-07
1.76998e-06 -1.40558e-07
2.01516e-06 -9.10716e-09
5.01364e-08 -6.18522e-07
-1.49921e-06 4.56187e-08
5.48157e-07 5.67827e-07
2.16901e-06 2.18637e-07
5.38311e-07 -2.52159e-07
-7.16682e-07 -6.40357e-08
2.02064e-06 3.73142e-07
-1.16839e-06 -3.09828e-07
9.17135e-07 5.78278e-07
1.45412e-06 2.77491e-07
3.30465e-07 6.18718e-07
2.55246e-07 -4.82626e-07
-1.61671e-06 -3.8234e-07
-8.81925e-07 -4.6376e-08
-1.20713e-06 4.03217e-07
7.32898e-08 5.55117e-07
1.38214e-06 6.35465e-07
1.50464e-06 1.09168e-07
1.04077e-07 -2.8664e-07
-1.58805e-06 5.32489e-07
-2.11317e-06 -1.59608e-07
1.15318e-06 -1.42995e-07
1.27202e-07 4.37816e-07
1.10671e-06 -6.35314e-07
2.01188e-06 1.61895e-07
-9.57915e-07 5.42002e-07
2.41448e-07 -5.09678e-07
1.50677e-06 4.19374e-07
-4.50053e-07 9.90942e-08
-9.38457e-07 -5.24577e-07
7.53407e-10 6.52713e-08
-6.64289e-07 -1.49471e-07
-1.56844e-06 2.5567e-07
1.79186e-06 -6.84962e-08
-1.69165e-06 5.16539e-07
1.85818e-06 -6.43655e-07
-1.79105e-06 6.99552e-07
-1.73804e-06 -1.94513e-07
4.51976e-08 -1.29831e-07
-1.51898e-06 2.44472e-07
-1.76246e-06 -6.73584e-08
1.30963e-06 -4.2815e-07
8.14578e-07 -6.63795e-07
1.7313e-06 3.35385e-07
-2.0327e-06 -2.10909e-07
1.31934e-06 -2.05954e-07
-1.94639e-06 -3.30577e-07
-6.27042e-07 2.20296e-07
2.16228e-06 -2.75386e-07
-1.30924e-06 1.08595e-07
-4.00355e-07 -4.52367e-07
-2.15647e-06 4.77239e-07
-1.82575e-06 -3.10207e-07
1.71624e-06 6.56769e-07
7.455e-07 7.69149e-08
-1.34676e-06 2.9533e-07
1.04003e-06 4.67487e-07
1.84947e-06 5.48631e-07
1.38855e-06 -1.08284e-07
-7.67896e-07 1.72039e-07
-1.23533e-06 3.40343e-07
1.96015e-06 -3.50748e-07
-2.27835e-07 5.16525e-07
-2.02455e-06 5.22218e-07
2.90954e-07 5.51142e-07
-2.14306e-06 6.29731e-07
9.80983e-07 -5.68684e-07
1.94759e-06 1.48752e-07
-8.50497e-07 1.24272e-07
1.44064e-06 4.00486e-07
-6.12726e-07 -2.7908e-07
1.54316e-06 3.81859e-07
-2.1281e-07 6.93654e-07
1.28309e-06 3.75946e-09
1.51741e-07 1.9877e-07
4.29465e-07 -2.11135e-07
-2.00018e-06 -2.55988e-07
1.38695e-08 6.34901e-07
-6.58937e-07 8.15541e-08
-1.94531e-06 5.39346e-07
3.61894e-07 -5.55543e-07
9.97446e-07 3.66521e-07
7.37745e-07 5.90672e-08
5.86261e-08 -2.02007e-07
1.2272e-07 -3.03619e-07
1.64403e-07 6.55742e-07
2.05839e-07 -1.19042e-07
-4.16457e-07 -2.37183e-07
-1.57639e-06 1.07758e-07
1.09578e-06 6.75625e-07
-1.65837e-06 -2.96049e-07
3.43041e-07 2.58403e-07
1.89354e-06 -6.20518e-07
1.50067e-06 -1.29815e-07
1.80886e-06 -3.46777e-07
1.09409e-07 3.6762e-07
5.44836e-07 -6.823e-07
1.98574e-06 5.40165e-07
1.08752e-06 -4.13331e-07
-1.22159e-06 1.65907e-07
-1.78639e-06 2.76865e-07
7.00863e-07 -2.18914e-07
6.80569e-07 5.39134e-07
-2.93203e-07 2.3916e-08
2.19946e-06 -6.99863e-07
1.91138e-06 6.00365e-07
-5.61028e-08 -3.66271e-07
1.77679e-07 -2.90682e-07
1.99068e-06 8.42756e-08
1.94747e-07 1.00025e-07
-9.13983e-07 3.40894e-07
-1.82892e-07 -3.97071e-07
-1.93501e-06 3.81164e-07
1.85752e-06 -2.90543e-07
1.05823e-08 -4.67577e-07
2.41519e-07 -1.94616e-07
3.58846e-07 -3.97842e-07
8.26469e-07 5.87766e-07
-1.44779e-06 3.32318e-07
1.67079e-06 -4.33769e-07
4.19688e-07 -4.48905e-07
-1.31359e-06 -5.76701e-07
6.17447e-07 2.29914e-07
9.22275e-07 1.96994e-07
-1.52679e-06 -5.69975e-07
1.15098e-06 5.16918e-08
8.89064e-07 2.33143e-07
8.53406e-07 -5.67955e-07
-1.28808e-06 5.22724e-07
6.20885e-07 -4.75754e-07
-2.15696e-06 -2.13269e-07
-2.96232e-07 5.72585e-07
5.93555e-07 -5.54136e-07
1.79072e-06 -4.63975e-07
1.86772e-06 -6.90467e-07
-1.26868e-06 -2.77203e-07
-1.01744e-06 3.01589e-07
1.68507e-07 5.59594e-07
1.65836e-06 -2.56946e-07
-8.01785e-07 5.97725e-07
3.98542e-08 1.82481e-07
-2.1051e-06 -3.36432e-07
7.6551e-07 -5.22429e-07
-1.2384e-06 -5.72731e-07
-1.19824e-06 -5.25975e-07
-4.56208e-07 6.55442e-07
-1.01637e-06 6.64997e-07
1.75968e-06 3.81302e-07
-7.19518e-07 4.41917e-07
-5.69213e-07 -1.22687e-07
2.01442e-06 1.98754e-07
-1.90654e-06 -3.64757e-08
1.84093e-06 -2.85633e-07
1.43344e-06 6.58405e-07
-1.32457e-06 -8.83172e-08
2.14462e-06 5.79932e-07
1.62741e-06 -2.21076e-07
1.87728e-06 -5.40763e-07
2.1331e-06 6.73539e-07
6.54667e-07 -2.02693e-07
-1.17762e-06 1.31468e-07
-1.42271e-06 3.4554e-07
1.30689e-06 -3.76885e-07
4.6585e-07 -6.52738e-08
-1.37908e-06 -6.79644e-08
1.20955e-06 -5.30729e-07
6.76972e-07 -5.37325e-07
5.45048e-07 4.04442e-07
-2.12805e-06 7.41242e-08
-1.23535e-08 -6.39851e-07
-1.92174e-06 1.50901e-07
2.18615e-06 1.81808e-08
-1.16043e-06 6.51678e-07
-2.61501e-07 -1.59098e-07
-3.17949e-07 1.7438e-07
-4.15296e-07 -4.11282e-07
-1.41301e-06 6.53044e-07
-9.07576e-08 5.92751e-07
1.74211e-06 -6.8152e-07
9.63212e-07 -3.01066e-07
-1.68959e-06 1.5463e-07
-1.34657e-06 -1.0331e-07
-5.18667e-07 -3.59081e-07
3.72667e-07 -1.87401e-07
-1.84509e-06 -6.29661e-07
-1.22146e-06 4.8151e-07
3.30022e-08 5.71342e-07
-7.49657e-07 1.01634e-07
6.62329e-07 1.04937e-07
2.18793e-06 1.77394e-08
-1.91258e-06 -6.65791e-07
-1.2399e-06 1.86589e-07
5.73576e-07 1.59334e-07
-1.67105e-06 -4.94413e-07
1.33284e-06 1.90975e-07
3.79879e-07 6.53123e-07
1.45365e-06 3.30387e-07
1.72441e-06 2.56161e-07
9.35881e-07 -3.57653e-07
-3.64111e-07 -7.33972e-08
2.44115e-07 -4.7931e-07
1.18102e-06 -5.13123e-07
-2.02059e-06 -5.41807e-07
-1.593e-07 -4.14113e-07
1.4652e-06 5.53276e-07
-1.33408e-06 -1.31816e-08
-1.63538e-07 -6.42965e-07
-1.81203e-06 5.75237e-07
1.22428e-06 -4.6812e-08
-1.22598e-06 6.46486e-07
7.00086e-07 5.07762e-07
8.03361e-07 4.09763e-07
5.55749e-07 3.74944e-07
-1.12256e-06 3.95941e-07
1.79238e-06 2.64307e-09
-5.6636e-07 -6.56222e-07
1.81354e-06 3.4196e-07
-1.10608e-06 1.8945e-07
1.30126e-06 5.09404e-07
-6.76961e-07 -4.73091e-07
1.01425e-06 6.70169e-07
1.18256e-06 -1.34876e-07
-1.69425e-07 6.23726e-07
-2.1224e-06 -2.66488e-07
1.64356e-06 5.86218e-07
-9.06304e-07 -5.06231e-08
1.6372e-07 -6.1028e-07
-1.78188e-07 -2.49633e-07
-3.13844e-09 -1.74155e-07
-1.9273e-06 5.17352e-07
-1.68743e-06 -5.55438e-07
7.56996e-07 -2.82311e-07
-3.5404e-07 -1.34803e-07
-2.1044e-06 6.18604e-07
2.98127e-08 1.5942e-07
1.46676e-06 3.73083e-07
-1.10248e-06 2.89507e-07
-3.1912e-07 -3.80094e-07
-2.97854e-07 -5.67686e-07
1.00137e-06 2.12725e-07
1.37554e-06 5.34571e-07
3.96395e-07 -6.11829e-07
9.27773e-07 -1.53978e-07
1.22386e-06 3.46947e-07
-8.62067e-07 3.95244e-08
-1.16525e-06 2.60095e-07
-6.5331e-07 1.35998e-07
-1.85678e-06 3.33925e-07
-9.80248e-07 9.97498e-08
-1.07618e-06 5.67695e-07
1.75499e-06 -5.02945e-07
1.44216e-07 -2.00852e-07
6.35733e-07 -2.19271e-07
-8.8392e-07 -1.31121e-07
1.9528e-06 -1.15991e-07
-2.00252e-07 6.25514e-07
-1.04603e-06 5.38447e-08
1.10086e-07 -1.23166e-07
-1.792e-06 -6.35908e-07
1.66986e-06 -3.56318e-07
-9.49005e-07 2.90603e-07
-1.54881e-06 -6.18817e-07
-1.14449e-06 1.12258e-07
6.33944e-07 5.80047e-07
1.88797e-06 -9.64695e-08
1.36799e-06 6.22267e-07
1.76635e-06 6.92339e-07
-5.60802e-07 6.59436e-07
4.47361e-07 2.52809e-07
1.54279e-06 2.59673e-07
1.52982e-06 -5.24916e-08
-6.76473e-07 4.02321e-07
-2.19519e-06 6.99325e-07
1.3634e-07 -3.38704e-07
-9.85535e-07 -4.0065e-07
6.61242e-07 -3.27793e-07
-2.98686e-08 -6.60378e-07
-8.1752e-08 -4.00805e-07
2.05528e-06 5.04073e-07
-1.93166e-06 2.53018e-07
3.26054e-07 -4.04722e-07
-4.39475e-07 -6.63602e-07
-8.03066e-07 3.64517e-07
-5.76851e-07 1.40246e-08
7.71933e-07 2.88193e-07
1.80152e-06 -5.14524e-07
5.42279e-07 3.11797e-09
1.20571e-06 1.02813e-07
-1.44474e-06 5.66997e-07
-1.17394e-06 -8.77886e-08
-1.19475e-06 6.75502e-07
-1.58183e-06 -6.1281e-07
8.51954e-08 4.26893e-08
7.2259e-07 -4.03071e-07
2.14444e-06 -3.72191e-07
-2.06329e-06 3.62748e-07
1.3448e-06 -6.4288e-08
-2.6088e-07 8.98298e-08
-1.4615e-06 5.95384e-07
-1.82038e-06 4.215e-07
1.6333e-06 3.63473e-07
1.95827e-06 -1.43562e-07
-1.69546e-06 1.14861e-07
1.20152e-06 3.19573e-07
8.74439e-08 5.66914e-07
-1.53204e-06 4.08247e-07
5.6321e-07 4.75097e-07
1.17407e-06 -3.24181e-08
1.31136e-06 -4.68698e-07
-2.43381e-07 -3.35582e-07
-1.97692e-06 -3.779e-07
1.15039e-06 6.11239e-07
-1.87826e-07 1.73026e-07
5.43151e-07 -5.53914e-07
1.22272e-06 2.58186e-07
1.94934e-06 4.65504e-07
2.03122e-06 4.18252e-07
7.33455e-07 6.65049e-07
-1.34148e-06 -1.64101e-07
1.40264e-06 3.02697e-07
4.35646e-07 6.78729e-08
1.06307e-06 1.74881e-07
1.88795e-06 6.26237e-07
-1.46038e-06 1.17023e-07
-1.34352e-06 -7.49947e-08
1.60558e-06 4.1544e-07
1.84559e-06 -6.70583e-07
7.17663e-07 5.26941e-07
-2.03955e-07 -8.69693e-08
2.01059e-06 -3.89155e-07
7.32559e-07 -3.109e-07
-1.07226e-06 6.05449e-07
-1.63709e-06 -2.82978e-08
7.27985e-07 2.05744e-07
8.31187e-07 5.99972e-07
-1.07637e-06 9.07978e-08
4.98343e-07 1.6213e-07
4.95944e-07 1.9684e-07
1.49434e-06 -6.27796e-07
-9.86556e-07 -2.9971e-07
1.83282e-06 -2.38187e-07
-2.1694e-06 -6.58272e-07
5.16396e-07 -3.77431e-07
1.11266e-06 -1.46252e-07
1.74585e-06 -6.82555e-07
-1.81473e-06 -5.17561e-07
2.1375e-06 -4.79708e-07
-2.18863e-07 2.13581e-07
-1.39468e-06 1.45253e-07
-1.85536e-06 -3.54623e-07
1.54425e-06 5.84757e-07
-1.78165e-06 -2.93446e-07
3.56141e-07 2.94191e-08
7.74596e-07 -5.99485e-07
4.29786e-07 1.91205e-07
2.92755e-08 4.45629e-07
-9.45078e-07 -6.42234e-08
-5.14487e-07 1.83826e-07
-1.6709e-06 -2.67277e-07
1.60316e-06 -7.48711e-08
1.41353e-06 -4.26045e-07
4.78752e-07 -1.66138e-07
-1.45128e-06 -1.92873e-07
5.34146e-08 -4.95269e-07
-6.48993e-07 -5.9152e-07
2.06193e-06 8.23952e-08
1.38962e-06 4.65708e-07
2.01907e-06 4.83783e-07
-5.54299e-07 2.02471e-07
1.06553e-06 2.13859e-09
-1.30288e-06 -4.04207e-07
-9.76149e-07 6.0548e-07
-1.97573e-06 2.83444e-07
-2.03607e-06 -2.97498e-07
-1.33094e-06 -2.88112e-07
-1.50605e-06 7.39396e-09
-2.02521e-06 3.63713e-07
1.58565e-07 -3.28615e-07
1.17721e-06 3.28516e-07
-8.1718e-07 -1.36747e-07
7.82667e-07 2.51625e-08
-2.73255e-07 1.58679e-07
1.8277e-06 1.60407e-07
1.0833e-06 6.0323e-07
-1.47103e-06 -5.92469e-07
7.41055e-07 4.20343e-07
-2.15201e-06 -3.39956e-07
-1.17954e-06 5.0307e-07
1.25826e-06 3.21904e-07
1.59701e-06 3.09937e-07
-1.03595e-07 -4.00567e-07
1.49765e-06 3.28929e-07
7.90095e-07 5.48966e-07
1.13578e-06 -2.65206e-08
-4.86481e-07 1.45581e-07
-9.65904e-07 4.27775e-07
-1.50247e-06 -5.04011e-07
7.43998e-07 -6.83014e-07
-1.92617e-06 3.05482e-08
1.645e-06 -3.50055e-08
1.11957e-07 -6.0591e-07
-5.4819e-07 -6.0879e-07
-1.83588e-06 1.87315e-08
-3.89962e-08 3.06088e-07
-2.11027e-07 1.70774e-07
-1.63483e-07 -6.28541e-07
1.85853e-06 4.46324e-07
2.0896e-06 -1.46594e-07
-2.90977e-07 -6.05723e-08
1.46447e-06 5.86602e-07
1.05512e-06 4.89458e-07
1.38829e-06 6.1854e-08
-3.61321e-07 -5.78813e-07
-1.96297e-06 1.0422e-07
-1.84321e-06 -4.98495e-07
1.09398e-06 -3.56012e-07
1.3149e-06 6.51504e-07
2.03393e-06 -4.89746e-07
-1.26786e-06 -2.09665e-07
1.89282e-06 -4.62959e-07
1.28653e-06 -2.20329e-07
-1.87469e-06 5.02115e-07
7.97222e-08 -5.25359e-08
-1.3836e-06 2.98189e-07
-8.49997e-08 2.41925e-07
9.13356e-07 -4.59627e-07
-2.35035e-07 -4.22803e-07
1.65121e-06 4.84784e-07
-6.46264e-07 -4.2848e-07
-7.72065e-08 2.14254e-07
1.39908e-06 5.71225e-07
8.01067e-08 2.13765e-07
-1.22548e-06 -4.33245e-07
-8.38844e-07 4.65353e-07
9.05346e-07 5.0236e-07
-9.47536e-07 -2.26451e-07
-7.40876e-07 3.32693e-07
2.36322e-07 2.02444e-07
1.72881e-06 -5.17232e-07
2.12874e-06 -1.75841e-07
-6.54508e-07 -7.45631e-08
7.88359e-08 2.17796e-07
5.52155e-07 6.97286e-07
7.02867e-07 -4.351e-07
1.7515e-06 -5.87575e-07
1.48317e-06 -2.90537e-07
-4.04286e-08 4.92544e-07
-1.07874e-06 5.25138e-07
-1.31917e-06 4.33576e-07
2.50967e-07 -2.81108e-07
-2.18346e-06 -3.07574e-07
3.23611e-07 2.08605e-07
1.94557e-06 -1.22346e-07
9.12233e-07 6.62264e-07
5.46215e-07 -6.76088e-07
-5.41606e-07 -2.39159e-07
-1.81727e-06 -4.33464e-07
-2.83948e-07 2.02578e-07
-2.03268e-06 -3.18452e-07
-2.05607e-06 4.59261e-07
-3.33888e-08 3.61967e-07
1.0321e-06 6.40322e-07
1.29094e-06 4.69133e-07
1.92205e-06 -2.00226e-07
2.14411e-06 -5.40787e-07
2.10053e-06 6.95545e-07
2.84027e-07 1.84796e-08
6.34838e-07 8.22747e-09
-6.52935e-07 -1.81134e-07
1.9866e-06 -3.685e-07
-4.05173e-07 1.96281e-07
-1.14912e-06 5.92486e-07
1.77452e-06 3.93378e-08
-1.77937e-06 -6.44772e-07
1.31672e-06 2.04034e-07
6.58161e-07 6.08073e-07
-5.15815e-07 6.72402e-07
1.81036e-06 -3.98537e-07
-8.69664e-07 -1.79985e-07
-3.03717e-08 -2.30845e-07
2.17188e-06 -2.97734e-07
1.00972e-06 -4.51376e-07
-1.42493e-06 -3.95448e-07
-7.03971e-07 1.68099e-07
-1.11746e-06 2.31945e-07
-1.3128e-06 -6.37422e-07
-1.90688e-06 -4.50165e-07
-9.84998e-09 6.23915e-07
-1.94092e-06 -6.8334e-07
1.74573e-06 -4.9061e-07
-1.34497e-06 4.75944e-07
-5.71397e-07 6.1814e-07
-1.39955e-06 1.38188e-07
-2.17405e-06 3.22735e-07
2.15047e-06 1.65345e-07
6.3895e-07 -3.68175e-08
1.85024e-06 2.4223e-07
1.67783e-06 -3.28756e-07
1.81483e-06 -5.42164e-07
9.59803e-07 -3.53326e-07
-1.57556e-06 -2.39699e-07
-6.52384e-07 -2.8668e-07
1.80671e-06 5.41156e-07
-6.1896e-07 6.30981e-07
1.60498e-07 1.53808e-07
1.17833e-06 -5.84695e-07
9.47883e-08 6.62377e-07
1.92847e-07 2.2153e-07
2.17075e-06 -1.96157e-08
-6.69407e-07 -3.8116e-07
2.47915e-07 -3.87517e-07
-9.92887e-07 -2.59738e-07
-1.81247e-06 -2.11664e-07
-1.75646e-06 -5.60003e-07
-6.6961e-07 -5.81506e-07
-1.37582e-06 -1.0684e-07
1.62885e-06 -1.75413e-07
-2.08048e-06 -5.47031e-07
1.27454e-06 -2.13733e-08
-1.2894e-06 -3.85656e-07
7.21705e-09 3.64084e-07
-7.78523e-07 -6.33237e-07
1.64427e-06 -1.45686e-08
-1.28883e-06 -4.7395e-07
7.75809e-07 -6.01414e-07
1.82675e-06 -4.59541e-07
1.96557e-06 2.32918e-07
-5.9025e-07 -6.65111e-07
-1.96321e-06 -6.86712e-07
-2.77389e-07 -5.5449e-07
-1.18135e-06 2.48033e-07
-1.29754e-06 1.61899e-07
2.08206e-06 -4.40925e-07
1.23267e-06 6.94424e-07
-7.86999e-07 6.9827e-07
1.55428e-06 -5.89025e-07
-1.71293e-07 -1.27141e-07
6.93796e-07 5.61385e-07
-6.18485e-07 -3.98948e-07
7.20818e-07 6.59562e-08
-1.3492e-07 6.04358e-07
-8.54664e-07 4.01676e-07
-1.28212e-06 4.44388e-08
1.25297e-06 4.09977e-07
-1.09117e-06 -6.83355e-07
-1.20546e-06 9.44066e-08
1.60847e-06 -1.48376e-07
2.12488e-06 6.35549e-07
-6.99698e-07 -5.72052e-07
3.39661e-07 -6.40093e-07
2.01945e-06 -2.59734e-07
-8.05226e-07 7.59228e-08
-8.61645e-07 1.87236e-07
1.51428e-07 5.44925e-08
-8.2445e-07 1.09947e-07
-1.16778e-06 3.77549e-07
9.88709e-07 -6.25428e-07
-1.10065e-06 4.50389e-07
7.07407e-07 3.04356e-07
1.66636e-06 -3.58602e-07
1.97622e-06 -6.69685e-07
1.7495e-06 4.70719e-07
-4.25564e-07 -4.82334e-07
-2.12935e-06 7.30666e-08
1.60842e-06 2.43927e-07
5.59345e-08 2.49649e-07
-5.90622e-07 -7.39641e-08
-2.85061e-07 1.23026e-08
9.95154e-07 3.35739e-07
8.70417e-07 -5.04052e-07
1.25874e-06 -5.49309e-07
1.94129e-06 1.96812e-07
-2.62914e-07 2.57623e-07
1.90928e-06 6.83165e-07
-3.42349e-07 2.73265e-07
-2.06248e-06 -6.8417e-07
-1.39234e-06 5.80429e-07
-3.47603e-07 -1.38452e-07
-9.47089e-07 -4.54155e-07
-2.01316e-06 -6.33314e-07
1.83133e-06 -2.16989e-08
-1.85816e-06 -4.46753e-07
5.8568e-07 -6.76022e-07
-5.90758e-07 -9.45662e-08
-1.7678e-06 3.13274e-08
-2.0949e-06 -1.25789e-07
-1.6358e-06 4.43941e-07
1.09692e-06 1.68332e-07
4.97474e-07 2.8345e-07
2.15858e-06 3.19725e-08
2.84393e-07 -3.67179e-07
-2.51819e-07 5.95095e-08
-1.24064e-06 6.70295e-07
7.2974e-07 6.52499e-07
1.29879e-06 -5.83826e-07
2.17706e-06 -6.06077e-07
1.95626e-06 -5.64512e-07
1.29941e-06 1.74508e-07
-1.6947e-06 -1.16388e-07
-2.00539e-06 5.29104e-07
1.61344e-07 -1.50852e-07
7.9176e-07 -5.3921e-08
-1.96241e-06 -9.07932e-08
-1.3939e-07 -1.4794e-07
-1.62008e-06 3.49835e-07
-8.67566e-07 1.69319e-07
-4.22855e-07 3.21108e-07
-1.27363e-06 2.54543e-07
3.53494e-07 -1.59399e-07
-1.71691e-06 4.99006e-07
1.62159e-06 -5.36083e-07
3.61462e-07 -2.59795e-07
-1.05957e-06 2.80038e-07
-8.83296e-07 5.94644e-07
-3.36866e-07 -9.01127e-08
6.89095e-07 -3.48992e-07
-8.76365e-07 2.19631e-07
-1.15885e-06 -5.01553e-07
1.56856e-06 -6.16531e-07
-2.39356e-07 3.24816e-07
-2.60981e-07 -3.70513e-07
1.27274e-08 -4.84798e-07
-3.965e-07 1.89304e-07
-2.08335e-07 -6.67238e-07
1.42729e-07 -2.67968e-07
1.1016e-07 -6.29664e-07
1.06844e-06 -1.67199e-07
-7.52491e-09 1.05608e-07
1.664e-06 -2.31513e-07
8.70114e-07 -3.20157e-07
1.1671e-06 -5.03137e-07
1.86339e-07 1.20464e-07
-1.17522e-06 -4.75268e-07
1.66826e-06 -6.41382e-07
-6.75379e-07 3.55325e-07
2.91172e-07 6.14089e-07
1.91447e-06 -2.86264e-07
-4.32915e-07 -9.50797e-09
-1.36231e-06 3.18096e-07
-2.09757e-07 -5.01067e-08
6.2362e-08 5.72418e-07
-1.90916e-06 5.76649e-07
-1.00057e-06 1.45919e-07
-2.19363e-06 -3.90003e-07
1.27499e-06 -9.52991e-08
1.62461e-06 -3.14255e-07
-1.86535e-06 5.87103e-08
1.11453e-06 3.48147e-07
1.97528e-06 -1.82844e-07
3.69537e-07 1.55106e-07
-1.77913e-06 2.86112e-07
-9.17288e-07 -2.13983e-07
-1.10614e-06 6.33039e-07
1.59499e-06 5.818e-07
1.06665e-06 6.46162e-07
-1.73858e-06 -1.06492e-07
9.18063e-09 -4.35026e-07
-1.06437e-06 -1.49774e-07
-1.56304e-06 5.93632e-07
-5.89293e-07 3.47968e-07
1.58733e-06 -2.31641e-07
7.23145e-07 -3.75618e-07
-2.11566e-06 6.69098e-07
-1.92312e-07 -3.40928e-07
8.60837e-07 2.27627e-07
-3.33222e-07 5.26631e-07
-1.56869e-06 -2.64748e-08
-1.50251e-06 -3.16718e-07
-1.46334e-06 6.45072e-07
-1.52636e-06 -4.68009e-08
1.56682e-06 6.35422e-07
-1.39291e-06 5.48967e-07
-1.08482e-06 -1.27357e-07
9.36437e-07 -1.81259e-07
2.62016e-07 -6.33749e-07
2.09492e-06 -2.30109e-07
7.76593e-07 -2.02727e-07
-1.12104e-06 4.34971e-07
1.02497e-06 2.76724e-07
-3.0341e-07 5.01227e-07
6.52509e-07 -5.59133e-07
-1.36709e-07 7.93016e-08
-1.69456e-06 -4.57435e-07
4.44263e-07 6.86514e-07
7.31176e-07 -1.6697e-07
-3.99726e-07 -4.4359e-07
-4.45955e-08 3.33758e-07
-1.16771e-06 4.96491e-07
4.69063e-07 -4.27755e-07
-2.13422e-06 -6.76595e-08
-1.69423e-06 -2.21028e-07
-1.9455e-06 -5.55613e-07
8.8295e-08 -6.73243e-07
1.55775e-06 1.71292e-07
-1.79768e-06 -2.44664e-07
-2.02028e-06 -6.55366e-07
-1.58694e-06 -3.93837e-07
-2.88686e-08 -1.92326e-07
3.87807e-07 -6.84803e-08
-1.54597e-06 2.706e-08
-1.69178e-06 4.3252e-07
8.89802e-07 -3.56652e-08
1.54347e-06 1.46296e-08
-1.88958e-06 2.12662e-07
8.00756e-07 9.49103e-08
-8.63472e-07 5.7225e-07
-1.70289e-06 1.01906e-07
9.86755e-07 -2.81904e-07
4.82061e-07 1.90839e-07
-8.17428e-07 -4.83302e-07
1.49682e-06 -3.92056e-07
1.79836e-06 6.05167e-07
1.32519e-06 1.36362e-07
-7.61502e-07 5.45306e-07
-9.00196e-07 -2.96001e-07
2.07781e-06 5.38586e-08
-6.60132e-07 -5.30138e-07
1.10968e-06 -1.09307e-07
3.59526e-07 5.23262e-07
-1.65381e-07 -5.78798e-07
7.14354e-07 5.61202e-07
-1.38736e-06 1.91626e-07
-9.89039e-08 4.42916e-07
5.45382e-07 -7.95773e-08
-2.17476e-07 -1.04913e-08
-9.34833e-07 -6.60669e-07
7.23459e-07 5.29781e-07
5.80265e-07 -2.46772e-07
-2.1165e-06 -5.47827e-07
5.67263e-07 -4.0968e-07
-5.04801e-08 2.37113e-07
1.49976e-06 2.98523e-07
-8.62098e-07 -2.31809e-07
1.56782e-06 -3.31656e-08
1.72073e-06 3.19325e-07
-8.26334e-07 -2.944e-07
9.54564e-07 -4.25936e-07
2.12582e-06 1.83693e-07
-2.73397e-07 4.73015e-07
9.07197e-07 -1.58915e-07
1.14716e-06 2.00128e-07
3.63114e-07 6.93094e-07
1.05829e-06 -5.06128e-07
-1.52422e-06 2.58118e-07
2.57309e-07 -8.1253e-08
7.36766e-07 2.07563e-07
2.18992e-06 7.76746e-08
-1.30499e-06 4.63268e-08
-1.41994e-06 6.49272e-07
-1.4933e-06 3.41144e-08
2.05044e-06 -4.52273e-07
-1.43175e-06 -5.85487e-08
1.29105e-06 -4.15341e-07
-2.00888e-06 -1.01136e-07
-4.35944e-07 -2.2675e-07
1.19982e-06 3.85955e-07
-1.99213e-06 1.34608e-07
8.75969e-07 -5.3967e-07
-8.32874e-07 1.12239e-08
-1.41068e-06 7.7213e-08
-1.56523e-06 -1.56423e-08
-1.34669e-06 -3.15457e-07
3.95516e-07 -4.40331e-07
2.06981e-06 6.76847e-07
-1.62053e-06 -4.13094e-07
-2.05591e-06 -5.49325e-08
-2.33364e-07 4.18996e-07
2.45054e-07 3.68215e-08
-1.30779e-06 -3.82127e-07
9.41914e-07 5.14361e-07
3.33263e-08 2.89815e-07
-1.36283e-06 -5.18078e-07
-1.99487e-07 -6.09016e-07
2.43821e-07 2.2567e-07
1.25963e-06 6.2391e-07
-1.37252e-07 -5.83973e-07
5.64034e-07 2.97231e-07
-7.38553e-07 -2.9949e-07
-2.9617e-07 2.33659e-07
-1.69041e-06 1.88408e-07
-1.76497e-06 5.3682e-07
1.01072e-06 6.40933e-07
-7.20731e-07 2.98846e-08
-1.79414e-07 -5.19648e-08
2.00279e-06 1.86751e-08
1.65089e-07 -6.81492e-07
7.89981e-07 6.90108e-07
1.51266e-07 4.05757e-07
5.2597e-07 2.44951e-07
-1.79333e-06 -6.13294e-07
1.90598e-06 2.70717e-07
-8.00929e-07 4.84364e-07
-2.18512e-06 -5.52578e-07
1.28568e-06 -4.70022e-07
1.02819e-06 2.33805e-07
1.34519e-06 -4.33156e-07
-1.7393e-06 -3.68813e-07
-1.19181e-06 6.7127e-07
-1.10354e-06 2.29109e-07
6.17542e-07 -5.02342e-07
-2.02934e-06 -5.41219e-07
1.27756e-06 6.26556e-07
1.04708e-06 -6.2352e-07
-1.67162e-06 1.92195e-07
-1.36026e-06 5.8648e-07
-2.01385e-06 1.43021e-07
1.52019e-06 -6.22454e-07
-8.34338e-07 1.95103e-07
-1.81526e-06 -4.95294e-08
1.62897e-06 -1.81602e-07
-9.10285e-07 -8.32064e-08
-5.52531e-07 1.53016e-07
4.89942e-07 2.76662e-07
1.49775e-07 3.77325e-07
-1.88561e-06 -5.88814e-07
-2.13996e-06 6.30346e-07
7.43133e-08 5.1249e-07
-1.56994e-06 5.64694e-07
5.53193e-07 5.50625e-08
4.8069e-07 8.78755e-08
2.09623e-06 -6.82795e-07
2.00704e-06 2.42676e-07
1.04843e-06 6.87125e-07
1.41127e-06 3.80627e-07
-1.64557e-06 -5.29908e-07
1.82809e-06 2.44387e-07
3.39502e-07 6.04548e-07
6.67537e-07 -6.072e-07
-6.97736e-07 -4.2206e-07
1.77455e-07 2.69754e-07
-4.47873e-07 6.56132e-07
-2.15918e-06 3.13254e-07
1.11303e-06 2.29133e-07
-3.94917e-07 -6.88919e-08
-1.64681e-06 3.1695e-07
1.5855e-06 6.00177e-07
-1.85554e-06 4.82941e-07
-1.9044e-06 -3.0994e-07
-2.92608e-07 6.33755e-07
-1.56811e-06 1.93955e-07
-3.67112e-07 -4.9092e-07
3.25482e-07 5.44044e-07
-1.03113e-06 1.50029e-07
-1.75316e-06 5.75e-07
-1.07758e-06 -4.63333e-07
-1.65764e-06 -3.39629e-07
-3.30988e-07 -3.29248e-07
1.73246e-06 5.19685e-07
1.84647e-06 3.5267e-07
9.23004e-07 -2.91941e-07
1.31299e-06 -2.74058e-07
1.3631e-06 -5.24618e-07
-1.92428e-06 5.01162e-07
6.67748e-07 6.73483e-07
2.12823e-07 -6.35174e-07
7.421e-07 3.07128e-07
6.92003e-07 6.47541e-07
-8.19093e-08 -5.36985e-07
-1.52962e-06 1.34554e-07
1.98022e-06 -5.43038e-07
-2.33099e-07 5.57867e-07
9.9598e-07 6.04242e-07
2.09494e-06 -8.86146e-08
4.06748e-07 5.70721e-07
1.9529e-06 5.29105e-07
1.98075e-06 -5.03179e-08
-1.27516e-06 5.68098e-08
7.54804e-07 4.31437e-07
6.95135e-07 -6.11722e-07
2.09659e-06 6.55172e-08
-2.05821e-06 -4.89864e-07
-7.34999e-07 -5.59194e-07
-1.64351e-06 -2.48402e-07
1.14847e-06 2.0341e-07
-1.91042e-08 -1.08068e-08
1.31632e-08 -6.92481e-07
-7.45766e-07 3.70837e-07
-1.85222e-06 1.69664e-08
1.95105e-06 6.19747e-07
-2.03048e-06 -3.08349e-07
1.94897e-07 3.90451e-07
-1.22175e-06 -1.78128e-07
1.39457e-06 -5.30991e-07
-6.86033e-07 3.56962e-08
3.68385e-07 2.08134e-07
-1.00266e-06 -8.81392e-08
3.3676e-07 -6.07331e-07
-7.71824e-07 3.04908e-07
1.71455e-06 1.18328e-08
-1.94029e-06 -1.73955e-07
1.70778e-06 2.07727e-07
-1.98611e-06 -6.07977e-07
5.88936e-07 -5.58123e-07
1.63574e-06 3.98219e-07
-8.26194e-07 -1.89788e-07
1.48467e-06 -4.51904e-07
1.65401e-06 -1.84671e-07
1.60622e-06 3.26973e-07
-4.94397e-07 -2.06284e-07
-1.99244e-06 -4.09271e-07
1.03119e-06 -5.24617e-07
9.405e-08 -5.14317e-07
-7.70921e-07 -5.3184e-07
3.4225e-07 1.01298e-07
1.42046e-06 2.45634e-07
-4.15723e-07 4.55779e-07
1.28467e-06 -5.22349e-07
9.56695e-07 4.78209e-07
5.5706e-07 2.48701e-07
1.86604e-06 -1.43221e-07
5.86307e-07 -6.14624e-07
-1.80104e-06 2.61409e-07
3.20747e-07 -6.30079e-07
-1.56244e-06 -3.6782e-07
-1.30053e-06 5.95781e-07
-3.74215e-08 7.43841e-08
-1.93363e-06 -3.63067e-07
-3.12731e-08 3.23444e-08
-1.24467e-06 -6.51924e-07
1.75105e-06 6.82882e-07
4.84034e-07 -5.44988e-07
-7.49138e-08 6.60354e-07
1.39975e-06 1.06738e-07
-1.92222e-06 6.79981e-07
-1.20996e-06 1.35342e-07
2.16216e-06 -3.07464e-07
3.58337e-07 -3.0534e-09
5.19675e-09 3.63216e-07
-1.18579e-06 -2.39874e-07
1.38345e-06 -1.77834e-07
1.95741e-06 2.84559e-07
3.36585e-07 -1.45479e-07
-4.59603e-07 2.07935e-07
1.77866e-06 6.67532e-07
-1.09824e-06 1.90099e-07
-1.56514e-06 -2.96726e-07
2.56471e-07 2.09158e-07
-4.7708e-07 -2.70568e-07
-1.56702e-06 -2.65659e-08
-2.11301e-06 5.65078e-07
-7.15497e-08 3.9275e-07
-1.86583e-06 8.42819e-08
4.39549e-07 -4.46659e-07
1.92546e-06 3.42088e-07
9.80816e-07 -3.93376e-07
-6.75286e-07 -2.88186e-07
1.24401e-06 2.76119e-07
-1.10823e-06 2.88455e-07
-2.73181e-07 -5.88488e-07
1.23966e-06 -1.25703e-07
-1.99463e-06 6.37417e-07
-1.63112e-06 1.86461e-07
-8.42281e-07 -2.6386e-11
-1.6797e-06 3.13582e-07
9.83299e-07 6.38939e-07
3.13744e-08 2.06455e-07
-1.39509e-06 -3.86565e-07
1.10906e-06 -5.80052e-07
-1.7565e-06 -2.61954e-07
1.27327e-06 4.10188e-07
1.20504e-06 -2.97319e-07
2.02815e-06 1.51335e-07
-1.66017e-07 5.96784e-07
5.37327e-07 -3.23384e-08
1.36179e-06 -6.28153e-07
1.11873e-06 4.52899e-07
9.16389e-07 -5.53671e-07
-1.08792e-06 -1.70539e-07
-1.09164e-06 -1.97732e-07
-2.1497e-06 -1.42475e-07
2.01672e-06 4.30738e-07
-5.72307e-07 4.05581e-07
4.69812e-07 -4.622e-07
7.14267e-07 2.03522e-07
-1.9558e-07 3.48303e-08
-1.45719e-06 6.65113e-07
-8.48059e-07 4.52444e-07
1.24072e-06 5.58234e-07
2.68577e-08 -2.29571e-07
5.98306e-07 -3.01215e-08
5.37481e-07 -2.6307e-07
1.15474e-06 4.49609e-07
-4.51588e-07 1.13778e-07
-1.10109e-06 -4.02545e-07
-1.66467e-07 1.28359e-07
8.72446e-07 -1.33932e-08
-6.25388e-07 -1.16989e-07
-2.11475e-07 1.77975e-07
-2.2064e-07 -4.12655e-07
-2.01811e-06 -3.06992e-07
-2.88289e-07 -4.58775e-07
-1.46048e-06 1.18599e-08
1.97642e-06 6.09205e-07
-3.09828e-08 2.56931e-07
1.57642e-06 5.34226e-07
1.13753e-06 -4.86173e-08
1.55238e-08 -3.3718e-07
8.67198e-07 5.86762e-08
1.97534e-06 -3.77491e-07
-1.72948e-06 -4.91008e-07
-8.18052e-07 -2.30149e-07
1.42188e-06 2.57921e-07
3.6567e-07 -2.45892e-07
-9.00382e-07 3.14463e-07
1.95932e-06 -3.20677e-07
-1.95662e-06 2.7531e-07
-7.03818e-07 1.61013e-07
-1.99214e-06 1.68665e-07
1.96567e-06 -2.08321e-07
-1.20482e-06 -4.03159e-07
-8.18408e-07 -5.75812e-07
-1.9471e-06 -2.31149e-07
-7.48309e-08 -5.5675e-07
-6.16705e-07 1.26352e-07
-7.23885e-08 -5.89329e-07
-1.6924e-06 2.26654e-07
-3.13523e-07 -2.04863e-07
1.91714e-06 -4.51169e-07
1.48696e-06 -2.10137e-07
-1.98037e-06 -2.82324e-07
5.39426e-07 5.05729e-07
-1.10276e-06 -6.95633e-07
-2.18392e-06 -5.2546e-07
3.77636e-07 -6.35295e-07
9.4952e-08 -3.03429e-07
1.31334e-06 -6.59687e-07
2.35982e-07 -8.06732e-08
9.38658e-07 3.04373e-07
-6.582e-07 -5.39338e-07
9.76591e-07 -6.07443e-07
1.80042e-06 -1.424e-07
-1.61425e-06 -4.06164e-07
-1.74037e-06 -6.5843e-07
-8.73583e-09 -4.83936e-07
1.71187e-06 -2.44216e-07
5.98511e-07 4.54598e-07
-1.75507e-06 -2.77354e-08
-1.30888e-06 -9.26338e-09
5.70898e-07 -3.70366e-07
-9.87325e-08 -3.58003e-08
-1.88642e-06 -1.25605e-07
-2.00412e-06 -5.74358e-07
1.48154e-06 -5.91897e-07
-1.15722e-06 5.67555e-07
3.29535e-08 -2.34162e-07
-8.22722e-07 1.54651e-07
1.57019e-06 -4.41278e-07
1.52456e-07 1.48129e-07
9.40494e-08 2.26803e-07
-1.92131e-06 -5.37821e-07
-5.64535e-08 8.93191e-08
-6.75216e-07 -1.18028e-07
9.8726e-07 4.96343e-07
1.00319e-06 -5.64286e-07
-1.61029e-06 -4.82135e-07
-1.83609e-06 4.73809e-08
-3.88012e-07 6.8606e-07
8.22194e-07 -6.62465e-08
-1.73259e-07 -5.10739e-07
1.16741e-06 -4.3507e-07
1.46651e-06 -2.07884e-08
6.18332e-07 -5.04326e-07
2.1174e-06 5.1128e-09
-1.56651e-06 5.70618e-07
2.02263e-06 -2.92925e-07
2.11744e-06 1.58185e-07
1.23025e-06 -6.61094e-08
-1.2084e-06 1.59541e-07
-6.85683e-08 4.78238e-08
1.49628e-06 3.05001e-07
2.00825e-06 -3.07524e-08
1.94245e-06 6.40331e-07
2.16359e-06 6.24949e-07
-1.90483e-08 3.7338e-07
-3.28044e-07 6.85661e-07
-8.59397e-07 2.33982e-07
1.14847e-06 -1.60566e-07
2.06293e-06 6.08776e-08
-2.14986e-06 -1.06168e-07
9.6378e-08 -3.69381e-07
-5.55814e-07 9.51353e-08
2.091e-06 4.72652e-08
2.83736e-07 2.55286e-07
4.14209e-07 -4.89503e-07
-2.10939e-06 -5.6185e-07
5.10494e-07 1.66785e-08
-9.71528e-07 2.24485e-07
1.53654e-06 -3.24525e-07
-1.95267e-06 2.81664e-07
-7.13428e-07 3.1209e-07
-1.27306e-06 -4.82315e-07
6.39395e-08 3.3256e-07
6.79781e-07 -2.13568e-07
-1.42187e-06 -1.05005e-07
1.8101e-06 4.58426e-07
7.51355e-07 -6.7943e-07
-1.44163e-06 -2.10374e-07
-1.96517e-06 -3.50394e-07
9.51832e-07 -6.72549e-07
1.10827e-06 5.85638e-08
-1.58495e-06 -2.94192e-08
-2.05348e-06 -1.97794e-07
-8.85706e-08 5.2412e-07
-1.18142e-06 -7.60984e-08
-1.549e-06 2.79152e-07
-1.25448e-06 2.78488e-07
1.04471e-06 4.58508e-07
5.48733e-07 3.96953e-07
1.03036e-06 -6.42823e-07
1.3569e-06 9.70065e-09
-2.10454e-06 -2.68837e-07
-4.71422e-07 -4.4162e-07
6.93956e-07 2.83213e-07
-1.1328e-06 -2.40217e-07
1.34273e-06 -3.77613e-07
-1.3772e-06 -1.33145e-07
1.54006e-06 1.52049e-07
1.48737e-06 -5.48931e-07
3.97173e-07 -6.79e-07
1.921e-06 6.85133e-07
1.50345e-06 7.47281e-08
8.15279e-07 2.93171e-08
-1.35522e-06 3.35967e-08
-8.59467e-08 7.73673e-08
1.21756e-06 1.60306e-07
-3.00885e-07 -5.35543e-07
-1.29295e-06 1.30946e-07
1.00561e-06 4.20058e-07
-5.51369e-07 2.22414e-08
-1.17613e-07 -3.26797e-07
-5.66776e-07 6.45546e-07
-1.38963e-06 4.52481e-07
2.069e-06 5.47942e-07
1.1612e-06 -5.462e-07
1.23167e-06 5.6153e-07
-2.75768e-07 4.10624e-07
1.39324e-06 5.20984e-07
1.62302e-06 -7.12718e-08
2.1764e-07 2.77103e-07
-1.54847e-06 -2.58017e-07
-3.4326e-07 -5.13421e-07
-8.50667e-08 6.58916e-07
2.56968e-07 -3.4096e-07
-2.01099e-06 -2.80159e-07
3.8866e-08 -1.75191e-07
-8.78105e-07 4.46889e-08
4.95712e-10 -4.46311e-07
2.02591e-06 4.4868e-07
2.54536e-07 -1.9469e-07
-1.62056e-06 -5.01736e-07
-7.7992e-07 -5.58989e-08
-1.39203e-06 6.86704e-07
1.94688e-06 3.28806e-07
1.46261e-07 -5.94999e-07
-1.26303e-06 -2.80081e-07
6.83034e-08 -1.37143e-07
9.77109e-07 -5.77692e-09
