3.58013e-07 -6.35947e-08
4.05432e-07 1.95116e-07
6.24607e-07 6.18151e-07
1.55964e-06 1.91903e-07
4.5688e-07 -3.59079e-07
-2.18624e-06 -8.08011e-08
-1.55178e-06 2.66064e-07
-1.41227e-08 2.71619e-07
-1.82428e-06 3.77078e-07
-5.1203e-07 -2.3987e-07
-1.79773e-06 -4.5904e-07
-2.0259e-06 -3.73895e-07
1.05244e-06 5.29624e-07
-1.29473e-06 4.41708e-07
-1.86463e-07 -4.1546e-07
1.6373e-06 4.63298e-07
2.04486e-06 4.04474e-07
-7.54772e-07 1.53725e-08
-2.00205e-07 -4.4304e-07
7.39366e-07 6.60493e-07
8.00771e-07 -6.76411e-07
-7.16086e-07 -5.96062e-07
-1.7084e-06 2.85494e-07
1.24728e-07 7.38556e-08
1.62292e-06 2.87189e-07
2.76132e-07 -5.49757e-07
9.40176e-07 4.84954e-07
2.86461e-07 4.22105e-07
-1.44555e-06 9.66944e-08
-3.15658e-07 1.97526e-08
-1.99205e-06 -3.6687e-08
-9.72775e-07 1.46456e-07
-1.23378e-06 5.41589e-08
2.07429e-06 -2.83391e-07
8.55386e-07 5.05365e-07
5.60737e-07 -2.25302e-07
7.97299e-07 -6.67149e-07
1.10668e-06 3.60165e-07
-7.51494e-07 -1.52175e-07
4.18091e-07 1.33574e-07
-1.4215e-06 3.29715e-07
1.29474e-06 3.90282e-07
7.18048e-07 3.11918e-07
3.40808e-08 3.6993e-08
2.35798e-08 -3.97663e-08
-1.43753e-06 -2.36773e-07
-1.43914e-07 -1.22432e-07
1.82974e-06 3.93336e-07
-2.64017e-07 -3.74768e-07
-1.20381e-06 2.48771e-07
-2.15343e-06 -2.26481e-07
1.16004e-06 -1.07739e-07
1.40398e-06 -3.22208e-07
-2.0286e-06 1.03084e-07
-1.11866e-06 1.67157e-07
2.15203e-06 6.8636e-07
-1.03396e-06 6.29808e-07
1.57467e-06 -2.67255e-07
2.07136e-06 5.86473e-07
-2.13228e-08 -3.05878e-07
1.49023e-06 -6.1177e-11
1.97157e-06 6.67487e-07
1.34405e-06 5.70167e-07
-1.32462e-06 -2.69011e-07
-2.01345e-06 -5.53946e-07
8.96628e-07 -7.10076e-08
-4.21078e-07 -6.0881e-08
8.28658e-07 -1.59454e-07
-1.05647e-06 -3.75631e-07
-1.19542e-06 -3.00271e-07
-9.37861e-07 3.53722e-07
-1.51879e-06 4.96687e-07
1.23774e-06 1.90738e-07
1.21064e-06 5.14751e-08
-1.79959e-06 -1.53576e-08
-1.83531e-06 3.87568e-07
-1.97725e-06 5.4987e-07
-1.21697e-06 2.56906e-07
-4.84174e-07 -1.79396e-07
7.03758e-07 4.02649e-07
1.0197e-06 5.95725e-07
1.14225e-06 6.0214e-08
-7.17612e-07 7.67585e-08
2.09201e-06 -5.09077e-08
-1.7544e-06 -5.23215e-07
7.77911e-07 3.04385e-07
-9.00304e-07 -3.63846e-07
1.8508e-06 -6.91754e-07
-2.06942e-06 -7.34225e-08
-1.79155e-06 -2.40843e-07
7.5181e-07 -1.43141e-08
-5.61307e-07 5.30775e-07
1.93359e-06 -2.96135e-07
-2.08178e-06 -1.60833e-07
1.31491e-06 3.55723e-07
-1.57677e-06 4.36216e-07
1.29849e-06 -5.43927e-07
-1.11005e-06 6.91182e-07
2.29544e-07 6.47255e-07
1.88463e-06 3.01547e-07
-8.61985e-07 -1.27393e-07
5.64905e-07 -1.50464e-07
6.57999e-07 -4.16402e-07
-1.58682e-06 -5.28306e-07
-5.90841e-07 9.63563e-08
1.58871e-06 -4.36344e-07
-1.57301e-06 6.83452e-07
-2.11344e-06 -1.16381e-08
-1.00828e-06 2.25162e-07
2.04136e-06 -4.98727e-07
1.34135e-06 -5.86913e-07
7.89737e-07 6.58518e-07
-1.8778e-06 -6.65624e-08
-9.95192e-07 -1.42798e-09
-1.46079e-06 4.08244e-07
-7.40249e-07 -1.04978e-07
2.03933e-06 -4.19742e-07
-1.11199e-06 3.73904e-07
1.9654e-06 -5.21798e-07
-1.54665e-06 -2.13517e-07
4.83708e-07 6.40767e-07
-1.7598e-06 3.81598e-07
1.98998e-07 -5.11257e-07
-1.98693e-06 5.73356e-07
1.63379e-06 -1.50022e-07
8.03293e-07 -3.35648e-07
8.42048e-07 3.19097e-07
1.24517e-06 -4.14129e-07
-1.29413e-06 -5.38822e-07
-1.71661e-06 -3.74833e-07
1.96203e-06 -1.07457e-07
-1.75097e-06 4.88296e-07
-1.54708e-06 7.04396e-08
-1.13223e-06 -1.17837e-07
-5.17936e-07 -6.7214e-07
4.83268e-07 -3.33042e-08
1.34829e-06 6.49803e-07
1.03798e-06 -4.26558e-07
-7.3646e-07 2.92034e-07
-1.73939e-06 -5.05631e-07
-1.32239e-06 5.03867e-07
6.30881e-07 -2.70935e-07
-9.57506e-07 -1.7793e-07
1.47044e-07 1.68063e-07
1.60218e-08 -4.61329e-07
-1.12235e-06 5.29439e-07
-1.53001e-06 6.7991e-07
3.62984e-07 6.70574e-07
-1.90466e-06 -1.76665e-07
5.23504e-07 -6.5244e-08
2.83803e-07 -3.98758e-07
1.26238e-06 -6.7049e-07
-7.80106e-07 6.53715e-07
2.60155e-08 -5.16609e-07
9.39529e-07 5.03487e-07
2.0743e-06 1.7335e-07
7.42939e-08 -5.5437e-07
-9.19984e-07 -3.88798e-07
-2.10691e-06 5.43023e-07
1.82986e-06 -3.82039e-07
3.01082e-07 -2.94847e-07
-1.1984e-06 4.39852e-07
-8.98239e-07 6.67601e-07
1.41515e-06 -3.02827e-07
5.00535e-07 -1.378e-07
-1.82621e-06 -4.59901e-08
7.46399e-08 -1.47501e-07
4.44237e-07 6.76608e-07
1.15102e-06 3.36537e-07
1.90752e-06 5.3413e-07
2.19999e-06 -2.22533e-07
-1.22428e-06 1.00088e-07
-1.78238e-07 5.82039e-07
1.17682e-06 6.02631e-07
-1.37788e-06 -4.17894e-07
1.72794e-06 3.53251e-07
3.67014e-07 5.79841e-07
-1.66147e-06 1.55859e-08
-1.64131e-06 -1.09267e-07
1.1989e-06 2.2366e-07
8.94099e-07 5.44566e-07
6.23702e-07 1.75266e-07
-7.39837e-08 -4.22242e-07
1.87093e-06 6.45611e-07
-1.91038e-06 2.95199e-07
1.11007e-06 -1.12028e-07
-5.20178e-07 -2.94119e-07
1.16911e-06 -1.94583e-07
-1.17749e-06 -3.95399e-07
1.06282e-06 -6.98073e-07
-2.1642e-06 4.40537e-07
-1.41009e-06 -2.206e-07
1.07319e-06 1.62987e-08
-1.53109e-06 -7.3607e-09
9.30732e-07 5.57072e-07
-1.86273e-06 4.98514e-07
-1.18393e-06 1.03076e-07
1.919e-08 -6.82682e-07
-1.82601e-06 6.06362e-07
-1.69528e-06 -1.60323e-08
2.05636e-06 -2.96843e-07
-1.83852e-06 -2.53236e-08
-8.02046e-07 2.27262e-07
-1.78762e-06 2.91347e-07
1.42673e-06 1.05648e-07
-1.08042e-06 4.90011e-07
-6.6421e-07 4.66277e-07
1.07199e-06 6.31547e-07
-1.06996e-06 -4.07429e-07
1.17736e-06 -4.20844e-07
-3.72204e-07 5.80868e-07
-5.56515e-07 -3.81561e-07
1.48978e-06 2.71026e-07
1.28485e-06 -5.98265e-07
1.47065e-07 -9.72188e-09
1.13484e-06 6.22029e-07
1.62659e-06 -3.32386e-07
-7.42126e-07 1.04461e-07
-1.65662e-06 1.63489e-07
-2.69852e-07 -6.36496e-07
-5.41955e-07 1.48031e-08
-1.18077e-07 -1.93611e-07
1.85655e-06 9.83844e-08
1.1002e-06 -8.00287e-08
-1.58774e-06 4.2525e-07
1.04177e-06 3.18392e-08
-1.8282e-06 1.91411e-07
-8.64184e-07 2.74675e-07
1.87789e-06 -5.07417e-07
5.64679e-07 1.90018e-07
1.86288e-06 4.61087e-08
-2.79912e-07 6.52698e-07
1.41312e-06 -3.86277e-07
-2.81663e-07 -6.25688e-07
1.24167e-06 -3.09596e-07
4.34932e-07 -1.70566e-07
1.08506e-06 -5.44474e-07
-1.54027e-06 -1.70732e-07
-8.96329e-07 -1.93658e-07
2.96316e-07 3.28246e-07
1.2731e-07 2.62766e-07
-1.63652e-06 9.47957e-08
-9.30523e-07 4.11299e-08
7.2418e-07 -6.06697e-07
-9.7325e-07 1.20225e-08
1.52347e-06 -3.21057e-07
-1.84866e-06 -3.93659e-07
1.75896e-06 -1.42713e-07
1.23463e-06 -4.31928e-07
-8.98722e-07 -6.89962e-07
7.83002e-07 -1.80895e-07
5.49521e-07 4.55298e-07
-5.66987e-07 -1.32623e-07
1.92152e-06 6.42404e-07
1.67228e-07 4.80202e-07
-3.44712e-07 -6.04427e-07
1.64118e-06 -5.13062e-07
-1.06922e-06 -5.82833e-07
2.18499e-06 6.33034e-07
-1.71005e-06 5.60425e-08
-5.03957e-08 5.6604e-07
-5.18805e-07 2.73591e-07
-6.06545e-07 -6.45702e-07
-1.99854e-06 -2.02987e-07
1.26182e-06 6.42057e-08
-3.63479e-07 -5.28809e-07
8.16793e-08 2.83483e-07
9.90344e-07 5.97532e-07
1.27751e-06 -3.72308e-07
-1.74945e-06 -3.61648e-07
1.77609e-06 -4.76989e-07
1.068e-06 6.44025e-08
5.14682e-07 4.30153e-07
-1.06628e-07 -4.40292e-07
-1.44606e-06 -3.44702e-08
-1.03032e-06 2.16401e-07
2.02249e-06 3.54988e-07
4.95791e-07 -7.5107e-08
-7.99185e-07 3.36556e-07
4.68546e-07 1.64108e-07
-1.47485e-06 4.49592e-07
5.53747e-07 -5.49288e-07
-4.97535e-07 -4.87621e-07
-7.6092e-07 6.34655e-07
1.23652e-06 -3.63064e-08
2.04277e-06 6.85174e-07
9.97801e-07 2.45599e-07
6.33057e-07 5.69479e-07
1.67729e-06 6.98679e-07
-1.29568e-06 4.31885e-07
1.25079e-06 2.30705e-07
-1.75926e-06 3.36737e-07
1.47919e-06 -4.2392e-08
-1.29301e-06 6.11055e-07
-1.47811e-06 -5.92794e-07
1.02108e-06 4.39706e-07
-2.15279e-06 -2.02888e-07
9.44383e-07 5.10009e-07
-1.49014e-06 -5.24415e-07
-1.09756e-06 1.96592e-07
1.14499e-07 -2.80994e-07
-3.75977e-07 -6.06843e-07
5.83873e-07 5.89928e-07
1.83782e-06 -6.87021e-07
-1.46874e-06 3.14005e-07
1.65256e-06 -1.61587e-07
-3.74113e-07 -6.43007e-09
5.07437e-07 -1.79095e-07
-1.41348e-06 -1.59447e-08
1.20062e-06 -6.27591e-07
-3.61671e-07 1.23183e-07
-5.38274e-07 1.88566e-07
1.27067e-06 -6.93705e-07
2.46145e-07 -6.30147e-07
7.20682e-07 -1.66691e-08
9.90144e-07 3.92138e-07
1.84098e-06 -6.76808e-08
1.56124e-06 -7.0967e-08
-2.05894e-06 8.75994e-08
2.07082e-06 1.41467e-07
-7.95458e-07 -4.14093e-07
8.15356e-07 -7.98078e-08
-1.36223e-06 -2.05709e-07
-1.14051e-06 -1.3477e-07
3.68258e-07 -9.28332e-08
1.03572e-06 -1.4107e-07
-1.73549e-06 7.7253e-09
3.53016e-07 -5.81674e-07
4.07262e-07 -2.90027e-07
-2.19042e-06 5.49822e-07
-2.10153e-06 6.26964e-07
1.88153e-07 -7.85276e-08
1.70507e-06 6.23765e-07
1.6156e-06 1.54959e-08
1.95514e-06 4.31877e-07
8.51224e-07 -1.03073e-07
1.41734e-06 4.33956e-07
-1.96463e-06 -3.34838e-07
-1.8141e-06 5.78097e-07
-7.42539e-07 -4.87655e-08
-5.95935e-07 -5.32565e-08
8.40687e-07 -4.72902e-08
2.03308e-06 -6.26601e-07
-1.48323e-07 5.79577e-07
1.02952e-06 -2.28448e-07
-1.75536e-06 3.4018e-07
1.83239e-06 -3.63567e-07
1.43741e-06 -6.92423e-07
1.52342e-06 -1.12815e-07
-5.36298e-07 -3.25211e-07
-2.14992e-06 -2.28996e-07
-8.70096e-07 -3.57724e-07
1.87736e-06 4.58188e-07
3.6851e-07 -4.53943e-07
2.11737e-06 6.81134e-07
2.16853e-06 -5.85348e-07
-3.3147e-07 4.95193e-07
-1.3858e-06 8.91264e-08
2.96144e-07 -7.31309e-08
1.06218e-06 -4.03076e-07
-9.38562e-07 3.00936e-07
1.28573e-06 4.81472e-07
-1.30398e-06 -1.18017e-07
-8.16097e-07 6.57101e-07
-1.65201e-06 -3.22137e-07
-1.90592e-06 6.44386e-08
-1.88415e-06 -2.65897e-09
-1.88172e-06 6.2566e-07
-2.61949e-07 9.14265e-08
1.29968e-06 -7.0981e-08
9.36973e-07 -4.84192e-07
-3.01959e-07 5.27971e-07
1.23738e-06 -4.97335e-07
1.44188e-06 3.58163e-07
-8.4852e-07 4.92824e-07
1.38312e-07 -1.25035e-07
6.53164e-07 6.26263e-08
-3.51811e-07 3.65942e-07
-1.16382e-06 1.71068e-07
-3.79382e-07 5.44004e-07
1.50895e-06 -3.80714e-07
-1.72779e-06 1.63569e-07
-4.62355e-07 5.64107e-07
4.63733e-07 -4.19282e-07
2.12085e-06 2.82787e-07
2.03415e-06 6.47802e-07
-6.15665e-08 -4.46506e-07
-1.29424e-06 -6.01261e-07
5.37804e-07 5.70814e-07
2.12366e-06 -6.83425e-07
-9.87666e-07 -4.35962e-07
-9.69407e-07 -1.25063e-07
-1.61652e-06 1.68034e-08
-9.79025e-07 4.39048e-07
-1.9558e-06 -6.55888e-07
2.83158e-07 -2.60331e-07
-2.07581e-06 -2.59807e-07
1.35568e-06 -5.20972e-07
-7.23378e-07 -5.47581e-07
2.14278e-06 -9.27541e-08
-1.21748e-06 6.29464e-07
-1.23518e-06 -1.98615e-07
-8.58499e-07 6.84885e-07
-5.721e-07 6.46468e-07
1.05406e-07 5.86231e-07
-3.82177e-07 6.42902e-08
1.57926e-06 4.92349e-07
8.02945e-07 4.07743e-08
-1.82332e-06 -5.35656e-07
1.822e-07 6.93477e-07
-4.9587e-07 1.44827e-07
1.65481e-06 -6.03507e-07
5.46221e-07 -2.62475e-07
7.18827e-07 -6.38471e-07
9.76944e-08 6.87982e-07
-3.78179e-07 5.34578e-07
1.47227e-06 -1.79279e-08
1.50609e-08 1.72644e-07
-5.88401e-07 1.55904e-07
5.37954e-07 -3.5831e-07
-1.306e-06 5.62402e-07
-1.43906e-06 6.50003e-07
1.48036e-06 -7.69043e-08
-2.11582e-06 4.68384e-07
7.58967e-07 -3.77699e-07
1.32048e-06 -1.31806e-07
1.12206e-07 6.03407e-07
4.85188e-07 -4.18958e-07
-1.56852e-06 5.86687e-07
-1.80136e-06 5.20912e-07
-1.28896e-06 -6.74193e-07
-9.39254e-07 5.04288e-07
-1.50891e-06 -3.90819e-07
4.45032e-07 -1.79521e-07
-1.85975e-06 5.69219e-07
-9.73761e-07 -5.43168e-08
1.98004e-07 -2.8997e-07
-1.65848e-06 4.68585e-07
2.17266e-06 -4.6043e-07
-1.4276e-06 2.9772e-07
-6.06469e-07 -1.35945e-07
1.32294e-06 -1.5219e-07
-1.17872e-06 -3.2549e-07
-1.42318e-06 -4.02969e-07
-3.90903e-07 -6.57501e-07
-3.43896e-07 6.06013e-07
-1.47182e-06 4.92728e-07
7.52403e-07 2.7671e-07
-7.73283e-07 -6.71302e-07
-1.28618e-06 3.14914e-07
-3.52419e-09 5.85699e-07
6.87698e-07 -7.3296e-08
1.5945e-06 1.42701e-07
1.70089e-06 -2.54192e-07
1.08184e-06 5.8961e-07
-1.74429e-06 -2.66751e-07
-6.20365e-07 9.64944e-08
-2.18789e-06 -3.10856e-07
-5.03079e-07 6.30093e-07
1.3726e-06 -5.50406e-08
-1.93737e-06 1.37942e-07
2.01248e-06 5.64135e-07
3.60226e-07 -1.08473e-07
-2.95259e-07 5.93508e-07
1.96327e-06 -1.06971e-07
-1.29433e-06 3.31678e-07
5.65171e-07 -1.85702e-07
-1.30159e-07 2.95971e-07
1.81909e-07 -2.24893e-07
-1.01668e-06 3.44452e-07
-8.12762e-07 1.35148e-07
2.36977e-07 5.88691e-07
2.12413e-06 -5.65647e-07
1.22823e-06 -6.15674e-07
8.3613e-07 6.48707e-07
1.70124e-06 2.87254e-07
1.84066e-06 -4.4724e-07
-1.88413e-07 5.82999e-07
1.77685e-06 -3.8029e-07
-7.67241e-08 4.73243e-07
8.72661e-07 -1.7336e-07
-7.64491e-07 2.92823e-07
-4.72174e-07 -3.0765e-07
-1.00706e-06 -3.7383e-07
-1.84768e-06 5.67225e-07
7.59955e-07 2.1338e-07
1.82183e-06 5.02959e-07
1.99015e-06 5.15258e-07
-4.51787e-07 7.25265e-08
-3.35593e-07 6.69525e-07
5.54581e-07 -6.67759e-07
-4.12433e-07 2.4908e-07
7.56406e-07 -2.49208e-07
1.00522e-06 -3.02232e-07
-4.90548e-07 4.66149e-07
-4.17027e-08 9.9672e-08
-1.05469e-06 -4.65708e-07
2.02394e-06 -1.70867e-07
-2.08278e-06 6.0463e-07
-1.89006e-07 -2.47146e-07
2.1444e-06 -4.54692e-07
-1.54546e-06 -1.62984e-07
-1.72084e-06 9.81817e-08
-7.00495e-07 6.81772e-07
1.13865e-06 -2.53451e-07
-1.96054e-06 -6.62137e-07
6.47696e-07 6.20137e-07
-1.90826e-06 -2.43767e-07
-8.16015e-07 3.60763e-08
1.09125e-06 6.72536e-07
3.84256e-07 6.24008e-07
-1.9433e-06 -2.29668e-07
-6.96121e-07 -4.00555e-07
8.28349e-07 -4.44755e-08
-1.23691e-06 5.41582e-07
-6.18847e-07 5.2154e-07
-1.95107e-06 -4.5113e-07
-3.30057e-07 4.41538e-07
-9.83119e-07 2.07945e-08
9.69163e-07 4.78893e-07
8.81121e-07 6.7354e-07
-8.62275e-07 -1.97461e-07
-1.1113e-06 3.36072e-07
-9.32833e-07 5.06083e-07
-8.70262e-07 -6.12608e-09
9.57551e-07 5.09702e-07
-8.07797e-07 1.1036e-07
1.38918e-06 1.55493e-07
2.05179e-06 -1.92247e-08
-1.46098e-06 6.61702e-07
1.71163e-06 4.03299e-07
-3.8004e-07 -2.48197e-07
1.81838e-06 2.78272e-07
-1.9002e-06 -5.90278e-08
-6.55703e-07 -2.90026e-07
2.95057e-07 1.21177e-07
-1.86426e-07 2.67917e-07
-1.06685e-06 6.39261e-07
1.65424e-06 -5.40825e-07
-1.9938e-06 1.39928e-07
-2.13736e-06 -6.50739e-07
6.8552e-07 -6.48595e-07
-2.61538e-07 2.18748e-07
-1.49564e-06 1.90926e-07
1.79836e-06 2.14845e-07
-1.87309e-06 5.84025e-08
-1.79443e-06 3.78385e-07
1.17433e-06 5.60386e-10
-1.16454e-06 -2.73887e-07
3.56392e-08 5.25491e-07
6.19427e-07 3.1059e-07
-1.39025e-06 -1.23482e-07
-7.34086e-07 5.34798e-10
7.55405e-07 1.5926e-07
-1.21783e-06 1.91046e-07
-2.02943e-06 -2.64969e-07
-1.29921e-06 1.92231e-07
-1.43601e-06 5.29098e-08
3.34198e-07 -4.3449e-07
4.75112e-07 -6.30815e-07
-3.68803e-07 -3.15242e-07
1.09099e-06 6.41349e-07
-1.86175e-06 -4.29146e-07
1.79382e-06 4.79125e-07
-7.00446e-07 1.92235e-07
-1.09701e-07 1.65266e-07
1.70825e-06 -4.52675e-07
-7.78051e-07 -1.85207e-07
-1.01782e-06 2.09307e-07
1.91015e-06 -3.94842e-07
3.90627e-07 -1.34394e-09
-1.37746e-06 1.56834e-07
-9.96318e-07 -1.29678e-08
7.01114e-07 3.61009e-07
-7.59147e-07 2.99094e-07
1.0466e-06 1.28082e-07
1.30513e-06 -4.96911e-07
1.0361e-07 -2.52993e-07
9.60172e-07 1.24794e-07
-4.04498e-07 -5.51875e-08
4.21548e-07 4.56059e-07
-1.24119e-06 -4.14493e-09
2.44412e-08 3.61146e-07
-2.08217e-06 2.51305e-07
-1.05913e-06 1.16837e-07
1.79016e-07 8.99271e-09
-2.81129e-07 6.41577e-07
-2.05299e-06 -6.04482e-07
7.99654e-07 -9.06062e-08
1.08771e-06 -1.1364e-07
1.63995e-06 -2.68434e-07
-1.67688e-06 -1.60676e-07
-8.02222e-07 1.21898e-07
-9.49317e-07 -3.346e-07
1.72725e-06 -3.02452e-07
-7.2271e-07 -6.08876e-07
2.04693e-06 3.7952e-07
2.12841e-06 -3.045e-07
-5.63124e-07 3.81468e-08
-7.48462e-07 -2.08422e-07
7.89148e-08 5.8836e-07
-2.01245e-06 5.16562e-07
-1.64649e-06 -3.12875e-07
9.77233e-07 7.79877e-09
-1.85599e-06 -1.04394e-07
1.85524e-06 5.14045e-07
7.01647e-07 -2.46705e-08
1.97458e-06 -3.2262e-07
-1.3553e-06 -2.42151e-07
-1.83127e-06 -5.56168e-08
-1.65326e-07 -3.76235e-07
-4.45439e-08 6.95546e-07
-3.13326e-07 -5.46664e-07
-9.4504e-07 -1.01296e-07
2.14196e-06 -4.24725e-07
-8.92507e-07 2.50413e-07
4.86648e-07 -5.12472e-07
7.94419e-07 -2.78582e-07
-1.32742e-06 3.93247e-07
4.25712e-07 -5.36725e-07
4.69899e-07 -1.65546e-08
-7.47729e-07 -5.11524e-07
1.39631e-06 -2.2977e-07
1.74638e-06 -2.17798e-07
9.39231e-07 4.15974e-07
2.01887e-06 -3.54456e-07
-2.12967e-06 2.13162e-07
1.08578e-06 -6.63693e-07
-1.6847e-06 1.70755e-07
-1.22259e-06 6.48778e-07
-2.86475e-07 -6.22088e-07
1.31323e-06 1.42679e-07
5.90451e-07 1.11815e-07
-1.17425e-06 5.45063e-07
-1.51086e-06 -5.02352e-07
-1.96418e-07 5.98762e-07
-1.4024e-06 -2.60307e-07
-1.73925e-06 -3.26489e-07
-1.23644e-06 3.68987e-07
-6.71616e-07 4.93653e-07
8.0057e-07 -5.99089e-07
-9.12513e-07 3.98397e-07
1.39013e-07 -2.5529e-07
-1.34663e-06 3.85638e-07
9.63995e-08 6.10854e-07
-4.95151e-07 -6.6395e-07
3.82656e-07 5.02057e-07
-3.3223e-07 -2.60718e-07
-1.4476e-06 -2.43321e-07
1.9644e-06 1.12225e-07
1.11424e-06 3.22885e-07
-1.41956e-06 -3.23051e-07
-1.34091e-06 -5.48231e-07
7.47869e-07 -2.32025e-07
-5.84392e-07 -1.86367e-07
1.24099e-06 9.9522e-08
-1.28539e-06 1.27543e-07
2.84383e-08 6.73308e-07
-3.48889e-08 -4.34698e-07
7.75196e-07 1.50933e-07
1.73276e-06 -5.864e-08
-1.78569e-06 6.47676e-08
-4.54156e-07 -4.14609e-07
-8.80849e-07 -1.13873e-07
8.27985e-07 -5.62346e-07
-8.03357e-07 -5.21995e-08
1.0517e-06 5.81323e-09
-2.04091e-06 4.75144e-07
3.5049e-07 6.19935e-07
4.70049e-07 7.01882e-08
-1.38434e-06 -3.42862e-08
1.78389e-07 2.78787e-07
2.23663e-07 -1.98309e-07
6.18187e-07 -5.76491e-08
-2.85595e-08 4.33365e-07
1.23482e-07 -2.64113e-07
6.2958e-07 -5.29751e-07
-2.06693e-06 -4.80142e-07
-1.46803e-07 -6.29707e-07
2.10992e-06 5.01266e-07
2.9852e-07 6.529e-08
8.65453e-07 5.98047e-07
-9.09889e-07 -7.53812e-08
-5.76507e-07 2.49352e-07
-1.53891e-06 -4.9419e-07
-1.11943e-06 1.317e-07
2.06432e-06 -5.30835e-07
8.00014e-07 4.31965e-08
-6.1239e-07 4.77783e-08
1.94015e-06 -1.20556e-07
-5.02352e-07 1.80567e-08
-9.74462e-08 -1.98132e-07
1.27754e-06 -5.65776e-07
1.60702e-06 5.90669e-07
-1.72955e-06 -3.05523e-07
1.91546e-06 3.63466e-07
-2.07327e-06 1.0216e-07
2.8285e-07 -2.27935e-07
1.19902e-06 -8.01573e-08
1.66787e-06 5.75591e-07
-7.36822e-07 3.36881e-07
-1.48948e-06 -2.3791e-07
1.14918e-07 -3.80846e-07
9.71199e-07 6.63454e-07
-6.93139e-07 -4.15986e-08
-2.19717e-06 1.56538e-07
9.1872e-07 -4.73937e-07
1.62151e-06 -7.62744e-08
5.32771e-07 1.40524e-07
6.95287e-07 -5.06515e-07
-1.75263e-06 -6.49493e-07
-4.11611e-07 3.74779e-07
-3.21339e-07 -2.19999e-07
6.23228e-07 -6.71081e-07
-2.03654e-06 4.41257e-08
3.99531e-07 4.78515e-07
2.15238e-06 4.37734e-07
-3.415e-07 -9.93244e-08
1.00073e-06 8.10581e-10
-6.85529e-07 -4.71345e-07
5.00128e-07 6.1679e-07
1.91763e-06 1.85787e-07
1.94015e-06 2.43772e-07
-5.16446e-07 -5.50249e-07
1.38215e-07 -4.90652e-07
-1.29977e-06 4.68842e-07
1.22853e-06 -4.41704e-07
5.06959e-07 5.00346e-07
-8.89546e-07 2.26467e-07
1.3816e-06 2.56031e-07
-2.18468e-07 1.49835e-10
-1.73149e-06 -3.08526e-08
-1.42768e-06 -4.18241e-07
1.75904e-06 -5.33038e-07
1.67233e-06 -2.32683e-07
-1.31264e-06 -4.03079e-07
-1.50366e-06 -6.93876e-07
9.66024e-07 4.81236e-07
-1.54562e-06 4.90714e-07
1.19038e-06 5.08027e-07
-2.19232e-06 -3.50599e-07
1.43348e-06 6.57944e-07
1.67146e-06 -2.66336e-07
-2.02064e-06 5.849e-07
1.80195e-06 -3.95185e-08
-4.19231e-07 5.91722e-08
-1.43129e-07 -5.28825e-07
-1.79395e-06 -6.62835e-07
6.1635e-07 -5.29862e-07
1.97484e-06 -7.54345e-08
3.18644e-07 -3.96269e-08
-6.86954e-07 -6.63858e-07
-1.37424e-06 -3.98312e-07
-1.65934e-06 6.74151e-07
2.17699e-07 2.65456e-07
9.23776e-07 -6.15301e-07
-1.46315e-06 2.09085e-07
2.15555e-07 -5.23064e-07
-1.54058e-06 5.81999e-08
1.28971e-06 -4.18513e-07
4.25206e-07 5.30075e-07
1.52359e-06 -6.84405e-07
6.19254e-07 4.17451e-07
-4.35283e-07 6.76617e-07
1.15106e-06 1.96841e-07
-5.15901e-07 -3.09933e-07
-6.16969e-07 5.335e-08
4.55144e-07 -9.67262e-08
-7.67019e-07 4.78102e-07
-8.69392e-07 5.83304e-07
-2.51084e-07 1.4232e-07
-8.39198e-07 -1.13626e-07
-2.05821e-06 1.93911e-07
-1.52845e-06 -3.77348e-08
4.37179e-08 -5.63244e-08
-2.09183e-06 -3.12433e-07
-9.00695e-07 -1.23125e-07
-1.56145e-06 -6.78579e-07
1.19819e-06 -4.36828e-08
-2.46663e-08 2.37081e-07
-2.15845e-06 6.79985e-07
5.40191e-08 -1.37957e-07
1.88276e-06 -4.53461e-09
3.85688e-07 2.74538e-07
9.11979e-07 -5.27241e-07
-1.58495e-06 -2.20878e-08
-1.85256e-06 -6.26251e-07
4.4805e-07 5.14902e-07
-7.64647e-07 -2.75595e-07
1.10431e-06 -2.98791e-07
1.31428e-06 1.30387e-07
3.96022e-07 -2.00652e-07
-1.50175e-06 -2.60315e-07
1.49442e-06 -5.531e-07
1.61841e-06 6.4784e-07
-5.65034e-07 -2.39481e-07
-7.35489e-07 -9.35315e-08
-1.55667e-06 -3.56929e-07
-4.30675e-07 4.63069e-07
1.0516e-06 -2.13708e-07
-1.30049e-06 2.73906e-07
1.27614e-06 3.66612e-07
-1.29521e-06 2.7647e-07
1.91636e-06 4.48578e-09
7.39637e-07 6.63075e-07
2.16693e-06 -5.09093e-08
2.73543e-07 -5.76677e-07
-1.28757e-06 2.2542e-07
-1.61301e-06 -1.24818e-08
-1.98192e-06 -6.18674e-07
1.5649e-06 7.51831e-08
-5.64201e-07 -5.65124e-07
3.26701e-07 2.10484e-07
-6.39286e-07 -3.4217e-07
1.00482e-06 -8.48576e-08
1.38499e-06 5.62941e-07
1.05774e-06 -3.7896e-07
-1.93107e-06 -5.79667e-07
1.97971e-06 -6.94458e-07
-6.09222e-08 -1.7811e-08
7.57941e-07 5.88759e-07
-1.14199e-06 -4.16629e-08
-7.37917e-07 -1.57153e-07
-1.63712e-06 -1.39882e-07
1.40015e-07 2.52565e-07
-2.4149e-07 -2.94654e-07
-3.95987e-09 9.88153e-08
1.42241e-06 1.63053e-07
-1.93381e-06 -3.13321e-07
7.31032e-07 4.26097e-08
-1.22674e-06 6.79208e-07
6.57339e-07 -3.35154e-07
8.14242e-07 2.08902e-07
1.34893e-06 -6.52648e-07
-5.97929e-07 3.05362e-07
1.83441e-06 -5.19738e-07
-1.08819e-06 3.80736e-07
-1.94063e-06 -7.4696e-08
1.01686e-06 -6.02833e-07
1.30566e-07 2.65189e-07
-8.67663e-07 1.45601e-07
1.14102e-06 7.50311e-08
-1.22871e-06 -6.58064e-07
-8.08758e-07 -5.02283e-08
7.09554e-07 -5.96443e-07
2.05397e-06 4.64014e-07
-1.62124e-06 1.0094e-07
-1.10907e-06 -1.19136e-07
8.55764e-07 -4.16897e-07
-1.74253e-06 -1.08217e-07
1.19554e-06 3.49944e-07
-3.10025e-07 -5.55716e-07
4.00877e-07 -3.38145e-07
-2.05466e-06 3.62626e-07
-5.64477e-08 6.10426e-07
-1.36502e-06 3.92673e-08
1.99838e-06 4.49771e-07
-2.06494e-06 2.55932e-07
1.83617e-06 5.6418e-07
2.51258e-08 -7.0076e-08
4.92011e-07 2.33674e-07
-1.41118e-06 -6.86782e-07
-3.50764e-07 1.35539e-07
6.63474e-07 -6.70528e-08
-3.31628e-07 4.52251e-07
1.75714e-06 -6.49275e-08
-9.63187e-07 5.71218e-07
6.02948e-07 2.86978e-07
-1.37218e-06 3.30062e-07
-1.5311e-06 -2.0558e-07
3.30359e-07 6.8316e-08
4.82463e-07 -6.80085e-08
-5.18502e-08 1.14339e-08
-1.34954e-06 4.44214e-07
-7.57562e-07 -4.87908e-07
9.73552e-07 3.65106e-07
2.11007e-06 4.18111e-07
2.14705e-06 1.94654e-07
-1.48168e-06 1.64775e-07
-8.60805e-07 2.25816e-07
4.7183e-07 -4.78258e-08
4.23668e-07 1.61107e-07
1.81822e-06 1.42621e-07
-1.17819e-06 2.79241e-07
-4.30937e-07 5.14022e-08
-9.79672e-08 -1.58611e-07
-2.02491e-06 -5.45454e-07
4.24253e-07 3.39451e-07
-3.62745e-07 3.34713e-07
-1.2775e-06 -6.83215e-07
-1.25955e-06 5.34386e-07
9.24479e-07 -4.13983e-07
7.74262e-07 -5.68273e-07
-7.01298e-07 1.21366e-07
-1.17489e-06 1.78993e-08
-1.27203e-06 -4.12705e-07
-2.73678e-07 2.75525e-07
-1.04168e-06 -3.95393e-07
-9.4945e-07 2.41741e-07
1.72249e-06 5.34302e-07
1.03574e-06 5.81931e-07
4.67872e-07 5.58894e-07
5.6973e-07 -3.76881e-07
-8.4771e-07 3.59102e-07
-1.00637e-06 -4.07941e-07
-1.57082e-06 8.42378e-08
-2.18452e-06 -3.43791e-07
5.87161e-07 1.2528e-07
-8.17963e-07 5.91508e-07
-1.75827e-06 -2.95427e-08
-1.95279e-07 1.96032e-07
1.62815e-06 6.0567e-07
1.7919e-06 3.28642e-07
8.87873e-07 -3.41233e-07
-1.62002e-06 -5.18417e-07
-2.17327e-06 -2.59236e-08
-1.61511e-06 2.40997e-07
-2.65401e-07 -4.05121e-07
-1.23523e-07 2.81674e-07
8.39496e-07 -4.03854e-07
7.60703e-07 -4.72521e-07
-1.12517e-06 -7.94411e-08
2.1518e-07 -6.61977e-08
2.17356e-07 -4.97277e-07
-1.15863e-06 -1.63287e-07
-1.22533e-06 3.91968e-07
-1.46137e-06 1.70697e-07
7.505e-07 3.94883e-07
-9.95087e-07 3.62061e-07
5.81938e-07 -4.6818e-07
1.62095e-06 5.6206e-07
6.85185e-07 2.62664e-07
7.61557e-07 4.27791e-07
-1.21155e-06 -3.31242e-07
-7.93045e-07 -5.41253e-07
-1.8113e-06 2.15103e-07
-1.80935e-06 -6.79246e-07
1.98415e-06 -1.53357e-07
-7.96872e-07 -2.15171e-07
-1.51348e-06 1.5447e-07
2.5366e-07 -4.06787e-07
1.50893e-06 6.14697e-07
-1.02506e-06 5.19337e-07
-1.93713e-07 5.43778e-07
8.63183e-07 -6.89861e-07
-7.02569e-07 3.59017e-07
-5.67734e-07 4.04516e-07
1.97902e-06 -6.34046e-07
-1.72507e-06 -5.54256e-08
3.67561e-08 -3.62404e-07
3.28891e-07 3.05841e-08
7.97745e-07 1.8335e-07
6.61885e-07 -2.15681e-07
3.96093e-07 1.98764e-08
2.1099e-06 8.47232e-08
-8.73827e-07 5.34899e-07
-5.2554e-07 5.86863e-07
5.08511e-07 3.86755e-07
1.94329e-06 -6.99355e-09
-2.04501e-06 -1.6544e-07
1.13957e-07 3.11894e-07
-1.51519e-06 5.2156e-07
1.84229e-06 -4.1426e-07
6.47655e-07 5.20054e-07
1.51439e-06 -3.08351e-07
-6.62257e-07 -1.33139e-08
6.06078e-07 -1.13937e-07
3.88928e-07 2.86358e-07
4.21937e-07 -2.40074e-07
2.09269e-06 6.08103e-07
7.63595e-08 -1.27968e-07
1.78415e-06 5.53009e-07
-1.86391e-06 2.2994e-07
-2.90445e-08 5.83025e-07
3.13535e-07 -5.7763e-07
8.23323e-07 -9.89322e-08
-1.82396e-06 2.82788e-07
5.57427e-07 2.37273e-07
4.51651e-08 2.85368e-07
-2.18376e-06 -4.21193e-07
-2.12354e-06 6.43952e-07
1.15445e-06 -3.43282e-07
-1.52012e-06 2.68082e-08
1.15434e-06 1.85167e-07
7.06831e-08 -1.09962e-07
-2.35252e-07 9.92367e-08
1.90549e-06 -5.11259e-07
-6.57027e-07 -2.46728e-07
1.10551e-06 -5.39984e-07
1.79821e-06 4.56854e-07
-1.59648e-06 -4.94063e-07
-1.63586e-06 5.51679e-07
-9.13746e-07 -1.57079e-07
1.46161e-06 -1.50236e-07
-3.67242e-07 -5.30715e-07
-6.62592e-07 6.41633e-07
-2.05722e-06 5.63126e-08
-1.58188e-06 -4.72525e-07
1.78067e-06 5.02251e-07
5.77768e-08 -6.19511e-07
6.63636e-07 5.69662e-07
-1.25722e-06 5.58788e-07
-1.83222e-06 -3.94691e-07
-1.92385e-07 6.3455e-07
-1.50544e-06 -5.10832e-07
8.78097e-07 2.66044e-07
-4.44667e-07 6.59174e-07
1.2472e-06 1.54802e-07
1.112e-06 5.25012e-07
-1.36266e-06 -6.00992e-07
-1.15516e-08 -3.45691e-07
8.34002e-08 4.44011e-07
1.30338e-06 -5.30442e-07
-2.01495e-06 -4.81837e-07
-4.02521e-07 3.07298e-07
-1.82208e-06 5.60355e-07
2.16869e-06 4.54537e-07
-1.23052e-06 4.92923e-07
1.50888e-06 -6.37499e-07
1.80765e-06 -3.90953e-07
-6.61357e-07 3.08053e-07
-1.55989e-07 5.23171e-07
1.08831e-06 2.82471e-07
1.90929e-06 -4.1025e-08
-9.50195e-07 4.50277e-08
2.00599e-07 1.59158e-07
-1.71355e-07 -4.4835e-07
2.01194e-06 5.5429e-07
6.94809e-07 3.54968e-07
-1.12618e-06 7.08348e-08
1.93433e-06 -2.31101e-07
1.83307e-06 -4.92679e-07
-9.92061e-07 4.15885e-07
-1.87744e-06 4.95971e-07
1.38335e-06 -2.38643e-07
3.53554e-07 5.1116e-07
-1.31359e-06 5.20332e-07
-1.96374e-07 -6.2249e-07
3.38999e-07 4.82462e-07
2.18992e-06 2.76274e-07
-1.39809e-06 -1.80011e-07
1.107e-06 -3.03133e-07
1.6707e-06 -5.91018e-07
-8.11821e-07 -6.08047e-07
8.60959e-07 -3.8827e-07
8.0208e-07 3.40368e-07
1.17176e-06 -3.13806e-07
-1.33399e-06 -4.10906e-07
1.41909e-06 5.16008e-07
-8.62977e-07 5.97859e-07
-1.75899e-06 -2.62944e-07
-5.4537e-07 -4.8128e-08
-1.38592e-06 6.31352e-07
-1.24889e-06 -2.85144e-07
2.23487e-07 -2.56879e-07
-2.16925e-06 2.07089e-07
-1.58108e-06 2.43828e-07
9.82589e-07 -6.58479e-07
-6.09797e-07 -3.88003e-07
1.78277e-06 2.40425e-07
1.91683e-06 4.55186e-07
1.05815e-06 6.42207e-07
1.12501e-06 2.4801e-07
-6.91707e-07 -2.53745e-07
-8.79969e-07 2.05958e-07
-1.96944e-06 -6.25207e-07
2.1706e-06 -5.4532e-07
1.19801e-06 1.06864e-07
-7.6058e-07 2.49723e-08
2.0937e-06 4.79122e-07
1.15463e-06 -9.20919e-08
1.50272e-06 -6.50762e-07
2.21395e-07 1.63798e-07
-1.53565e-07 -1.69398e-07
1.48349e-06 6.97263e-07
-1.74928e-06 -2.89979e-07
1.66848e-06 -6.73647e-07
1.43786e-06 -1.0146e-07
-1.6177e-06 6.70744e-07
9.90615e-07 -6.31062e-07
7.94108e-07 -3.59423e-07
-1.84879e-06 -6.46816e-07
-2.05974e-06 -5.82875e-07
-1.70826e-07 6.61142e-07
1.18902e-06 -1.45312e-07
-1.10793e-06 1.82469e-07
-4.11016e-07 5.77045e-07
-7.78428e-07 -5.67848e-07
9.16489e-08 -3.31127e-07
4.68255e-07 -6.54879e-07
1.89608e-06 5.62613e-07
5.28569e-07 1.76321e-07
-2.15963e-06 -5.97722e-07
6.9746e-08 3.74378e-07
1.0473e-06 -5.54001e-07
-2.14862e-06 -5.26624e-07
-6.64275e-07 -5.9126e-07
5.91453e-07 3.15568e-07
2.08107e-06 3.92242e-07
1.44865e-06 -2.7365e-07
1.22511e-06 -7.63317e-08
3.74644e-07 -6.7952e-08
-8.92508e-08 -2.11701e-07
-9.52995e-07 -5.28578e-07
1.19616e-06 -3.63002e-07
4.1992e-07 -6.47717e-07
8.93295e-07 -3.88814e-07
-1.05061e-06 2.28284e-07
-1.17807e-07 -1.13028e-08
5.44518e-07 -2.21164e-07
-8.76356e-07 -1.54542e-08
2.04066e-06 -2.34148e-07
6.1119e-07 1.29751e-07
2.04609e-06 -5.0349e-07
-1.38314e-06 -1.08476e-07
-1.03546e-06 2.89048e-07
-1.46861e-06 1.43436e-07
-9.83733e-07 -3.29798e-07
-1.01502e-06 3.74265e-07
1.32973e-06 -4.42775e-07
1.80015e-06 -6.46171e-07
1.01967e-06 4.18839e-07
5.42319e-07 4.6043e-08
-5.92126e-07 3.22224e-07
9.22444e-07 -4.77201e-07
2.06222e-06 1.49921e-07
1.97524e-06 -5.53674e-07
-4.16575e-07 -3.0359e-07
5.42593e-07 6.83172e-07
-9.56158e-07 -2.56915e-07
-2.90104e-07 2.82616e-07
-2.09417e-06 4.42371e-07
-1.58665e-06 7.32733e-09
-4.64101e-08 6.95754e-07
4.64595e-07 -1.296e-07
-1.31521e-06 -6.02312e-07
7.12509e-07 6.52683e-08
-7.80586e-07 -5.50711e-07
-1.8987e-07 8.99785e-08
4.18296e-07 1.2786e-07
-1.10745e-06 5.46773e-07
-1.661e-07 2.22495e-07
1.28313e-06 -2.96006e-07
6.02988e-07 2.23966e-08
2.92485e-07 1.88795e-07
-1.96764e-06 5.23422e-07
1.66556e-06 -5.13865e-08
-1.52779e-06 5.64415e-07
-2.06462e-06 -3.83215e-07
-2.19391e-06 -4.8991e-07
-5.11091e-07 -3.62994e-07
2.03182e-07 6.88522e-07
1.88691e-06 5.02462e-07
9.1689e-07 5.4562e-07
1.68149e-06 3.25625e-07
9.43781e-07 5.54665e-07
-5.26429e-07 3.09034e-07
-1.35466e-06 -3.81656e-07
1.49072e-06 3.94737e-07
7.88659e-07 -5.73111e-07
1.51874e-06 -4.07732e-07
-1.31781e-06 4.01062e-08
-6.54444e-07 5.89961e-08
-3.28746e-07 -6.54449e-07
-2.04709e-06 -6.59066e-07
-3.53532e-07 -4.31248e-07
-1.24687e-06 -2.367e-07
-1.23639e-06 -6.35716e-07
1.39563e-07 1.95059e-07
-1.75728e-06 5.43551e-07
1.26191e-06 3.62186e-07
7.8032e-07 -5.54088e-07
-2.14894e-06 1.81181e-07
-7.34018e-08 -3.41746e-07
-1.86271e-06 8.84051e-08
1.87118e-07 -2.94933e-07
-9.67765e-07 -1.90461e-07
-2.44431e-07 -2.91938e-07
-2.14036e-06 -1.12877e-07
5.07718e-07 3.99842e-07
1.15333e-06 -2.8699e-07
1.59978e-06 5.10805e-07
-1.75803e-06 4.68525e-07
7.01491e-07 -5.17764e-07
-4.38033e-07 -4.51235e-07
1.91451e-06 -8.48567e-08
1.63549e-07 -6.52408e-07
-1.84705e-06 6.62665e-07
9.03145e-07 -6.98502e-08
-1.5049e-06 -6.83733e-07
-1.76668e-06 6.01391e-07
-8.93785e-08 -4.44098e-07
-7.11746e-07 3.18447e-07
-2.07827e-06 6.70568e-07
-1.28692e-06 -6.79179e-07
-6.25944e-07 1.28654e-07
-2.89174e-07 -3.94278e-07
-1.0354e-06 6.76417e-08
6.76617e-07 -4.99898e-07
-2.01149e-06 -5.42301e-08
-8.96139e-07 -2.86599e-07
-9.06968e-08 3.78538e-07
2.10625e-06 4.69451e-07
-4.3238e-07 -9.34802e-08
-1.57904e-06 6.32196e-07
1.63912e-06 5.08319e-07
6.28652e-07 4.41951e-07
2.35599e-07 2.45114e-07
-4.3492e-07 -5.01536e-07
1.81156e-08 2.11125e-07
-1.44632e-06 -1.58076e-07
-1.24044e-07 -2.32331e-07
-9.68576e-07 -8.15051e-08
5.08865e-07 -6.51176e-07
-1.75748e-06 5.19893e-07
-7.86255e-07 6.53183e-07
-1.26227e-07 1.03921e-07
-8.75041e-07 4.83321e-08
1.21951e-06 -3.70565e-07
-5.14775e-07 -5.08582e-08
-1.0316e-06 6.47865e-07
-2.00952e-06 1.64817e-07
1.19625e-06 -3.24824e-08
-5.4345e-07 1.07183e-08
-2.06635e-06 4.71401e-07
-1.41578e-06 3.0258e-07
1.10187e-06 -5.00337e-07
-1.94517e-07 4.67132e-07
-2.15573e-06 -1.9603e-07
1.48324e-06 -6.79146e-07
-1.07098e-07 1.89676e-07
3.68628e-07 1.0797e-07
1.43598e-06 -4.06179e-07
1.50438e-07 6.22034e-07
6.6536e-07 1.73008e-07
-5.8493e-07 -2.75575e-07
2.33974e-07 4.74902e-07
-1.58623e-06 -2.76323e-07
9.62865e-08 5.02862e-07
-1.97735e-06 -4.15423e-07
-1.40266e-06 -2.5985e-07
1.56326e-06 -3.57499e-07
4.9165e-07 -3.28361e-07
1.40463e-06 1.80481e-07
-1.68185e-06 5.04707e-07
4.23675e-07 -4.03298e-07
7.32154e-07 3.59428e-07
-1.22719e-06 -9.33838e-08
4.70469e-07 -1.38405e-07
-1.83467e-06 3.24245e-07
7.90531e-07 2.84316e-07
1.63339e-06 -3.21347e-07
8.07404e-07 -6.47776e-07
1.17251e-06 9.80118e-08
9.82972e-07 -3.44143e-07
-1.22414e-06 5.61161e-07
8.3933e-07 3.49151e-07
9.75788e-07 3.71964e-07
-1.8944e-08 -3.62742e-07
-8.27247e-08 5.31575e-07
1.15456e-06 -2.65931e-07
1.32762e-06 6.33227e-07
-9.236e-07 -4.17373e-07
-4.27414e-07 6.99416e-07
6.63538e-08 -3.97504e-07
-1.36863e-06 2.87686e-07
-1.68253e-06 5.61172e-07
-6.67295e-07 2.17803e-07
1.36222e-06 5.63267e-07
-1.49839e-06 -4.87315e-07
1.91732e-06 2.35853e-07
-1.9279e-06 -6.8313e-07
-1.72586e-06 6.26621e-07
9.89725e-07 1.2399e-07
4.08021e-07 1.40148e-08
-1.04557e-06 5.10738e-07
-6.56599e-07 8.15189e-08
6.7267e-07 3.72255e-07
8.98045e-07 4.80205e-07
5.90203e-07 -4.60036e-07
-3.65599e-07 1.37034e-07
9.92052e-07 -4.64741e-07
4.92965e-07 -1.74417e-07
1.86365e-06 9.13429e-08
1.48301e-06 -5.88687e-07
1.95299e-06 2.53333e-08
-1.48459e-06 2.96959e-07
-1.13017e-06 1.04991e-07
1.98788e-06 -5.05033e-07
-1.38681e-06 -5.44604e-07
-1.44051e-06 6.5782e-07
1.42476e-06 -2.28671e-07
-7.41193e-07 -5.92341e-07
1.14267e-06 3.80725e-07
-2.01666e-06 4.26434e-08
2.9867e-07 3.71943e-07
1.06065e-06 3.09907e-07
-6.60457e-07 6.61297e-07
2.16113e-06 3.63543e-07
-1.27675e-06 -1.38653e-07
1.15828e-06 1.0963e-07
3.65299e-07 -1.36051e-07
-4.66839e-07 1.99418e-07
-1.29264e-06 -2.16251e-07
-6.19609e-07 -6.06007e-07
-1.68594e-06 -5.64113e-07
9.96125e-08 -3.70225e-07
-6.76635e-07 -3.5729e-07
-7.39386e-07 2.74311e-07
2.19921e-06 -6.70271e-07
6.44421e-07 -3.54839e-07
1.76905e-06 6.95202e-07
-1.64131e-06 1.31492e-07
1.71681e-06 6.84047e-07
-1.28407e-07 -4.66196e-07
-1.97805e-06 5.69178e-07
-1.84672e-06 -1.40965e-07
5.36938e-08 2.89251e-07
9.2867e-07 4.22529e-07
-1.30356e-06 5.41257e-07
2.04418e-06 3.16616e-07
1.25985e-06 -3.85846e-07
-6.18022e-07 3.04387e-07
6.44943e-07 6.27991e-07
1.2734e-06 1.25151e-07
8.22041e-07 5.68513e-07
2.40149e-08 5.59756e-07
-1.80505e-06 2.22953e-07
1.21389e-06 -2.85845e-07
1.92782e-06 -3.46854e-07
-1.15975e-06 -1.90463e-07
-1.58775e-06 -3.39457e-08
6.28456e-07 5.69534e-07
1.13885e-06 -3.1746e-07
-1.17626e-06 -6.76652e-07
-5.69281e-07 6.0612e-08
-1.64171e-06 6.27771e-07
-1.49319e-07 3.07012e-08
-1.91575e-06 -5.93619e-07
-1.79354e-06 4.8385e-07
7.87504e-07 -5.436e-07
-2.02497e-06 1.31768e-07
1.50465e-06 -5.51876e-07
1.00527e-06 3.50667e-07
1.54251e-06 -3.02447e-07
1.46784e-06 -1.13442e-07
1.49583e-06 1.96291e-07
1.03004e-06 -8.59359e-08
1.73933e-06 -1.0971e-07
2.19218e-06 5.74049e-07
3.01419e-07 5.29623e-08
-1.39283e-06 5.1694e-07
-2.43069e-07 6.02021e-07
4.78015e-07 -3.61088e-07
2.62234e-08 -7.99292e-08
-2.98822e-07 6.38695e-07
-1.43526e-07 -7.55646e-09
-2.06205e-06 -5.67905e-07
9.94682e-07 -6.87599e-07
-2.18012e-06 2.37079e-07
4.17238e-07 8.76208e-08
-2.63374e-07 -1.8433e-07
-8.20615e-07 -6.14901e-08
-3.76281e-07 1.8138e-07
-8.9531e-08 6.70041e-08
1.42134e-06 -4.83446e-07
1.49354e-06 5.74146e-07
-4.08865e-07 -6.10999e-07
8.99075e-07 4.85178e-07
-1.47149e-06 -5.23563e-07
1.7577e-06 6.19377e-07
-9.53479e-07 4.50255e-07
-1.01773e-06 3.39758e-07
6.82558e-07 2.03807e-07
-2.17198e-06 -4.84398e-07
8.61652e-07 1.02824e-07
-7.53498e-07 4.2851e-07
-2.0658e-06 3.99029e-07
-8.00248e-07 5.63926e-08
1.28435e-06 -1.57898e-07
1.07301e-06 -3.48026e-07
-9.3952e-07 -2.76362e-07
-1.02281e-06 -2.39711e-08
1.71195e-06 5.85336e-07
-1.13739e-06 -4.66747e-07
1.59199e-07 2.67343e-07
3.62084e-07 -6.85647e-07
-1.40888e-06 5.37047e-07
-1.51933e-06 -5.53114e-07
1.00288e-06 5.60954e-07
1.12529e-06 -7.12844e-08
-6.1471e-07 2.65799e-07
1.01142e-06 6.46488e-07
-1.81055e-06 4.12704e-07
9.93213e-07 5.69248e-07
1.47836e-06 -4.43991e-07
-1.36048e-06 -5.52501e-07
7.8845e-07 6.838e-07
8.56802e-07 3.65006e-07
-1.66206e-06 -4.38761e-07
-9.77498e-07 -7.42351e-08
-4.08516e-07 -4.64046e-09
-1.65733e-06 4.10478e-07
3.49785e-07 -5.38444e-07
-3.28961e-08 -6.09759e-07
-1.39305e-06 -6.68933e-07
9.4577e-08 4.48535e-07
1.60631e-06 -2.08345e-08
-2.15588e-06 -3.24396e-08
-1.00309e-06 -5.83615e-07
1.14575e-06 -5.22679e-07
4.62259e-07 -5.53652e-07
-2.9719e-07 -6.20524e-07
-1.32398e-07 4.62633e-07
-4.27992e-07 -2.45401e-07
3.01811e-07 9.01158e-09
5.4787e-07 -5.87447e-07
1.98444e-06 -3.48359e-07
-2.70729e-07 -1.52249e-07
4.45541e-08 5.39686e-07
-1.42272e-06 4.26197e-07
-9.2168e-07 1.47753e-07
-1.37219e-06 -2.39033e-07
-1.52227e-06 6.92674e-07
-1.85186e-06 4.11326e-07
-3.44067e-07 5.2112e-07
-4.33575e-07 6.82897e-07
-9.43112e-07 -2.86636e-07
-1.68874e-06 -5.52028e-07
-4.17626e-07 7.35097e-08
5.35922e-09 -5.38586e-07
-1.1242e-07 4.71842e-08
-5.10145e-07 5.76637e-07
-1.90449e-06 -2.68729e-08
-1.65949e-06 -6.53641e-07
3.03168e-07 6.41872e-07
-1.72841e-06 1.20315e-07
-1.07808e-06 1.83614e-07
-1.32294e-06 -3.98887e-07
1.20291e-06 -4.92411e-08
-8.22377e-07 8.14508e-08
-8.64093e-07 -7.60186e-09
1.10476e-06 -5.09492e-07
-6.89481e-07 -3.05525e-07
1.68516e-06 5.90444e-07
1.77525e-06 -2.12072e-07
1.37654e-06 1.04921e-07
-1.1972e-06 9.60801e-08
-2.46837e-07 6.9569e-07
5.85791e-07 4.98773e-07
-2.0261e-06 -2.38277e-07
1.83116e-06 -1.89864e-07
1.88468e-06 -1.65499e-07
1.95424e-06 -4.88072e-07
1.1701e-06 5.27591e-07
-9.42158e-07 6.74826e-07
1.92276e-06 3.84511e-07
-1.12944e-07 4.92451e-07
-7.6294e-08 1.77288e-07
3.72801e-07 2.86398e-07
8.85923e-07 4.90763e-07
2.18315e-06 7.96808e-08
8.61025e-07 -3.21772e-07
-2.03577e-06 8.64436e-08
-8.57488e-07 -2.16068e-07
1.0096e-06 -6.52109e-07
1.14349e-06 6.73722e-09
3.27271e-07 -3.1203e-07
2.34985e-07 -4.84784e-07
-2.03438e-06 -1.0683e-07
-3.30418e-07 1.28731e-07
-1.77763e-06 -6.57639e-07
1.42218e-06 4.99685e-07
-1.5043e-06 3.24445e-07
-1.05725e-06 -3.93933e-07
-7.07679e-07 1.78393e-07
2.16335e-06 5.68023e-07
-1.93281e-06 -6.19853e-07
1.85681e-06 -4.44489e-07
1.7907e-06 4.66361e-08
7.21003e-07 3.35897e-07
-2.08347e-06 -1.13675e-07
2.03801e-06 5.03074e-07
-2.07291e-06 -2.5166e-07
7.18175e-07 2.4307e-07
-1.7943e-07 -5.86762e-07
2.10037e-07 5.74586e-07
1.7393e-06 -5.7961e-07
-7.62157e-07 -3.59668e-07
-1.7496e-06 1.25113e-07
-1.46549e-06 -4.1933e-07
-6.99817e-07 1.87159e-07
-6.21346e-07 -2.818e-07
-4.9527e-08 -1.76012e-07
-1.31106e-06 5.36287e-07
-9.4249e-07 4.49568e-07
-1.09545e-06 -4.18766e-08
4.32769e-07 -6.084e-07
-8.41673e-07 6.68861e-07
1.62943e-06 -1.50535e-07
-1.48276e-06 -5.10595e-08
1.32466e-07 9.84322e-08
1.402e-07 2.25565e-07
5.70081e-07 -4.37311e-07
6.61394e-07 -3.39613e-07
1.32109e-06 6.1858e-07
8.50349e-07 1.34474e-07
1.62108e-06 -2.54039e-07
1.51733e-06 -2.46479e-08
9.74094e-07 -1.52669e-07
2.05492e-06 -5.2628e-07
2.00766e-06 5.72114e-08
-1.78542e-06 -2.34545e-07
1.27052e-06 -5.72361e-07
-1.78741e-06 6.03909e-07
1.89433e-06 -4.64418e-07
8.11244e-07 3.26532e-07
2.14424e-06 1.78492e-07
1.43989e-06 -5.62281e-07
-2.15382e-06 2.77629e-07
-8.33833e-07 -3.00508e-07
-1.98649e-06 -6.45122e-07
-7.84686e-07 -4.16238e-07
1.98549e-06 -2.38341e-07
2.06746e-06 -6.1012e-07
6.29244e-07 -3.39321e-07
1.05271e-06 -4.60359e-07
-1.88869e-06 5.82139e-07
-2.12972e-06 -1.57838e-07
2.15521e-06 -4.70879e-07
1.9615e-06 -6.67754e-07
7.14156e-08 -2.2851e-07
-6.95091e-09 -6.56367e-07
3.58091e-07 6.24621e-07
2.18051e-07 -2.16692e-07
-9.87022e-07 -1.82429e-07
1.1791e-06 -3.00995e-07
1.24384e-06 1.40784e-07
-1.34777e-06 -2.84929e-07
-1.01014e-06 6.56247e-07
8.4087e-07 -1.54694e-07
1.61331e-06 5.3237e-07
1.09237e-06 4.20569e-07
-4.41872e-07 6.37209e-07
-1.72888e-06 -1.83639e-07
8.37646e-08 5.00865e-07
-2.00328e-06 -6.28336e-07
1.99998e-06 1.25744e-07
-2.09941e-06 -4.38137e-07
-1.24021e-06 -1.15201e-07
1.4041e-06 -2.68116e-09
-1.97291e-06 1.55902e-08
5.52528e-07 -6.52563e-08
3.62877e-07 -5.68888e-07
9.63474e-07 -6.49256e-07
8.50016e-07 4.14862e-07
1.36586e-06 3.742e-07
-8.57323e-07 -2.28214e-07
1.71691e-07 -5.94922e-07
2.04889e-06 6.2057e-08
-1.69227e-06 3.17498e-07
9.97567e-07 -5.11493e-08
-7.37389e-07 -1.56149e-08
-2.15531e-06 1.68468e-07
-1.27004e-06 -1.39231e-07
1.91903e-07 6.15489e-07
4.31436e-07 6.61298e-07
7.00731e-07 -4.95344e-07
1.99842e-06 -1.82385e-08
-8.56539e-07 -1.60069e-07
-1.88082e-06 -5.79764e-07
-1.24865e-06 6.0863e-07
-1.73245e-06 1.20703e-07
1.2198e-06 -6.90283e-07
1.42915e-06 4.91667e-07
-8.43392e-07 -1.85668e-07
5.77956e-07 -1.96393e-07
-1.82611e-07 -4.06783e-07
-9.83789e-07 -1.14837e-07
1.8375e-06 6.02548e-07
1.79382e-06 5.10771e-07
-1.68491e-06 1.13587e-07
2.95246e-07 1.74242e-08
-4.12685e-07 -4.66841e-07
-1.8998e-06 -4.07748e-10
-1.5053e-06 2.53457e-08
-8.98882e-08 6.53919e-07
1.79581e-06 2.77099e-07
5.81711e-07 -2.53691e-09
8.28779e-07 2.5924e-07
1.28448e-06 -1.71091e-07
1.31524e-06 -1.2399e-07
-2.70176e-07 -2.14783e-07
-1.20381e-06 5.78237e-07
-1.06816e-06 2.81919e-07
-4.21177e-07 4.32829e-07
2.21698e-07 -1.66788e-08
-1.65656e-06 -3.16165e-07
-1.0901e-06 3.60254e-07
6.52235e-07 -5.15854e-07
-9.99675e-07 1.77627e-07
1.29581e-06 7.92259e-08
-1.66494e-06 -5.29865e-07
-1.45231e-06 -3.29627e-07
-1.96376e-07 -6.90649e-07
-6.60299e-07 -3.28426e-08
2.17231e-06 3.18257e-07
1.78189e-07 -4.24807e-07
-8.19782e-07 -2.593e-07
-1.379e-06 4.96689e-07
-2.03956e-07 6.27583e-07
1.54731e-06 -4.82183e-08
-2.94347e-08 4.30482e-07
1.08045e-06 3.83476e-07
1.52483e-07 -5.74662e-07
-9.33627e-07 -5.85239e-07
-1.3251e-06 2.85201e-07
-1.34324e-07 6.09526e-07
3.20928e-07 5.01437e-07
-1.27854e-06 -1.71037e-07
8.35791e-07 3.3783e-07
-7.92507e-07 1.3702e-07
2.11888e-06 4.38274e-07
1.44175e-06 1.12832e-07
-9.27803e-07 -3.72571e-07
1.35409e-07 -6.89216e-08
2.41613e-07 -6.19374e-07
-1.80782e-06 5.08763e-07
-2.11402e-06 -6.37946e-07
1.51848e-06 3.02321e-07
-1.40815e-06 -3.49532e-10
-2.06333e-06 -1.21039e-07
7.96067e-07 -3.79468e-08
-9.20025e-07 9.6013e-08
-1.238e-07 -4.35953e-07
-5.03442e-07 5.79712e-07
-1.97271e-06 5.79452e-07
-2.44575e-07 -5.3974e-08
-1.14129e-06 -5.09515e-07
1.74837e-06 2.72339e-07
9.18022e-07 -5.6681e-07
-1.36377e-06 -1.22453e-07
-1.46341e-06 -2.63335e-07
-3.69051e-08 -5.74353e-07
-9.73005e-07 -5.41794e-08
2.14289e-06 5.69807e-07
-1.68285e-06 1.66971e-07
9.94829e-07 6.17832e-07
-2.11858e-06 3.58968e-08
-1.66863e-06 1.6773e-07
1.79815e-06 -2.65998e-07
1.94827e-07 -2.89928e-07
-1.72566e-06 5.95452e-07
-1.71562e-06 4.97264e-07
-7.63691e-07 2.40566e-07
1.00229e-06 6.39115e-07
-1.34184e-06 5.68961e-07
6.63446e-08 -5.03991e-07
-5.59401e-08 4.06382e-08
-1.76784e-06 4.27932e-07
-8.4063e-07 -2.37812e-07
1.72368e-06 1.91493e-07
-1.81544e-06 3.82587e-07
-5.55742e-07 -2.84435e-07
1.47824e-06 -1.82617e-07
1.46682e-06 -1.12801e-07
-6.54766e-07 1.06744e-07
4.93397e-07 -6.90931e-08
9.80768e-07 -1.81472e-07
4.12636e-07 1.41129e-07
-1.38639e-06 -4.9223e-07
1.26417e-07 -7.45319e-08
1.69364e-06 5.96649e-07
8.88703e-09 4.24055e-07
-4.08125e-07 -1.56687e-07
8.4402e-07 -6.62766e-07
2.1472e-06 -1.60788e-07
1.9605e-06 2.70764e-07
1.33148e-06 3.13719e-07
-6.97644e-07 4.50907e-07
-1.15997e-07 1.91606e-07
9.07657e-07 5.26613e-07
-1.76496e-06 -6.16322e-07
3.70694e-07 5.64434e-07
4.64046e-07 -2.01188e-07
-1.75606e-06 6.70413e-07
-1.75549e-06 -8.02761e-08
-1.19761e-06 -2.96122e-07
-1.91146e-06 4.00411e-07
-1.79155e-06 -2.14634e-07
1.94582e-06 -5.34058e-07
-2.18549e-06 1.73962e-07
1.56982e-06 6.08638e-07
-6.17969e-07 -2.72562e-07
3.67654e-07 5.30491e-07
1.17362e-06 6.75886e-07
1.38268e-06 -5.61708e-07
1.02851e-06 -2.67514e-08
1.17573e-06 -6.72561e-07
6.17834e-07 -8.803e-08
1.47244e-06 -1.73976e-07
-1.79591e-06 2.27177e-07
2.80685e-07 2.52115e-07
7.3996e-07 -5.03724e-07
2.1499e-06 1.17114e-07
1.6954e-06 2.38797e-07
1.45353e-06 -6.09822e-08
-1.19563e-06 -4.05151e-07
4.16951e-07 -5.83095e-07
-1.73855e-06 6.38995e-07
-1.30629e-06 4.90021e-07
-5.64142e-07 4.55593e-07
1.07431e-06 5.45567e-07
2.027e-07 1.92161e-07
-1.62001e-06 -5.86708e-07
-9.82029e-07 2.57066e-07
1.48119e-06 -1.59168e-07
-1.16856e-06 2.74231e-08
-1.2111e-06 -4.62772e-07
6.86961e-08 4.69495e-07
-7.64542e-07 -8.41705e-08
-1.13357e-06 3.75823e-07
2.16541e-06 5.32399e-07
-1.19522e-06 -4.49926e-07
-8.95448e-07 -1.56417e-07
5.72442e-07 5.8098e-07
-9.39439e-07 6.17889e-08
-1.60359e-06 -2.46676e-07
1.36914e-06 7.62261e-08
1.17317e-06 -1.65567e-07
1.85922e-06 4.21028e-07
2.19318e-06 3.96221e-07
-5.73907e-08 -5.82022e-07
-1.97123e-06 1.41282e-07
-2.09131e-06 -6.59705e-07
-1.79341e-06 -5.65766e-07
-2.15003e-06 5.272e-07
1.75816e-07 3.08761e-07
-1.25428e-06 -2.15654e-08
-2.0959e-06 -5.09493e-07
-1.11951e-06 -4.03074e-07
-4.90303e-07 -6.62191e-07
2.01504e-07 -4.91376e-07
-1.56205e-07 -3.80205e-07
-1.51935e-06 6.19592e-07
6.36651e-08 1.28184e-07
-1.63015e-06 4.26038e-07
-5.3938e-07 -4.44553e-07
-2.52752e-07 -4.37817e-07
-1.55445e-06 5.62603e-07
2.0485e-06 -1.43818e-07
-9.61336e-07 4.03586e-07
-1.27877e-06 6.56044e-07
1.39779e-09 -4.64408e-07
-2.01744e-06 3.22178e-07
-1.39708e-06 -5.40311e-07
1.73024e-07 1.70565e-07
2.24264e-07 3.28804e-07
-2.6966e-07 3.30065e-08
-1.56001e-06 5.06211e-07
-1.38646e-06 6.61646e-07
1.6089e-07 -4.16216e-07
1.04723e-06 1.8823e-07
1.0535e-06 -2.36276e-07
1.97457e-06 -9.85497e-08
-2.04232e-06 -5.15278e-07
1.42469e-06 -4.70585e-07
-9.65865e-07 3.73122e-07
3.07397e-07 -2.003e-07
-1.76502e-06 -3.47599e-07
2.0119e-07 -5.41202e-07
-6.88113e-07 6.71096e-08
-5.38725e-07 -1.1072e-07
-1.84584e-06 -1.84498e-07
6.06067e-07 -1.90922e-07
1.86583e-06 -2.61722e-07
1.29559e-06 1.39997e-07
-1.68363e-06 -5.86577e-07
4.51826e-07 1.92087e-08
-2.07883e-07 1.59491e-08
-9.60229e-07 -6.43232e-07
-2.1658e-06 -1.67515e-08
1.51097e-06 2.00609e-07
-9.46119e-07 6.0467e-07
5.64883e-07 -1.17948e-07
1.13125e-06 -1.03988e-07
-1.41661e-06 -6.59998e-07
1.26729e-06 4.29585e-07
3.67852e-07 -3.22763e-07
4.09329e-07 -5.67456e-07
-6.4614e-08 5.39245e-07
2.59984e-07 -5.63791e-07
-1.92218e-06 -6.02468e-07
8.14389e-07 -2.75097e-07
-1.5571e-06 -1.20602e-07
7.44938e-07 -8.69407e-09
-1.08671e-07 3.43698e-07
-1.33618e-06 1.4731e-08
-7.47537e-08 7.42945e-08
-5.93585e-07 -1.35938e-07
-1.03483e-06 -6.32124e-07
4.39692e-07 6.58732e-07
2.02589e-06 5.58956e-07
-1.19341e-06 1.02261e-07
5.45157e-07 -2.83745e-07
-1.39687e-06 -3.80142e-07
-1.84905e-06 -3.63933e-07
1.69355e-06 2.60292e-07
1.38698e-06 1.08288e-07
-9.98515e-07 5.61827e-07
9.29767e-07 -2.24191e-07
1.74802e-07 -6.86993e-07
1.32589e-06 -2.05324e-07
1.35143e-06 -4.26948e-07
6.95485e-07 -3.32104e-07
-1.40787e-06 -3.277e-07
-1.97383e-06 -4.56713e-07
1.92556e-06 4.30491e-07
-1.97818e-06 -5.69411e-07
8.39062e-07 1.05935e-07
-7.5848e-07 -3.07769e-07
-6.91991e-07 4.99629e-07
-1.75827e-06 -4.4277e-07
1.40465e-06 1.97354e-07
-9.69414e-07 -4.83543e-07
-1.11957e-06 5.5672e-07
-7.40099e-07 2.21384e-07
2.03684e-06 -4.97203e-07
-1.68305e-06 -2.68944e-07
2.19068e-06 -3.63562e-07
-1.95853e-06 5.50294e-07
-6.0669e-07 -4.50818e-08
2.06233e-06 -3.09849e-07
-9.04599e-07 1.47715e-07
1.62615e-06 -6.172e-07
1.11742e-06 -6.3321e-07
-4.38994e-07 -2.7355e-08
1.77465e-06 -4.6448e-07
2.05401e-06 4.76315e-07
9.13705e-07 -6.05307e-07
-1.83848e-06 4.60259e-07
-1.80065e-06 -3.05106e-09
-5.15418e-07 2.4401e-07
6.36416e-07 5.04504e-07
-2.01802e-06 -4.72315e-07
7.30283e-07 2.72104e-07
2.00621e-06 -6.58318e-07
-1.37146e-06 -6.89323e-07
8.53213e-07 -4.43455e-07
-6.54745e-07 -1.57533e-07
-1.73174e-06 3.09714e-07
1.5302e-06 -6.79589e-07
-8.49749e-07 4.24837e-07
1.17264e-06 6.16847e-07
7.54627e-07 -1.26743e-07
1.94109e-06 3.98645e-09
5.39146e-07 -1.25425e-07
-2.17028e-06 2.38458e-07
1.34213e-06 -4.91435e-07
1.84354e-06 -5.9558e-07
-1.86538e-06 3.56313e-07
-9.58128e-07 -4.63618e-08
6.88496e-07 3.21108e-07
-3.25174e-07 -3.33406e-07
5.61062e-07 2.83303e-07
-8.19107e-07 4.80944e-08
1.90644e-06 -2.64395e-07
9.4443e-07 -1.51436e-07
2.1802e-06 -4.93365e-07
-1.41514e-06 6.26707e-09
1.29721e-06 2.96072e-07
1.02686e-06 -3.91742e-07
1.96198e-06 -4.20785e-07
9.57987e-07 -4.94462e-07
6.95647e-07 -4.60612e-07
2.11393e-06 -4.68093e-07
-1.17178e-06 -6.08179e-07
7.81213e-07 2.0605e-07
1.73876e-06 -6.29992e-07
-1.38813e-06 -2.06533e-07
1.02351e-06 -6.13237e-07
-1.38617e-06 -4.57243e-07
1.12122e-06 -6.87604e-07
-1.23413e-06 -1.52696e-07
-4.32863e-07 4.35075e-07
-1.84976e-06 1.78256e-07
-1.26376e-06 5.69162e-07
-7.7325e-07 6.50361e-07
-1.88008e-06 -6.96035e-07
-1.66867e-06 -6.14572e-07
-1.59372e-06 4.75647e-07
-1.86162e-06 6.89384e-07
2.12038e-06 2.94721e-07
-1.57609e-06 2.31327e-07
4.10628e-07 6.31434e-07
4.44989e-07 -2.95903e-07
-1.21924e-06 3.77548e-07
-1.00771e-06 1.45659e-07
-1.05129e-07 3.29435e-07
1.77476e-06 4.29123e-07
1.09636e-06 -5.92205e-07
8.80402e-07 7.09005e-08
5.62304e-07 7.24269e-09
1.42623e-06 -8.37295e-08
8.46349e-07 -4.14506e-07
-2.08796e-06 -4.35053e-07
1.96213e-06 2.1189e-07
2.98351e-08 6.58779e-07
-7.2353e-07 -5.63243e-07
6.91712e-07 2.76707e-07
-9.44752e-07 -3.47153e-07
-8.87182e-07 6.20233e-07
1.89567e-06 -3.87191e-07
6.27495e-07 -7.2137e-09
1.70131e-06 1.68402e-08
2.14623e-06 -3.7006e-07
-9.87661e-08 -4.0899e-07
1.08415e-06 -1.52776e-07
1.10741e-06 -4.41337e-07
6.23746e-07 1.79951e-07
1.15695e-07 2.28569e-07
-1.93209e-06 5.31082e-07
1.32198e-06 -2.6016e-07
-7.69889e-07 -4.42483e-07
-1.86704e-06 6.41256e-07
-5.09143e-07 -2.55316e-07
-1.28865e-06 -4.42376e-07
-1.61126e-06 -4.64571e-07
1.08218e-06 -2.83343e-07
1.5224e-07 -8.94094e-09
2.07225e-06 -6.39289e-07
-3.29186e-09 -4.09729e-08
-1.09258e-06 5.49447e-07
6.93992e-07 8.24563e-08
1.35647e-07 4.78278e-07
-5.03396e-08 1.45077e-07
-1.62891e-06 -3.08754e-09
3.13754e-09 4.04456e-07
1.42254e-06 4.76342e-07
5.53024e-07 5.82155e-07
-4.12776e-07 -5.2793e-07
-1.63717e-07 1.95843e-07
-2.09435e-06 -4.0515e-07
-6.17114e-07 -5.16618e-07
1.44843e-06 -5.396e-07
-1.65671e-06 1.27116e-07
-1.37853e-06 -5.74847e-07
-1.95957e-06 -1.30484e-07
1.52828e-06 -5.53239e-07
-1.66185e-06 4.93733e-07
-1.42669e-06 3.97644e-07
2.16237e-06 -6.76593e-07
-1.85039e-06 -1.74575e-07
1.9208e-06 2.8251e-07
7.68756e-07 2.67333e-08
-2.15684e-06 2.42553e-07
1.85565e-07 -2.82105e-08
-1.68443e-06 -3.06896e-07
-1.25392e-06 -2.51591e-07
1.85241e-06 5.43913e-07
-9.38932e-07 1.52793e-07
1.27175e-06 -1.35979e-07
-5.11933e-07 -7.67778e-08
-1.68948e-06 3.78427e-07
-2.77777e-08 -3.89237e-07
9.50408e-07 5.08938e-07
-1.51078e-06 3.78801e-07
-1.39108e-06 -6.59026e-07
-2.16246e-06 -5.7329e-08
1.71247e-06 -1.30573e-07
1.58829e-06 3.84219e-08
-1.98216e-06 -5.11103e-07
2.07981e-07 -4.08782e-08
-1.71782e-06 -7.76793e-08
7.9595e-07 3.84914e-07
-1.38732e-06 1.10578e-07
1.2905e-06 -4.3463e-07
-3.32814e-08 5.43059e-07
1.72738e-06 -1.41388e-07
1.19578e-06 -4.33058e-07
-2.13299e-06 6.11126e-07
5.65181e-07 -4.8151e-07
-1.76558e-06 -6.18512e-07
-2.10827e-06 2.24775e-07
-2.05264e-07 -1.00122e-07
-1.44733e-06 3.46324e-07
2.10475e-06 5.19426e-07
-9.52548e-08 -9.8188e-08
-2.13639e-06 -1.65933e-07
-1.31084e-06 3.52419e-07
-9.80268e-07 3.14492e-07
1.79875e-07 -6.49303e-07
1.51462e-06 -3.22289e-07
6.86113e-07 1.25411e-07
-2.16432e-06 3.47804e-07
-1.01304e-07 -5.49815e-07
-1.83885e-06 5.38756e-07
1.07817e-06 -4.30788e-08
-2.05594e-07 2.98172e-07
-2.01221e-06 6.66471e-07
