-1.2251e-06 -5.93293e-07
6.54162e-07 -6.86038e-07
-1.38862e-06 -3.40924e-07
-1.56808e-06 2.8233e-07
1.26527e-06 -4.14166e-07
-1.84684e-06 -6.57906e-07
-4.46551e-07 -1.90025e-07
8.82032e-07 3.6801e-07
-1.17519e-06 2.7839e-07
1.92678e-06 4.25698e-08
2.73408e-07 1.2392e-07
-2.34995e-08 3.87126e-07
8.47729e-07 3.44822e-07
-1.05243e-08 1.08667e-07
1.88222e-06 -3.26168e-07
2.17746e-06 3.43835e-07
-1.03259e-06 -2.28512e-07
-6.36466e-07 6.25642e-07
-2.04374e-06 -2.21972e-07
-3.82511e-07 -1.93797e-07
-2.63436e-08 4.09324e-07
-1.27407e-06 -5.16444e-07
1.22114e-06 -1.85714e-07
1.22645e-06 -3.15712e-07
-1.43053e-06 -6.93936e-07
-9.2916e-07 1.71506e-07
-1.47075e-06 -3.05555e-07
1.1554e-06 -5.8162e-07
3.76713e-07 -1.32651e-07
8.46509e-07 -3.56271e-08
-6.66832e-07 1.8235e-07
9.78405e-07 3.97536e-07
2.06557e-06 -5.36091e-07
-1.45562e-06 -2.2614e-07
8.2333e-07 2.42807e-07
3.16477e-07 5.16811e-07
-1.32969e-06 6.51347e-07
1.67198e-06 1.81419e-07
-9.52057e-08 3.7379e-07
2.13232e-06 -4.91164e-07
-7.61175e-07 2.23247e-08
-5.80918e-07 -1.01425e-07
-1.3901e-06 1.20615e-08
5.35291e-07 1.19461e-07
-2.18214e-07 -6.27959e-07
8.39322e-07 2.45243e-07
-1.66498e-06 2.34191e-08
-5.43512e-07 5.34114e-07
1.96794e-06 -6.767e-07
1.8256e-06 1.85005e-07
-1.86724e-06 -6.7317e-07
-1.66151e-06 -5.07323e-08
-1.35979e-06 4.55357e-08
-1.61238e-06 -7.22504e-08
-1.95073e-06 5.1007e-07
3.68225e-07 -3.09982e-07
9.80404e-07 2.71676e-07
-2.99582e-07 3.03832e-07
-8.98913e-07 5.39028e-07
-2.34382e-07 -2.72403e-07
-1.20578e-06 4.75075e-07
-1.12943e-06 6.01341e-07
-4.54083e-07 -4.99619e-07
1.75079e-06 -6.16635e-07
1.12277e-06 6.50837e-07
6.96881e-07 -2.20524e-07
1.60742e-06 5.97246e-07
1.37317e-06 4.31801e-07
-1.28061e-06 3.53835e-07
5.7614e-08 -6.59436e-07
-9.42335e-07 2.75467e-07
1.45843e-06 6.67529e-07
-1.49233e-06 -6.61738e-08
-1.43701e-06 -7.37878e-08
1.47547e-06 -5.59385e-07
-1.41382e-07 6.04464e-08
1.5929e-06 -1.06451e-07
-1.59695e-06 2.51969e-07
-7.7228e-07 1.88044e-07
-1.5244e-06 5.20211e-08
-2.11224e-06 -2.85706e-07
-1.71741e-06 -6.47052e-07
1.98609e-06 -4.6375e-07
-9.26443e-07 -6.71529e-07
4.94055e-07 -5.56224e-07
1.22883e-06 -4.42319e-07
-8.85308e-07 -6.84542e-07
8.88468e-07 -1.5644e-07
-7.16541e-07 5.17654e-07
1.0712e-06 -2.11593e-07
1.9887e-06 -5.25791e-07
9.74609e-09 4.55068e-07
-6.37295e-08 4.22604e-07
1.78723e-06 5.48072e-07
9.89177e-07 -5.18148e-07
2.24809e-08 -4.89146e-07
7.58669e-07 -3.61711e-07
-1.28316e-06 6.10695e-07
-8.91905e-07 -6.13533e-08
-1.79983e-06 5.42361e-07
-8.20058e-07 -6.3601e-08
-1.78108e-06 -1.50565e-07
-1.30919e-06 5.48128e-07
3.30171e-07 3.20345e-07
8.22024e-07 5.97745e-07
1.1791e-06 1.9779e-07
7.19828e-07 -6.66406e-07
6.01754e-07 6.13028e-07
2.42734e-07 1.04067e-07
1.0471e-07 2.89557e-07
-1.36827e-06 -5.58901e-07
1.70359e-06 -4.49414e-07
8.53111e-07 -6.50036e-08
7.41737e-07 6.92933e-07
-1.3832e-06 -3.50608e-07
-1.30892e-06 1.80161e-07
1.61975e-06 6.85541e-07
1.90814e-06 -1.17981e-07
1.59091e-08 2.88714e-07
-2.12059e-07 2.03472e-07
7.2375e-07 6.66998e-07
-7.37006e-07 4.95739e-07
-9.97659e-08 8.18715e-08
1.77027e-06 6.84399e-07
1.06397e-06 5.52413e-07
1.58033e-06 1.19115e-07
1.88356e-06 -2.79555e-08
-1.55278e-06 1.44749e-07
-1.08301e-06 4.64875e-07
3.74151e-07 3.07407e-07
1.50571e-06 -6.66998e-07
1.77022e-06 6.94838e-07
-2.08082e-06 2.19648e-07
8.76819e-07 1.24458e-07
1.08665e-06 -3.2618e-07
4.54481e-07 -5.72338e-07
1.99465e-06 3.19061e-07
-1.52865e-06 -3.61708e-11
2.04441e-06 -5.70504e-08
-9.9933e-07 -6.60676e-07
1.49401e-06 -5.20726e-07
-1.78478e-06 5.49512e-07
-2.72933e-07 2.21891e-07
2.46631e-07 2.37263e-08
-7.08625e-08 -9.92058e-08
1.17093e-06 4.78211e-07
8.86427e-08 -5.74588e-07
-4.87632e-07 3.77514e-07
1.66796e-06 -2.36625e-07
1.19631e-06 3.20319e-07
-1.42369e-06 -6.44262e-07
-6.64534e-07 -4.70631e-07
3.49243e-07 5.48772e-07
-5.58774e-07 -4.36986e-07
5.58095e-07 1.88242e-08
-1.47487e-06 -6.85665e-07
7.90904e-07 2.61876e-07
-1.42446e-06 5.39168e-07
-2.58742e-07 3.74151e-07
2.10655e-06 -1.46065e-07
3.52277e-07 1.50393e-07
-1.76773e-06 2.46344e-07
-1.41036e-06 -8.0396e-08
1.30751e-06 -4.98588e-07
-1.567e-06 -4.6576e-07
1.93006e-06 -5.0141e-07
-1.77563e-07 -1.22223e-07
-3.36048e-07 -6.11474e-07
4.21809e-07 6.15581e-07
-7.07549e-07 -3.25846e-07
2.39113e-07 -3.00213e-07
2.18023e-06 3.29247e-07
1.93586e-06 8.96064e-09
1.29375e-06 3.1994e-07
-3.20635e-07 3.3602e-07
-1.07423e-06 -2.16785e-07
-6.29342e-07 5.74765e-08
2.06366e-06 -3.70635e-07
6.45162e-07 3.22916e-07
2.60046e-07 -4.82951e-07
7.53368e-07 2.28294e-08
5.32601e-07 5.90575e-07
-1.60072e-06 2.53517e-07
1.2425e-06 4.1295e-08
1.15541e-06 3.64078e-07
3.89595e-08 -4.75835e-07
1.76264e-06 2.10109e-07
1.87017e-06 5.59684e-07
1.41963e-07 6.99611e-07
-1.5362e-06 -9.09464e-08
1.13482e-06 4.48164e-07
3.92598e-07 1.2525e-07
9.97798e-07 -4.6051e-07
4.71081e-07 5.37299e-07
-1.24283e-06 4.31027e-07
-5.80597e-07 5.66419e-07
6.25687e-07 5.07528e-08
-2.0416e-06 1.20397e-07
7.79831e-07 5.44385e-07
-1.61058e-06 -6.95536e-07
-8.76082e-07 5.8067e-07
1.54388e-06 6.93569e-07
1.20305e-06 6.4491e-08
1.92793e-06 -1.14376e-07
9.96591e-07 -1.67869e-07
-5.00574e-07 4.95328e-07
-1.81382e-06 6.43631e-07
-2.06871e-06 -2.39077e-08
4.81214e-07 -6.62936e-07
-4.73974e-07 -4.24669e-07
-1.63395e-06 3.65401e-07
-1.728e-06 -3.92763e-07
-1.48326e-06 -1.33521e-07
-1.19366e-06 4.74019e-08
1.81789e-06 1.89755e-07
3.06578e-07 2.68845e-07
-2.34637e-07 5.49346e-07
-1.95875e-06 -8.1792e-08
7.98172e-08 -8.92296e-08
-1.21277e-06 1.886e-07
1.25892e-06 6.96675e-07
-1.85473e-06 -6.28362e-07
1.78699e-06 6.26065e-07
-1.72487e-08 9.67538e-08
1.92039e-06 3.9043e-07
2.03019e-06 -2.74523e-07
4.87359e-07 -4.60525e-07
-1.18063e-06 -1.20011e-07
-1.5919e-06 -4.96988e-07
1.67627e-06 4.50389e-07
1.77353e-06 -4.06639e-07
4.37024e-07 8.28293e-08
6.40652e-07 -6.6767e-07
-9.1353e-07 6.08383e-07
2.01771e-06 -4.94247e-07
-1.68423e-07 2.67249e-07
1.71401e-06 -6.98962e-07
-1.57174e-06 -6.54062e-07
1.58755e-06 2.5983e-07
1.07399e-06 -5.89473e-07
-1.73807e-06 -3.90739e-07
-3.71825e-07 5.30224e-07
-1.32112e-06 -1.94362e-07
8.68929e-07 -4.83693e-07
1.42463e-06 -2.32288e-08
-8.22565e-07 -4.6914e-09
1.71105e-06 -3.09445e-07
2.99205e-07 -5.74761e-07
1.52072e-07 5.94262e-07
-4.08246e-07 1.69982e-07
2.96413e-07 -4.84569e-07
-1.28082e-06 3.13766e-07
1.70238e-06 5.51865e-07
1.00315e-06 -1.4127e-07
-3.49981e-07 4.05515e-07
1.97382e-06 3.72703e-07
-4.97399e-07 1.86096e-07
-9.85272e-07 6.95761e-07
7.94176e-07 4.48273e-07
1.28679e-06 3.93252e-07
-1.44962e-06 4.56878e-07
-1.0349e-06 6.15869e-07
1.7646e-06 -2.55368e-07
4.76153e-07 5.80812e-07
-2.74433e-07 -6.73324e-07
-1.12024e-06 9.27744e-08
1.87364e-06 4.88951e-07
-5.00147e-07 -6.16733e-07
2.05429e-06 -3.34697e-07
4.57209e-07 2.24515e-07
-4.41964e-07 5.68267e-07
-1.88696e-06 5.27786e-07
1.06534e-07 4.92725e-08
-1.1351e-06 -6.51981e-08
3.09135e-07 -4.28901e-07
5.19132e-07 -2.44876e-07
8.49467e-07 -6.03316e-07
7.67745e-07 -3.86098e-07
1.37406e-06 1.78562e-07
-2.11308e-06 -2.03691e-07
-9.24984e-07 5.50862e-07
4.12809e-07 -4.47521e-07
1.11375e-07 2.55461e-08
-1.87408e-06 -4.72703e-07
-9.62318e-08 5.76416e-07
-1.39457e-06 -1.05119e-07
1.91387e-06 3.50375e-07
2.03101e-06 -5.11996e-07
1.36887e-06 -2.73205e-07
1.36675e-06 3.25958e-07
-1.92138e-06 3.24862e-07
9.29547e-07 -1.06741e-07
3.80419e-07 -5.05917e-07
-1.53271e-06 -4.53855e-07
4.40823e-07 -3.21482e-07
6.58859e-07 -6.07519e-07
8.79218e-07 2.2099e-07
2.07967e-06 5.36182e-07
-1.43128e-06 -6.08487e-07
1.85238e-06 -6.86673e-07
-1.77505e-06 -4.93514e-07
-2.00762e-06 -2.18275e-08
1.82452e-06 3.27323e-07
-3.94819e-07 6.59575e-07
1.71505e-06 1.62142e-08
-1.19079e-06 4.71472e-07
9.29807e-07 -2.62075e-07
4.28441e-07 -4.36902e-07
-2.16382e-06 -4.84854e-07
-1.19753e-06 -1.9622e-08
5.85768e-07 6.37445e-07
1.60461e-06 5.00035e-07
-1.80561e-07 -2.07147e-08
-6.51103e-07 -2.41201e-07
-9.83794e-07 6.09011e-07
4.76296e-07 4.27169e-07
-4.575e-07 -4.0623e-07
-1.78839e-06 1.84266e-07
-1.5499e-06 -4.89731e-07
-1.10983e-06 5.26138e-07
4.11092e-07 6.56665e-07
-1.73165e-06 3.59844e-07
-6.85097e-07 3.5052e-07
-1.23832e-06 -4.8518e-07
-1.1481e-06 -3.18108e-07
1.00781e-06 -2.86844e-07
1.70044e-06 -6.61042e-07
-6.4969e-07 6.05389e-07
-3.13217e-07 3.38483e-07
-2.26668e-08 -1.54079e-07
1.73204e-06 -5.92064e-07
-1.08724e-06 -2.03132e-07
2.02643e-06 3.38759e-07
-1.2866e-06 4.73487e-07
3.40365e-07 6.47542e-07
-1.92433e-06 3.59272e-07
-9.34924e-07 4.48968e-07
-1.374e-06 4.88787e-07
1.4472e-06 4.41018e-07
-8.03341e-07 -3.86028e-07
-1.0681e-06 5.78903e-07
-3.96732e-07 -6.50669e-07
1.29633e-06 -1.07291e-07
-1.47901e-07 -2.09689e-07
1.28053e-06 -2.46684e-07
2.53251e-07 2.41964e-07
2.17114e-06 6.18634e-07
2.05444e-06 6.29993e-09
9.99339e-07 -3.55138e-07
1.40712e-06 2.86708e-07
-1.47529e-06 5.0846e-07
1.01867e-06 -3.88478e-07
4.22294e-07 2.29974e-07
1.76e-06 -2.3752e-08
-1.67973e-06 -2.4206e-07
-1.92992e-06 -3.0745e-07
-2.55934e-07 1.16212e-07
4.79647e-07 3.65327e-07
5.46215e-07 4.65093e-07
8.27732e-07 4.23859e-07
-1.27974e-06 6.48771e-07
-4.53443e-07 3.24609e-07
-1.75965e-06 6.09656e-07
-1.65253e-07 -4.13509e-07
1.89394e-06 6.05057e-07
-3.88167e-07 -6.21483e-07
-1.36669e-06 -9.39978e-08
2.6586e-07 6.68341e-07
-3.99174e-07 -6.02317e-07
-1.1101e-06 -4.47696e-07
-7.19829e-07 5.48543e-07
1.38489e-06 -5.87086e-07
8.45309e-07 2.5305e-07
-4.09607e-07 2.26013e-08
-1.94063e-06 -4.91805e-07
4.25781e-07 -1.50785e-07
-1.50249e-06 -6.8061e-07
-2.18542e-06 6.88265e-07
1.14393e-06 -1.2213e-07
-1.36107e-06 -5.44827e-07
1.57836e-06 -2.70459e-07
-2.1455e-06 5.19417e-07
9.7846e-07 6.6385e-07
-2.1338e-06 1.10438e-07
2.04486e-06 -3.41264e-08
-7.98155e-07 6.0423e-07
9.48767e-07 -2.07689e-07
5.04965e-07 -2.9763e-07
-1.38868e-06 -6.13089e-07
1.98064e-06 -6.93553e-07
1.46962e-07 1.82778e-07
6.52777e-07 3.67721e-07
-1.71715e-06 1.30879e-07
1.11057e-07 9.65141e-08
-1.25519e-06 4.23821e-07
-1.33727e-06 -5.00504e-07
-4.5343e-07 -5.28463e-07
-8.23442e-07 -6.58703e-07
1.49746e-08 -4.28196e-07
-7.78504e-07 1.55733e-09
1.51679e-06 3.95243e-07
-1.36459e-06 -6.58887e-07
3.92714e-07 5.46598e-07
1.05934e-06 -4.95039e-07
-1.44545e-06 -3.97788e-07
-1.75504e-06 -3.81029e-07
-1.33524e-06 -1.09644e-07
-1.06645e-06 3.0384e-07
2.15483e-06 5.42862e-07
9.0847e-07 5.36949e-07
-2.14674e-07 5.81141e-07
-8.43618e-08 -2.90138e-07
-1.07045e-06 3.17849e-07
-8.95163e-07 -5.618e-07
1.66519e-06 6.66882e-07
-1.03227e-06 -5.72547e-07
1.01243e-06 2.84903e-07
1.40498e-06 3.5748e-07
1.31436e-06 3.15765e-07
3.32851e-07 5.50273e-07
1.44231e-06 6.80932e-07
1.67763e-06 -3.17339e-07
-7.30374e-07 -2.62645e-07
2.35226e-08 -4.64796e-07
-2.01829e-06 5.70996e-07
2.26568e-07 2.98249e-07
-9.43593e-07 5.47149e-07
-2.16234e-06 -3.95361e-07
8.39305e-07 -2.55278e-07
2.19596e-06 3.36286e-08
-1.11354e-06 4.54936e-07
1.69593e-06 2.01553e-07
9.77917e-07 -1.85379e-07
-9.19808e-07 -1.96293e-07
1.26833e-06 -2.33644e-07
1.90794e-06 1.54775e-07
-1.90112e-06 -3.51972e-07
9.64589e-07 3.62642e-07
1.51086e-07 -2.94818e-07
-1.86208e-07 5.4923e-07
1.02345e-06 3.01969e-07
1.71511e-07 -3.81254e-07
-9.34948e-08 2.03447e-07
-1.82798e-07 4.98603e-08
-3.49851e-07 -8.6395e-08
1.63236e-06 -4.52109e-07
-3.82027e-07 -6.49494e-07
-6.4927e-07 5.82331e-07
-1.21478e-06 -3.40141e-07
-9.52485e-07 -4.84324e-07
1.38162e-06 -5.17894e-07
-2.84049e-07 3.97466e-07
-1.08504e-06 -3.24342e-08
-1.92196e-06 1.05579e-07
3.71437e-07 3.26164e-07
1.71265e-06 -6.72978e-07
-1.6958e-06 7.1996e-08
1.82666e-06 6.93214e-07
-3.06137e-07 -5.88517e-07
9.02106e-07 -4.97273e-07
-4.64902e-07 -5.22371e-07
-1.18107e-06 -2.99278e-07
-8.6981e-07 2.67805e-07
1.02102e-06 1.09168e-07
1.46231e-06 -5.84941e-07
-5.2863e-07 4.32975e-07
-1.36647e-06 -1.03243e-07
-1.5183e-06 -3.82552e-07
9.63156e-07 3.69083e-07
1.0722e-06 -4.9112e-07
2.18512e-06 -6.36699e-07
-4.36122e-07 1.58965e-07
-1.55655e-06 9.75252e-08
-1.57482e-06 -4.36914e-07
1.59078e-06 3.46155e-07
1.97837e-06 3.33116e-08
-1.28859e-07 2.54524e-07
-2.02283e-07 -4.92131e-07
-6.38244e-07 -1.05625e-07
2.294e-07 2.07845e-07
-1.88063e-06 -2.99587e-07
-1.73961e-06 -3.50139e-07
1.62056e-06 -4.06423e-07
-2.06582e-07 -1.34556e-07
-2.87768e-07 3.78583e-07
-1.5366e-06 3.70581e-07
1.50195e-06 2.97887e-07
-1.24324e-06 -2.92563e-07
6.26359e-07 -5.07465e-07
-9.49195e-09 3.52888e-07
1.86913e-06 -3.77506e-07
2.12717e-06 6.76143e-07
-1.01097e-06 1.43194e-07
1.79926e-06 -5.35305e-07
1.32255e-06 5.83951e-07
1.06572e-06 -2.18847e-09
-1.04641e-06 1.40452e-07
-1.69083e-06 2.7104e-07
2.05331e-06 6.36128e-08
6.20153e-07 -1.43138e-07
2.11519e-06 6.93719e-07
1.24486e-06 -6.65901e-09
-1.22439e-06 2.96417e-07
-1.33264e-06 -6.26104e-07
1.18588e-06 3.39638e-07
1.48876e-06 3.04987e-07
-1.53575e-06 5.32978e-07
-2.13627e-06 -6.91533e-07
1.56576e-06 1.12943e-07
-7.0522e-07 -6.50256e-07
-1.37716e-06 1.406e-07
9.18778e-07 1.89723e-07
1.43332e-06 2.58038e-07
-7.61921e-07 -1.68973e-07
-1.33576e-06 -5.818e-07
2.07373e-06 1.53744e-07
-1.07313e-06 4.26728e-07
1.74695e-06 4.09703e-07
-1.60963e-08 9.2765e-08
-1.12928e-06 2.20169e-07
8.06456e-07 1.59154e-07
-1.46026e-08 -5.647e-07
-1.26456e-06 -3.19319e-07
-4.69442e-07 1.77585e-08
1.07094e-07 6.45806e-08
1.86578e-06 -3.76591e-07
-1.52089e-06 -2.77611e-07
-2.08873e-07 -5.69202e-07
1.33121e-06 4.00806e-07
3.29128e-07 2.68783e-07
-4.92212e-07 2.59867e-08
-5.743e-07 3.33713e-07
-1.64433e-06 -1.0221e-07
-1.87498e-06 2.89917e-07
-1.4595e-06 -2.81865e-07
-4.18113e-07 -5.36892e-07
-1.57824e-06 -9.31799e-09
-1.78147e-06 8.86628e-08
-1.35078e-06 4.87542e-07
1.98009e-06 -4.471e-07
-2.84507e-07 6.9791e-07
3.58417e-07 -2.79272e-07
-4.72793e-07 6.40653e-07
-1.47204e-06 -4.17034e-07
2.08944e-06 -5.02255e-07
2.14647e-06 1.74402e-07
1.17067e-06 -8.626e-08
3.85925e-07 3.17766e-07
1.96077e-06 4.17649e-07
4.61626e-07 -1.65369e-07
1.75586e-06 -5.59521e-07
-1.68562e-06 5.83374e-07
-1.71484e-06 5.54758e-07
-6.87743e-07 1.34135e-07
-1.61553e-07 5.77851e-07
-6.1205e-07 -2.58033e-07
1.39748e-06 -5.37947e-07
9.66134e-07 1.30502e-07
-8.29005e-07 2.87115e-07
9.85248e-07 2.28099e-07
-7.3038e-07 -4.60572e-07
-7.14703e-07 -1.99517e-07
2.03107e-06 2.24108e-07
1.00647e-06 -6.28248e-07
-1.49534e-06 1.2291e-07
-3.52793e-07 4.85233e-08
-2.85254e-07 -2.21627e-07
-3.39951e-07 -1.57946e-07
-8.8264e-07 -4.7869e-07
-1.1673e-06 3.61089e-07
2.11762e-06 -2.80553e-07
-8.63445e-07 3.47336e-07
5.84786e-07 3.45664e-07
1.47331e-08 -2.50636e-08
-1.35053e-06 -3.89219e-07
-2.13925e-06 4.73255e-07
4.57682e-07 4.06206e-07
5.10105e-07 6.72695e-07
1.74416e-07 3.67442e-07
1.19961e-06 5.30746e-07
1.77041e-06 6.4068e-07
-6.57e-07 -3.7589e-07
-1.21274e-06 -1.10087e-08
1.37189e-06 5.68447e-08
-4.17235e-07 -3.45743e-07
1.2673e-06 2.68588e-07
-1.28323e-06 -5.71332e-07
1.93285e-07 1.14989e-07
5.33308e-07 1.718e-07
1.37552e-06 4.46816e-07
9.96592e-08 6.05599e-07
1.25392e-06 4.61774e-07
1.05789e-06 1.17331e-07
2.02546e-07 5.14932e-08
1.51629e-06 -6.05212e-07
2.15823e-06 1.46487e-07
1.97904e-06 -5.74878e-07
8.70265e-07 -1.5297e-07
-1.43844e-06 6.87387e-08
2.63058e-07 3.44889e-07
6.66509e-07 2.50719e-07
-8.37556e-07 -5.96523e-07
-1.62623e-06 7.02263e-08
9.07739e-07 3.43382e-07
8.73239e-07 6.97895e-07
1.38156e-07 -6.90878e-07
1.56064e-06 5.28473e-07
9.65342e-07 5.57931e-08
2.07479e-06 -3.44074e-07
-1.64785e-06 -4.02428e-07
-2.12491e-06 -4.62577e-08
2.11931e-06 1.98117e-07
1.0902e-06 -1.20763e-07
1.95302e-06 7.34239e-08
-2.02632e-06 1.51243e-07
1.76708e-06 3.52844e-07
-2.00854e-06 -3.29494e-07
-5.44726e-07 5.93814e-07
-3.9997e-07 2.84947e-07
2.03016e-06 -2.25405e-08
1.37221e-06 -5.74052e-07
1.94707e-07 5.67777e-07
-9.031e-08 -6.50101e-07
3.3479e-07 4.95171e-07
8.70211e-07 6.8238e-07
-2.57632e-07 6.61559e-07
-3.75731e-07 -6.53725e-07
-3.4792e-07 6.02636e-07
2.10422e-06 1.53722e-07
-5.38323e-07 5.4431e-07
-1.09035e-06 -3.08285e-07
2.04482e-06 5.19231e-07
1.32695e-06 2.60295e-07
-1.49839e-06 -5.10815e-07
-9.92052e-07 -1.76969e-07
-1.11063e-06 2.65125e-07
1.11643e-06 3.707e-07
-1.49157e-06 -5.60944e-07
-1.12627e-06 5.83651e-07
9.07509e-07 7.63786e-08
2.00173e-06 -5.07274e-07
-6.36263e-07 2.90854e-07
1.0974e-06 6.03816e-07
-8.87222e-07 -6.68769e-07
-1.04959e-06 6.39408e-07
-1.1892e-07 -5.65669e-07
-1.32626e-06 -3.09593e-07
1.54469e-06 -6.40112e-07
7.96862e-07 6.3238e-07
-7.48113e-07 5.17998e-07
2.26935e-07 1.48307e-07
2.12413e-06 -3.1019e-07
3.6681e-07 -3.45684e-07
-1.82503e-07 4.63291e-07
4.70468e-07 6.364e-07
-1.09125e-06 8.22597e-08
5.15081e-07 -4.24454e-08
2.04432e-06 6.79916e-07
1.25491e-06 -4.72938e-07
1.56087e-06 4.98521e-08
-1.95449e-06 5.13121e-07
-1.3724e-06 -4.34218e-07
1.15782e-06 3.44415e-07
3.96751e-07 6.07416e-08
6.4461e-07 6.20308e-07
1.09676e-07 -3.10788e-07
-1.7124e-06 -4.93541e-07
2.04088e-06 -1.39747e-07
3.38792e-07 6.92253e-07
2.45421e-07 -6.85025e-07
3.20695e-07 -6.16081e-07
1.73076e-06 -1.74954e-07
1.92014e-06 6.60572e-07
8.91314e-07 -1.07686e-07
1.34334e-06 -5.73263e-07
1.59619e-08 2.24075e-07
-6.11094e-07 -6.62691e-08
-1.27957e-06 -4.33787e-08
-8.47708e-07 3.14159e-07
-5.47035e-07 2.52712e-07
3.33031e-07 -2.06442e-07
-1.24626e-06 -1.36395e-07
1.88312e-06 6.16018e-07
-9.61392e-07 -3.06085e-07
-9.2692e-07 -3.58475e-07
-9.72478e-07 -5.26863e-07
9.37149e-07 1.69756e-07
1.50454e-06 -5.55882e-07
2.16175e-06 -4.48275e-07
-1.87463e-06 -2.06e-08
-3.15605e-07 6.0907e-07
-8.0723e-07 -4.78929e-07
1.3249e-06 -3.18852e-07
5.58387e-07 8.34528e-08
-1.23223e-06 4.82551e-07
3.01861e-07 2.73924e-07
3.21962e-08 4.30176e-07
-5.3017e-08 4.4464e-07
-1.67598e-06 -5.35092e-07
5.3752e-07 -2.66501e-07
9.36354e-07 3.63597e-08
5.35203e-07 6.29549e-07
1.73643e-06 -4.84075e-07
-7.12732e-07 -7.05615e-09
1.55738e-06 4.00543e-07
-2.86224e-07 4.26464e-07
-1.27218e-06 -2.18807e-07
-1.74713e-06 6.22193e-07
1.75765e-06 5.96511e-07
8.20701e-07 6.21386e-07
1.46707e-06 -6.197e-07
1.15623e-06 -5.15873e-07
1.68802e-06 4.54146e-07
-1.56738e-06 4.37942e-07
1.69698e-07 -3.52469e-07
1.86102e-06 -1.35027e-07
-1.06698e-06 6.19461e-08
-1.24427e-06 1.65376e-07
-1.98509e-06 -3.36911e-07
7.89551e-07 -4.52347e-07
1.38878e-06 -4.49762e-07
1.97886e-06 -4.00512e-07
9.49886e-07 3.72683e-07
-2.05364e-06 -6.28441e-07
-6.70552e-07 -2.18471e-07
6.2937e-07 -5.71922e-07
-1.2999e-06 -3.33195e-07
-8.89716e-07 -1.96682e-07
-7.49195e-07 1.02749e-07
-1.0013e-06 -5.90979e-08
2.04646e-06 1.72269e-07
-8.58971e-07 -3.40295e-07
1.3983e-06 6.7243e-07
1.85791e-06 -4.16016e-07
5.97335e-07 -5.30513e-07
8.60979e-07 2.48478e-07
-2.76997e-07 -6.99186e-07
3.87939e-07 4.69163e-07
-1.92345e-06 2.14471e-07
-6.65524e-07 2.01617e-07
-4.83552e-07 -2.82428e-07
-5.5684e-07 3.688e-07
7.38061e-07 -3.01603e-07
1.0696e-06 1.72889e-07
-6.35994e-07 -6.53565e-07
-3.40207e-07 -3.71186e-07
-2.00221e-06 -3.94692e-09
1.99897e-06 -2.37594e-07
-1.24864e-06 6.35183e-07
3.43466e-07 -1.48333e-07
1.42553e-06 2.47377e-07
7.38945e-07 6.56869e-07
1.70599e-06 4.57979e-07
2.03156e-06 -5.91871e-07
-3.38892e-07 -1.02296e-09
-1.59137e-06 4.99313e-07
7.33265e-07 -2.51789e-07
-1.90982e-06 2.47934e-07
1.90495e-06 -1.71257e-07
1.8773e-06 1.88137e-07
1.39443e-06 -6.29324e-07
1.5123e-06 3.16587e-08
-8.11776e-07 6.09204e-08
-1.83735e-07 4.37187e-07
-4.82141e-07 9.3145e-08
-3.17968e-07 5.59449e-07
-1.9429e-06 6.14806e-07
1.15399e-06 3.91227e-07
-1.59295e-06 6.86158e-07
1.60399e-06 1.50122e-07
-1.75767e-06 5.44366e-07
-1.9817e-06 -1.31353e-07
-1.95314e-06 1.57368e-07
-1.72298e-06 -5.98788e-07
-1.59242e-07 -1.50221e-07
3.33329e-07 -4.77943e-11
-2.0993e-06 3.32259e-07
-6.78983e-08 -3.24058e-07
1.26707e-06 -2.98794e-07
-1.77468e-06 -2.58515e-07
-2.12668e-06 1.39116e-07
-2.11365e-06 -5.50222e-07
8.51028e-07 -2.4138e-07
-2.11718e-06 -6.96276e-07
-1.29969e-06 4.76633e-07
2.06675e-06 -5.69797e-07
-2.06234e-06 4.35976e-07
-4.64781e-07 -2.55982e-07
1.77027e-06 2.53885e-07
-7.59445e-07 2.41958e-07
2.07546e-06 -3.38267e-07
-1.34456e-06 -2.88962e-07
4.46779e-07 6.18654e-07
-1.53292e-06 6.82181e-07
-1.54127e-06 2.29651e-07
-1.64734e-06 -4.91981e-07
-1.83628e-06 -4.08469e-07
1.50707e-06 4.03978e-07
1.86115e-06 -6.56416e-08
-1.82972e-06 -4.22113e-07
8.55265e-07 -2.57529e-07
-1.31621e-06 5.3035e-07
-1.8986e-06 5.61631e-07
-1.9813e-06 4.2312e-07
-1.06843e-06 4.44198e-07
-2.70992e-07 -3.78507e-07
-6.80841e-07 2.54959e-07
1.93201e-06 6.91716e-07
1.80117e-06 -1.77405e-07
-4.6164e-07 1.16932e-08
5.09616e-07 -4.22913e-07
2.99556e-07 2.77669e-07
1.39116e-07 -5.05158e-08
9.52217e-07 -3.41643e-07
1.54066e-06 4.55689e-07
-1.23255e-06 -3.50334e-07
-1.48851e-07 5.65117e-08
-1.10844e-06 -5.50983e-07
-1.81623e-06 5.57624e-08
1.92608e-07 9.53327e-09
2.0186e-07 2.03681e-07
-2.07744e-06 -5.62298e-07
1.15692e-06 -4.10325e-07
1.31741e-07 3.50074e-07
2.48303e-07 4.4845e-07
1.37828e-06 -5.04967e-08
-2.1956e-06 -4.1246e-07
-1.9401e-06 -5.90102e-07
-1.67824e-06 -2.64118e-07
-9.70994e-07 -4.48724e-07
1.87496e-06 -6.38165e-07
-2.64077e-07 -4.67685e-07
-1.07324e-06 -2.78611e-07
-3.54312e-07 5.65444e-07
-9.81071e-07 -1.9752e-07
-7.57e-07 5.99108e-07
-1.99346e-06 -6.9301e-08
1.33466e-06 -6.97307e-07
-2.11312e-06 -5.30514e-07
1.39415e-06 -3.26219e-07
-1.74063e-06 -5.81338e-07
-1.31042e-06 6.35041e-07
-5.39352e-07 5.58636e-07
-5.3313e-07 -7.73017e-08
-4.49805e-07 3.53214e-07
-1.49419e-06 -1.0746e-07
-1.60644e-06 -1.68457e-07
1.33929e-06 -5.50967e-07
-1.19178e-06 3.0213e-07
-1.88008e-06 -6.07929e-07
1.10245e-06 -4.34129e-07
1.59751e-06 4.30178e-07
-9.21288e-07 1.7307e-07
5.03949e-07 -5.19974e-07
-5.88268e-07 -4.97795e-07
1.77147e-06 1.45221e-07
3.39507e-07 -8.56604e-09
1.27201e-06 -4.8106e-07
-2.42468e-07 1.3649e-07
2.07717e-06 4.59492e-07
1.22136e-06 2.359e-07
1.83752e-06 2.22939e-07
-9.66208e-07 1.20204e-08
1.00641e-07 4.17846e-07
1.41859e-06 -4.15963e-07
-1.59311e-07 -2.68566e-08
-1.22476e-06 6.05182e-07
-6.92148e-07 -5.22911e-07
2.5942e-07 3.77319e-07
3.57073e-07 -3.5183e-07
-2.04713e-06 -5.36796e-07
-2.04142e-07 5.1745e-07
2.56867e-07 -4.57078e-07
1.90185e-06 4.85194e-07
1.48206e-06 -3.00038e-07
-1.11589e-06 -2.23483e-07
-1.78527e-06 -6.55011e-07
5.969e-07 -3.74674e-07
7.43573e-07 5.63986e-07
-1.39967e-06 3.11724e-07
-7.79633e-07 4.54664e-07
-1.00166e-06 -4.58755e-07
-2.04712e-06 -6.52551e-07
-1.81776e-06 5.95336e-07
4.94119e-07 -1.43095e-07
-6.28881e-07 6.98703e-07
2.25151e-07 -5.98969e-07
5.98627e-07 -3.17521e-07
8.44689e-07 4.14328e-07
4.57296e-07 1.14061e-07
-1.13127e-06 -4.39054e-07
-1.61397e-06 -5.58153e-07
-1.79363e-06 -1.8439e-07
-1.19264e-06 -6.19618e-07
-1.00438e-06 -2.95373e-07
-3.89121e-07 6.00558e-07
1.89134e-06 -2.97791e-07
1.11745e-07 5.46854e-07
-6.78806e-07 6.28147e-07
-1.64659e-06 3.71156e-07
1.68221e-06 6.26426e-07
3.88017e-07 -5.40178e-08
1.93146e-06 -6.80939e-07
-8.0558e-07 -5.81626e-07
9.17744e-07 -5.78188e-07
-5.66211e-07 1.80081e-07
-1.79864e-06 -6.04762e-07
1.06935e-06 -4.27231e-07
4.91399e-07 4.89419e-07
3.4077e-08 -3.18372e-07
1.0949e-06 5.0269e-07
-1.54416e-06 -2.60417e-08
7.23866e-07 -5.60793e-10
-4.6372e-07 2.60094e-07
1.43288e-06 3.50929e-07
-1.13344e-06 2.047e-08
1.55001e-06 6.33444e-07
1.16164e-06 -7.88969e-08
1.97492e-06 5.24254e-07
5.98804e-07 1.89209e-07
2.18698e-06 -6.79735e-08
1.47018e-06 3.4091e-07
2.16723e-06 -1.29961e-07
1.24234e-06 6.45156e-07
-1.46973e-06 5.59296e-07
-1.99394e-06 -2.92816e-08
2.13649e-06 1.43157e-09
-5.30202e-07 9.52132e-08
-1.94118e-06 -4.67612e-07
-1.17533e-06 -2.73199e-07
1.42557e-06 -4.19156e-07
-1.89359e-06 4.17838e-08
-3.29148e-07 -3.69937e-07
1.48471e-07 1.38646e-07
3.51285e-07 -5.67337e-07
-6.79407e-07 -6.59708e-07
-2.16598e-06 4.57987e-07
-1.76818e-06 -4.69035e-07
1.08267e-06 8.33951e-08
2.11761e-06 1.28856e-08
-1.23585e-06 -3.04692e-07
5.08749e-07 1.64572e-07
-2.03372e-06 3.80565e-07
-6.5439e-07 -1.56834e-07
-1.56217e-06 -3.22774e-07
-2.01959e-06 -6.98921e-07
-5.71742e-07 6.80533e-08
-2.14797e-06 -4.74354e-07
-2.18137e-06 -4.90985e-08
-3.20039e-07 -6.04963e-07
1.53323e-06 8.64046e-08
3.63298e-09 2.84727e-07
-9.5085e-07 -3.58051e-08
5.42854e-07 5.6114e-08
1.03037e-06 -6.05235e-07
1.62691e-06 1.60988e-07
1.15379e-06 -3.56395e-08
-8.00556e-07 1.49326e-07
-9.58066e-07 -6.10343e-07
3.85189e-07 4.1762e-07
1.64448e-06 6.15713e-07
1.70741e-06 1.57468e-07
1.26276e-06 3.71415e-07
1.03186e-06 -3.18261e-07
-4.70513e-07 -1.10762e-07
-1.28263e-06 -1.50624e-07
-6.93975e-07 3.98069e-07
-2.03632e-06 8.89351e-08
1.45777e-06 4.08946e-07
1.64477e-06 -1.57343e-08
1.484e-06 -2.47343e-07
2.11359e-06 -5.95818e-07
-1.20732e-06 -5.6446e-07
-2.03634e-07 -5.04688e-07
-2.16857e-06 4.76091e-07
-1.41708e-06 1.19276e-07
-3.36174e-07 1.08392e-07
1.69792e-06 -4.04342e-07
-2.12864e-07 6.3751e-07
1.16809e-06 -1.82802e-07
1.05113e-06 1.26296e-07
1.39377e-07 -1.68832e-07
4.24939e-07 -1.95569e-07
2.15427e-06 4.61785e-07
-9.76558e-07 5.57665e-07
-1.69881e-06 5.43928e-10
-1.03055e-06 -1.96252e-07
1.96629e-06 4.64448e-07
4.77018e-08 4.89943e-07
1.06682e-06 -4.91996e-07
1.45273e-06 -6.88265e-07
4.32504e-07 1.27378e-07
-1.45864e-06 -3.18853e-08
1.65905e-06 6.23181e-07
-1.95046e-06 3.61689e-07
-4.80096e-07 1.92652e-07
-1.64725e-06 3.40315e-07
9.89693e-07 -3.11686e-08
1.2168e-06 -3.36736e-07
-1.60906e-06 -3.53182e-07
1.78508e-06 -5.01051e-08
-6.71477e-07 -4.39833e-07
-1.83047e-06 -6.83142e-07
2.0965e-06 4.4785e-07
8.54155e-07 -6.11162e-07
2.00283e-06 -4.9521e-07
-1.60116e-06 -6.51286e-08
-1.09796e-06 -6.99657e-07
1.25101e-06 4.79991e-07
1.16285e-07 -7.58192e-09
2.13753e-06 -2.31423e-07
-1.71441e-06 9.05957e-08
3.88242e-07 3.88281e-07
-3.1117e-07 2.27781e-09
-4.34901e-07 -4.09894e-07
-1.25257e-06 -3.90141e-07
1.68575e-06 4.32976e-09
-2.5094e-07 -6.34854e-07
4.372e-08 -6.18812e-07
4.87846e-07 -1.57944e-07
1.66115e-06 -3.83351e-07
6.08923e-07 3.58044e-07
2.04088e-06 2.43386e-07
-1.13522e-06 5.0699e-07
1.30158e-06 6.4714e-07
-4.89206e-08 -1.5961e-07
6.66554e-07 5.87123e-07
8.03255e-07 1.47431e-07
-7.55102e-07 -6.50732e-07
9.9119e-07 6.35178e-07
1.04977e-06 4.71024e-07
-2.03557e-06 6.69961e-07
-1.60716e-06 4.39667e-07
7.32873e-07 6.63901e-07
-2.0875e-06 -4.31949e-08
-5.24571e-07 3.26132e-07
-1.83771e-06 -5.27987e-07
1.40583e-06 6.05217e-07
1.29647e-06 1.58893e-07
1.13886e-06 5.31157e-07
3.66631e-07 4.99023e-07
-1.98642e-06 5.6459e-07
1.39738e-07 5.59217e-08
5.49486e-07 -6.86611e-07
3.06462e-08 3.49708e-07
-1.8068e-06 3.93208e-08
1.54533e-06 5.09189e-07
-1.84522e-06 9.27561e-08
1.52205e-06 5.35993e-07
-2.03344e-06 -1.64775e-07
5.55335e-07 4.59369e-07
3.01589e-07 -3.66519e-07
7.35988e-07 9.11209e-08
1.55839e-06 -5.02651e-07
2.14234e-06 2.40371e-07
1.69346e-06 -1.45087e-07
6.49626e-07 2.22164e-07
5.14017e-07 4.94744e-07
-1.66915e-06 -6.12419e-07
1.29103e-06 -4.91779e-07
-7.08861e-07 7.38739e-08
-6.1121e-08 -1.76981e-07
8.67555e-07 -3.5899e-07
-1.15075e-06 -6.32134e-09
-1.05189e-06 -1.08824e-07
-1.6216e-06 3.88612e-07
-7.65127e-07 -5.94612e-07
1.07127e-06 -6.33249e-07
-1.30996e-06 1.01329e-07
-1.80418e-06 5.19381e-07
-1.91776e-06 6.53735e-07
9.51956e-07 -4.10824e-07
-7.06418e-07 5.68479e-07
9.89539e-07 -2.79762e-07
2.00871e-06 6.12091e-07
-3.15387e-07 -3.61962e-07
-1.36656e-07 4.64143e-07
1.70526e-06 4.22413e-07
1.03029e-06 2.40554e-07
1.66545e-06 5.99242e-07
1.40939e-06 -4.18309e-07
2.65031e-08 -5.0295e-07
-1.68786e-07 3.54002e-07
1.92478e-06 8.75084e-08
-1.98985e-06 6.90288e-07
-7.01017e-07 4.46758e-07
2.14616e-06 -6.19601e-07
-7.48953e-07 1.42852e-07
6.71174e-07 -3.60833e-09
-2.08143e-06 2.42959e-07
7.69563e-08 2.87402e-07
1.52844e-06 -5.30021e-07
8.42034e-07 -6.43236e-07
4.19419e-07 3.91666e-07
-8.56415e-07 5.02158e-07
1.07565e-06 5.67445e-07
1.08288e-06 5.70896e-07
2.05186e-06 1.42979e-08
-1.46068e-06 3.64214e-07
2.19871e-06 -1.92582e-07
-6.09598e-08 -4.39314e-07
1.89767e-06 -3.84932e-07
2.35397e-07 2.07331e-07
1.14379e-06 -3.72028e-07
1.1095e-06 -6.02239e-08
-1.9179e-06 6.73719e-08
-2.71319e-07 -1.36254e-07
7.46085e-07 3.98737e-07
9.43267e-07 3.84305e-07
7.60917e-07 -6.21116e-07
-2.02852e-06 1.41048e-07
1.37067e-06 3.62068e-07
1.49897e-06 6.38565e-08
1.39898e-07 5.50844e-07
1.33875e-06 6.33576e-07
-1.63594e-06 -2.52356e-07
-7.11081e-07 -2.01291e-07
-5.85093e-08 -3.85451e-07
-1.66556e-08 -1.04181e-07
5.3872e-07 -4.64618e-08
1.26405e-07 1.2851e-07
-8.9039e-07 -1.0155e-07
8.29278e-07 -1.65482e-08
1.61904e-06 6.88042e-07
-8.0677e-07 3.11643e-07
1.64051e-06 3.43348e-07
4.01997e-07 -6.14025e-07
1.1534e-06 -4.21236e-07
-1.52992e-07 -3.1634e-08
5.81072e-07 6.47616e-07
-6.21335e-07 1.52222e-07
2.38947e-07 5.77091e-07
-1.70302e-06 2.51237e-07
-6.09563e-07 -2.44202e-07
2.1116e-07 -1.66725e-07
1.9833e-06 2.65254e-07
-1.18038e-06 2.86671e-07
-9.51091e-07 2.41052e-07
-2.00018e-06 -4.85469e-07
-1.26691e-06 6.71254e-07
3.10156e-07 4.47112e-07
-4.80992e-07 4.76046e-07
-1.2145e-06 -6.52282e-08
-1.65799e-06 3.46916e-07
8.43436e-07 -1.07335e-07
1.20987e-06 4.62648e-07
-2.05728e-06 -5.64706e-07
-1.31831e-06 -5.92525e-07
5.43517e-07 3.89974e-07
9.50803e-07 4.97193e-07
1.56323e-06 4.11815e-07
-1.72005e-06 -4.60217e-07
2.00176e-07 -1.78178e-07
-1.72557e-06 5.51305e-07
1.12402e-06 -4.37887e-07
-1.82873e-06 -2.5224e-07
2.22442e-07 -4.7944e-07
1.9554e-06 3.83127e-07
1.91424e-07 3.85304e-07
-7.81466e-07 5.88208e-07
-4.74348e-07 -2.78492e-07
7.27004e-07 -9.39273e-08
6.07995e-07 5.12088e-07
-1.2403e-06 -1.45221e-07
-7.43047e-07 6.96118e-07
-1.60745e-06 9.03397e-09
2.04115e-06 2.02616e-07
-4.00541e-07 3.47835e-07
-1.49766e-06 3.84097e-07
-8.61519e-07 3.8559e-07
4.10183e-08 -3.23651e-07
1.62647e-06 -6.52295e-07
-3.36953e-07 -2.38687e-07
1.31154e-06 1.76648e-07
1.80561e-06 5.72007e-07
-3.39912e-07 -4.28334e-07
-1.23047e-06 3.35069e-07
4.43367e-08 6.10461e-07
2.14157e-06 3.9613e-07
1.76583e-07 -2.87572e-07
-2.04843e-06 -4.75684e-07
1.79154e-06 2.04015e-07
-3.26961e-07 1.75804e-07
-8.65398e-08 5.38556e-07
1.72916e-06 -2.43055e-07
1.46012e-06 -2.51394e-07
9.96789e-07 3.32655e-07
-3.12338e-07 1.4634e-08
2.19347e-06 4.99239e-07
4.80004e-07 -5.71962e-07
-1.11271e-06 5.61093e-07
-1.77531e-06 -1.13972e-07
-1.6956e-06 4.12286e-07
-1.05787e-06 -5.60279e-07
-1.75315e-07 5.95576e-07
3.5284e-07 -4.06228e-07
2.01232e-06 3.22642e-07
-1.93872e-06 3.29549e-07
1.62269e-07 1.05044e-07
-1.36149e-06 -2.91252e-07
-7.71249e-07 -4.74023e-08
6.07651e-07 1.75366e-07
9.82481e-07 -4.93701e-07
5.38559e-07 -7.17013e-08
1.61895e-06 4.05979e-07
2.01607e-06 5.69183e-07
-1.84665e-06 4.2675e-07
1.47805e-06 2.75764e-07
-1.41541e-06 1.32936e-07
-1.72865e-06 6.16546e-07
-1.94883e-06 5.07275e-08
1.17942e-07 -2.55303e-07
1.18332e-06 4.9478e-07
-1.65807e-07 -6.04405e-07
4.65249e-07 1.10076e-07
2.15301e-06 -6.88698e-07
7.8689e-07 4.35758e-07
-5.84586e-07 -6.42786e-07
2.03381e-06 2.10598e-07
-1.2486e-06 3.81016e-07
1.13987e-06 4.23112e-07
1.99893e-06 8.98621e-08
2.12182e-06 4.41261e-07
-3.46611e-07 -4.3035e-07
9.8954e-07 -1.29833e-07
1.38875e-06 1.66136e-07
1.14501e-06 4.41914e-07
-5.50756e-08 4.85003e-07
1.42292e-07 7.04351e-08
-1.01205e-07 -6.98226e-07
1.58124e-06 -1.93684e-07
2.23309e-07 4.39988e-07
1.82594e-06 -8.81092e-08
-1.57692e-07 -1.71804e-07
-1.81756e-06 5.05524e-07
9.62162e-07 -5.83107e-07
1.26513e-06 -2.84142e-07
-9.25151e-08 4.3412e-07
-1.86996e-06 -5.6608e-07
-1.89671e-06 2.5262e-07
2.17857e-06 -4.95191e-07
-2.33865e-08 -3.41087e-07
-9.68674e-07 -6.0072e-08
-8.14427e-07 -4.44328e-07
6.49601e-07 -9.69241e-08
-5.73196e-07 1.83951e-07
-1.40609e-06 3.50692e-07
9.00318e-07 6.39155e-07
2.85116e-07 5.00672e-07
-8.84756e-07 2.45576e-07
1.88599e-06 -1.97797e-08
8.45338e-07 3.37888e-08
-2.71284e-07 1.47803e-09
-1.95957e-06 6.15754e-07
-2.50676e-07 3.47061e-07
1.18776e-06 5.94029e-08
-2.1073e-06 -6.77012e-07
3.96731e-07 7.96998e-08
9.03455e-07 -4.22118e-07
-1.04013e-06 6.90712e-07
1.60629e-06 -6.52148e-07
2.15237e-06 1.65191e-07
-1.69279e-06 -6.93508e-07
-1.1587e-06 3.05458e-07
-2.8102e-07 -1.66754e-08
-4.62639e-07 1.2834e-07
1.09011e-06 -6.7195e-07
-1.04711e-07 -5.86199e-08
6.16068e-07 6.80441e-07
-2.13279e-06 -5.57556e-07
-6.19435e-07 3.41901e-07
-2.22218e-07 -2.78012e-07
1.87371e-06 5.94992e-07
-1.01281e-07 3.9317e-07
4.23107e-08 9.50684e-08
-3.45309e-07 -4.31229e-07
-2.02882e-06 -8.43207e-08
-2.6514e-07 -1.50317e-07
1.84331e-06 3.65086e-07
-1.69212e-06 4.3865e-07
-2.08124e-07 -1.40966e-07
8.85684e-07 1.85129e-08
-8.27936e-07 1.47064e-07
-1.03948e-06 -2.79624e-07
-8.01204e-07 -4.88899e-07
-1.36203e-06 6.69433e-07
-3.71886e-07 6.51907e-07
-2.05852e-07 -3.11017e-07
-1.53676e-06 -1.6442e-07
-1.22231e-06 -5.13732e-07
-7.21629e-07 -8.50477e-08
-6.26639e-07 -2.25467e-07
1.50551e-06 3.58258e-07
-6.46514e-07 -2.71648e-07
-1.31725e-06 2.96997e-07
1.4058e-06 -2.05861e-07
-9.14491e-08 9.71586e-09
-2.82148e-07 5.51703e-08
-4.18458e-08 6.0336e-07
-1.93883e-06 -1.50002e-07
-1.96046e-06 3.78168e-07
1.81517e-06 -7.04808e-08
1.15672e-06 4.49343e-07
1.39938e-06 6.14417e-07
-7.83605e-07 3.15819e-07
3.05602e-07 -5.12945e-07
8.88325e-07 2.22955e-07
9.65322e-07 6.84339e-07
9.76773e-07 5.45371e-08
-9.58222e-07 5.03475e-07
-1.13377e-06 -5.43258e-07
-1.19819e-06 5.87959e-07
5.59997e-07 -4.36093e-08
-1.63059e-06 -5.09568e-07
-1.75586e-06 -1.22825e-07
9.93351e-07 -4.93156e-07
1.52598e-06 -4.08061e-07
8.40319e-07 2.48799e-07
-9.02129e-07 -1.91061e-07
1.18945e-06 -6.59341e-07
-5.00492e-07 -3.35355e-07
2.50543e-07 -5.92178e-07
-1.01722e-06 -1.13241e-07
-9.47466e-07 -4.79828e-07
-1.6426e-06 -5.09296e-07
1.52864e-08 1.62356e-07
-1.18299e-06 1.53696e-07
-1.98036e-06 -2.56257e-07
-2.44442e-07 -6.71202e-07
1.35543e-06 4.37329e-07
4.11936e-07 6.72502e-07
9.12408e-07 -1.91135e-07
1.89382e-07 6.71193e-07
-3.36779e-07 -3.51168e-07
5.71337e-07 -4.0865e-07
-8.97746e-07 -5.85392e-07
1.57906e-06 4.63005e-07
9.50263e-07 2.84819e-07
-1.00659e-07 -5.08922e-07
-3.77785e-07 6.98684e-07
1.51244e-07 3.50649e-07
-1.79439e-06 -6.4673e-07
7.15407e-07 -4.71366e-07
5.87017e-08 -4.25365e-08
1.24633e-06 6.70365e-07
-2.13048e-06 -3.17211e-08
-1.51939e-06 6.10377e-07
-2.05844e-06 2.62495e-07
-2.11543e-06 -2.30993e-07
-8.35678e-07 3.51437e-07
-1.51271e-06 -5.67019e-07
1.55911e-06 4.54115e-07
-1.31002e-06 1.16459e-07
-9.58568e-07 -5.46839e-08
-6.21147e-07 6.57879e-07
7.84847e-07 4.90146e-07
-8.4169e-09 -8.7257e-09
-5.4546e-07 6.96905e-07
-1.07606e-06 -3.845e-07
3.16299e-07 -2.40369e-07
9.78056e-08 -1.88969e-07
-1.34439e-06 -6.9093e-07
-1.26378e-06 -5.38069e-07
7.73481e-07 -6.24568e-07
1.10824e-06 -3.64384e-07
-1.44408e-06 2.97834e-07
1.20822e-06 1.06534e-07
-1.10637e-06 3.01507e-07
1.54898e-06 -4.29642e-08
2.19447e-06 4.06301e-07
1.49285e-06 -3.25972e-07
1.21694e-06 6.9988e-07
-1.48078e-06 3.65408e-07
-5.50027e-07 -5.44461e-07
1.41461e-06 -2.01093e-07
-1.77395e-06 -1.81089e-07
1.95684e-06 4.52292e-08
1.74417e-06 3.00825e-07
1.07815e-06 -5.31823e-07
1.86373e-06 -4.69308e-07
-1.90453e-06 -6.79638e-08
-1.22006e-06 -8.24277e-08
2.04505e-06 5.76622e-08
1.4327e-08 -1.15601e-07
-1.24392e-06 3.30183e-07
-1.06922e-06 3.27486e-07
1.35443e-06 2.76021e-07
-1.96464e-08 3.48772e-07
7.34714e-07 5.55663e-07
-1.21896e-07 2.27563e-07
-1.40292e-06 -3.41013e-07
-6.01434e-07 -1.62664e-07
-2.13966e-06 -6.85545e-07
1.93196e-06 1.68816e-08
-1.965e-06 -4.67644e-08
-1.34476e-06 -5.65993e-07
-1.28977e-06 2.82493e-07
-1.15259e-06 -6.97235e-07
-4.76659e-07 2.75085e-07
7.29081e-07 -2.99154e-07
5.4455e-07 -7.6329e-08
1.12197e-07 -2.75494e-07
1.16189e-06 3.35706e-07
1.90156e-06 -2.54119e-07
-3.37524e-07 -2.37042e-07
4.92575e-07 -4.74531e-07
1.27149e-06 -5.4598e-07
6.93472e-07 3.25057e-07
-9.06318e-07 3.19e-08
2.01072e-06 3.03465e-07
1.59862e-06 8.9174e-08
5.64986e-07 -5.9022e-07
-1.86527e-07 5.31447e-07
2.49843e-07 -1.588e-07
9.40981e-07 8.93066e-09
1.4723e-06 -3.4654e-09
-1.51147e-06 4.13107e-07
2.12059e-06 -3.35684e-07
7.57073e-07 4.41052e-07
-5.432e-07 6.47123e-08
1.91294e-06 -3.556e-07
-1.35788e-06 -3.80415e-07
-1.42156e-07 6.30455e-07
1.38415e-06 4.87242e-08
5.94233e-07 -6.3046e-07
-1.44333e-06 1.70506e-07
-1.7423e-06 -4.1551e-07
1.97647e-06 -4.51956e-07
-6.92078e-08 -1.14178e-07
4.59601e-07 4.03851e-07
-1.69406e-06 1.65211e-07
1.60117e-06 -2.05615e-07
9.55273e-07 -6.66291e-07
6.45638e-07 -6.55069e-07
-5.34609e-07 2.46265e-07
-2.48764e-07 3.05295e-07
-5.3812e-07 6.91178e-08
-1.73521e-06 4.43097e-07
-6.58142e-07 -5.95137e-07
1.27798e-06 -6.46486e-07
5.84062e-07 2.49066e-07
1.77595e-06 -1.03846e-08
1.70171e-06 3.26858e-07
3.12866e-07 -4.19093e-07
-1.12712e-06 5.70003e-07
-4.2051e-08 -5.3581e-07
1.26284e-06 -1.0655e-08
-4.06018e-07 -6.56534e-07
-9.95885e-07 6.21832e-07
-2.13029e-06 -1.1174e-07
1.99972e-06 -3.16982e-07
-1.81478e-06 -2.61749e-07
-4.61014e-07 5.30322e-07
-1.56811e-06 -5.10988e-08
1.99249e-07 -5.02745e-07
-4.83351e-07 -4.99665e-07
7.74535e-07 -5.65664e-07
2.17875e-06 -5.15502e-07
-1.6542e-06 -6.71626e-07
1.11855e-06 5.3394e-07
4.83342e-07 -1.12295e-08
1.54226e-06 -1.91181e-07
8.7937e-07 -3.51482e-07
-8.64196e-07 -5.41721e-07
7.04611e-07 -6.19416e-07
1.95625e-06 -3.66823e-07
2.03432e-06 -1.48462e-07
2.02192e-06 4.92639e-07
1.64697e-06 -1.19076e-07
2.7687e-07 1.22872e-07
-1.15329e-06 -1.28913e-07
-1.20258e-06 2.7908e-07
-1.45375e-06 -2.86332e-07
1.47288e-06 4.11866e-07
-2.09407e-06 1.06558e-07
1.11065e-06 1.64289e-07
7.53285e-07 5.862e-07
2.1861e-06 -6.17685e-07
1.61318e-06 -1.04395e-07
7.74239e-07 -3.14228e-07
1.42607e-06 -3.76108e-07
1.03208e-06 7.84854e-09
-1.6083e-06 -2.24758e-07
-1.69413e-07 -3.90381e-07
-4.0189e-07 -4.63757e-07
8.17283e-07 -1.05868e-07
-1.04848e-06 3.34525e-07
1.39649e-06 5.1827e-07
1.72324e-06 -4.08373e-08
-8.47146e-07 6.52786e-08
-1.57818e-06 -6.19073e-07
6.57662e-07 -3.69242e-07
5.27972e-07 4.31335e-07
-1.33303e-06 -5.40564e-07
-1.65818e-06 5.21881e-07
-1.29887e-06 -3.14598e-07
4.98524e-07 -3.55392e-07
-1.45193e-06 -1.05642e-08
-1.24234e-06 6.54471e-08
1.62195e-06 1.23711e-07
-6.86115e-07 1.11255e-07
-1.87702e-07 6.14895e-07
8.32569e-07 -9.86682e-08
8.70169e-07 1.05705e-07
8.34367e-08 2.92215e-07
3.39401e-07 -5.56128e-07
-2.08686e-06 -4.22289e-08
1.88845e-06 6.14354e-07
2.32758e-07 3.37542e-08
-2.08909e-06 -5.95668e-07
-1.00844e-06 -4.95126e-07
1.52745e-06 1.38556e-07
1.0359e-06 -5.24495e-07
1.52859e-06 -4.57545e-08
-1.1635e-06 2.7351e-07
-1.21468e-06 5.79229e-07
-1.46734e-06 -1.46692e-07
2.17931e-06 4.46252e-07
-1.86873e-06 -4.17428e-07
1.08144e-06 2.42174e-07
2.65415e-07 -6.43246e-07
-9.34533e-07 -4.23792e-07
-2.19107e-06 -2.60726e-07
1.3223e-06 -5.4482e-07
8.37254e-07 4.08263e-07
1.47433e-06 4.45015e-07
-4.95766e-07 1.1133e-07
8.02774e-07 6.60803e-08
1.86734e-06 -5.63744e-07
2.12903e-06 2.1174e-07
-1.33902e-06 -8.7672e-09
-1.63776e-06 -1.62817e-07
-5.01994e-07 -8.91214e-08
5.58463e-07 6.19567e-07
-1.85291e-06 -4.32029e-08
-1.6651e-06 -5.9684e-07
-2.2453e-07 3.14251e-07
5.62219e-07 1.84098e-07
-1.53039e-06 -6.5836e-07
-1.45214e-07 2.64264e-08
-5.41506e-07 6.80475e-07
-3.71717e-08 -1.27392e-07
-2.58157e-07 -1.98806e-07
-3.87337e-07 -5.15082e-07
1.15712e-06 -8.68545e-08
1.34062e-07 -6.5194e-08
-5.86235e-07 -3.74361e-07
2.15382e-06 2.01784e-07
-9.3073e-07 -6.44097e-07
9.37187e-07 1.5681e-07
5.10257e-07 3.87226e-07
6.80241e-07 -8.61191e-08
1.37944e-07 -3.51875e-07
-2.13185e-06 -1.45751e-07
-7.9937e-07 -4.88018e-07
2.70709e-07 -1.84698e-07
-9.76988e-07 3.1638e-07
1.29359e-06 3.53612e-07
-1.703e-06 -4.52821e-07
-5.06801e-07 4.18143e-07
1.0264e-06 -4.79772e-07
-1.20683e-07 -3.18912e-08
-9.39399e-07 2.74005e-07
-1.63442e-06 3.26882e-07
-1.26742e-06 2.28094e-07
-8.83478e-07 3.19618e-07
1.95501e-06 5.28339e-07
1.54374e-06 -1.12624e-07
8.14101e-09 -5.19878e-07
-1.02888e-06 -3.32842e-07
1.57231e-06 1.398e-07
-1.28441e-06 5.68364e-07
4.60463e-07 5.33094e-07
1.69256e-06 1.12022e-07
-2.19278e-06 4.84789e-07
-1.95483e-06 -2.63478e-07
-1.50228e-06 6.16099e-07
-9.26357e-07 -3.70713e-07
-9.71461e-07 2.94653e-08
1.22458e-06 -4.23352e-07
2.49097e-07 -5.86127e-07
9.98508e-07 -6.30961e-07
-5.0295e-09 -5.7428e-07
1.63242e-06 3.97426e-07
6.05577e-07 3.18796e-07
4.15876e-07 -6.35987e-07
6.24025e-07 6.80862e-07
-5.39385e-07 3.87455e-07
-8.56497e-07 1.56516e-07
5.37299e-07 2.30335e-07
1.6013e-06 -5.56714e-07
-1.44768e-07 1.89092e-07
2.10468e-06 -3.55811e-07
-8.32383e-07 -6.7766e-07
-1.40073e-06 5.45826e-07
1.42443e-06 6.4005e-07
1.78679e-06 5.21353e-07
6.75088e-07 3.96578e-07
-9.23586e-07 1.25236e-07
1.58553e-06 6.52144e-07
-9.54675e-07 -5.44868e-07
1.8729e-06 2.98915e-07
-1.07325e-06 4.50677e-09
-4.69888e-07 -4.77821e-07
5.18413e-08 -4.8628e-08
-5.96213e-08 -1.54421e-07
1.0107e-06 6.87192e-07
1.05798e-06 -9.78991e-08
-7.2369e-07 4.372e-07
2.01101e-06 2.21079e-07
8.29857e-07 6.57647e-07
1.43801e-06 -4.65411e-07
-6.77287e-08 1.62398e-07
-1.22417e-06 5.81648e-07
2.54614e-07 5.10654e-07
-7.12583e-07 9.42171e-08
1.59527e-06 -1.89494e-07
-1.48564e-06 -6.10439e-07
-1.13067e-06 2.41697e-07
1.76493e-06 4.0344e-07
1.428e-06 6.155e-07
-5.26883e-07 3.77675e-07
1.30131e-06 -4.45965e-07
1.29678e-06 -5.65489e-07
4.90396e-07 4.17916e-07
-2.08432e-06 3.54375e-07
-1.86247e-06 -5.46472e-07
-1.48654e-06 3.87689e-07
9.05548e-07 5.80013e-07
2.19572e-06 6.87034e-07
1.70125e-06 6.63714e-07
-2.16092e-06 -5.7424e-07
1.71915e-06 6.5787e-07
-1.61667e-06 -5.4371e-07
-1.21219e-06 3.90453e-07
-1.07554e-06 1.78689e-07
1.96215e-06 -5.34052e-07
-1.83661e-06 2.80637e-07
-1.01541e-06 -5.28557e-07
-2.86003e-07 -6.1818e-07
-1.83644e-06 3.26761e-07
8.11026e-07 -5.55522e-07
8.22268e-07 -4.11614e-07
-1.59765e-06 -2.28845e-07
4.83987e-07 -3.23261e-07
-1.84674e-06 1.86207e-07
-1.47482e-06 6.74622e-07
6.21884e-07 -3.81365e-08
-8.16082e-07 -5.56611e-07
-1.8661e-06 5.67362e-07
5.16853e-07 1.82675e-07
1.84503e-06 1.64216e-07
-1.02594e-06 -3.52506e-07
-1.00885e-06 -2.66401e-08
-1.21637e-06 3.0827e-07
1.57909e-06 4.11592e-07
1.34861e-06 4.90284e-07
-8.92781e-07 2.38958e-07
1.66477e-06 3.34961e-07
-1.35608e-06 -1.8541e-07
-1.98289e-06 3.94871e-07
1.97612e-06 4.12085e-07
4.42838e-07 5.79028e-07
1.06532e-06 2.28672e-07
-1.82608e-06 -1.36139e-07
-7.50356e-07 2.04956e-07
3.03523e-08 -5.99033e-08
-1.72993e-06 2.8307e-07
4.82651e-07 3.89426e-07
1.09515e-06 -3.35287e-07
-1.84045e-06 -5.62885e-07
1.33985e-06 -1.25279e-07
-1.84841e-08 1.71888e-07
1.90411e-06 5.14343e-07
1.39893e-06 6.30346e-07
-1.52113e-06 1.42614e-07
2.05285e-06 -5.80543e-07
7.37114e-07 8.47378e-08
2.12062e-07 -1.39933e-07
-2.03397e-06 1.54522e-07
-1.77006e-06 -2.1476e-07
2.44421e-07 4.55687e-07
-3.34984e-07 -2.28735e-07
8.28852e-07 -4.94363e-07
-1.96163e-06 6.41991e-07
-7.2813e-07 -6.97515e-07
-1.7292e-06 -3.11443e-07
9.87722e-07 5.05882e-07
-5.09274e-07 -1.75369e-07
1.19065e-06 2.42546e-07
-3.67392e-07 2.76883e-07
-2.45855e-07 -2.05025e-07
2.19653e-06 4.86749e-07
-5.92924e-07 5.34963e-07
-1.39987e-06 -2.21462e-07
9.04561e-07 -2.27564e-07
2.17787e-07 3.33183e-07
-1.17807e-06 2.72502e-07
-8.21375e-07 4.37141e-07
-4.70325e-07 -2.71747e-08
-2.63791e-07 -5.51007e-07
7.03149e-07 -3.40078e-07
2.13184e-06 3.79885e-07
-5.03752e-07 -1.56729e-07
2.13314e-06 -4.38076e-07
2.08873e-06 -4.33716e-07
3.08332e-07 4.78358e-07
9.36578e-07 -5.9036e-07
-1.96158e-06 -3.83418e-07
1.61973e-06 -4.68086e-07
1.86611e-06 3.37789e-07
6.58306e-07 3.10001e-07
-7.66715e-07 -6.10501e-07
-1.14439e-06 -3.80969e-07
1.25033e-06 -5.29618e-07
-1.76612e-06 -5.32979e-07
4.02952e-07 2.62738e-07
1.91343e-06 -1.19302e-07
-9.42742e-07 -7.44851e-08
7.35167e-07 3.89825e-07
5.33646e-07 1.88416e-07
2.09166e-06 2.95459e-07
-1.27461e-06 -8.30308e-09
-1.19708e-06 -4.69489e-07
-1.0642e-06 4.31995e-07
-2.71442e-08 3.26979e-08
-1.06655e-07 1.76084e-07
2.152e-06 4.65648e-07
1.08747e-06 -5.38968e-07
-9.43435e-07 -5.31214e-07
-3.83132e-07 -3.20666e-07
-8.70115e-07 -9.19956e-08
-7.8269e-07 -5.70553e-07
-1.83389e-06 -2.81331e-07
1.3243e-06 -5.26302e-07
1.48277e-06 6.65439e-07
9.99149e-07 -6.94935e-07
4.66553e-07 -3.47355e-07
2.03017e-06 -4.33561e-07
-1.11657e-06 -1.83024e-07
-1.20956e-06 -2.52991e-07
-5.33051e-07 -2.66955e-07
-5.61466e-07 -2.12174e-07
-2.9554e-07 6.36197e-07
5.51568e-07 5.21074e-07
1.41369e-06 -4.22195e-07
1.01364e-06 2.38582e-07
2.06856e-06 -5.55748e-07
-1.58025e-06 2.41273e-07
1.77973e-06 5.83519e-07
-1.07237e-06 4.75529e-07
-8.88838e-08 -5.95619e-07
-1.87779e-06 1.48611e-07
1.75229e-06 2.09622e-07
-1.15879e-06 -6.99724e-07
6.66646e-07 6.90151e-07
1.37747e-06 1.27377e-07
-9.26543e-07 4.42573e-07
1.62163e-07 -1.90323e-07
-2.10513e-06 1.12834e-07
-4.38303e-07 5.22692e-07
6.68209e-08 -4.0892e-07
-9.79091e-07 3.71768e-07
-1.10657e-06 -6.11189e-08
-1.22231e-06 -7.43905e-08
4.96673e-08 6.79958e-07
-1.83506e-07 6.87761e-07
-1.93652e-06 6.24375e-07
1.77747e-06 9.05531e-08
-1.14237e-06 -3.25247e-07
-4.71387e-07 2.44189e-07
-1.86789e-06 2.73914e-07
-1.06548e-06 -1.1998e-07
-1.84316e-06 3.59303e-07
2.46454e-07 3.94802e-07
1.97439e-06 -5.20453e-07
-7.6096e-07 5.07936e-07
1.1234e-06 2.04166e-08
5.6713e-07 2.3218e-07
1.43266e-06 2.31605e-07
-1.30109e-06 4.17771e-07
-6.08732e-07 9.73918e-08
8.93388e-07 2.98563e-07
-7.76293e-07 -5.18396e-07
1.9542e-06 -9.8296e-08
-1.87883e-06 -5.06602e-07
1.36713e-06 -6.82549e-07
-1.83313e-06 5.47665e-07
-2.13439e-06 -1.22694e-07
-1.86217e-06 -6.97512e-07
-2.47745e-07 -6.68254e-07
1.51365e-06 -6.13703e-07
-1.41105e-06 -4.56976e-07
1.12997e-06 -5.26571e-07
-8.76327e-07 -3.00762e-07
-4.87192e-07 -4.35506e-07
1.25484e-06 -7.37426e-08
-1.35299e-06 4.13797e-07
-3.57429e-07 1.10142e-07
-2.42983e-07 4.46896e-07
1.98006e-06 5.79765e-07
-3.74575e-07 8.08566e-08
1.29179e-06 5.32319e-08
5.17347e-07 6.86513e-08
-1.12687e-06 5.39156e-07
2.14667e-06 5.51345e-07
-1.14997e-06 1.73363e-07
-2.03742e-07 4.9168e-07
-2.83817e-07 4.54689e-07
1.18044e-06 9.12758e-08
1.8784e-06 -4.09447e-07
1.09469e-06 -5.72923e-07
-8.20246e-07 -3.92105e-07
-7.69461e-08 -7.38058e-08
-1.95989e-06 2.8608e-07
-1.8374e-06 6.38756e-07
-1.93495e-06 2.11953e-07
-1.01409e-07 -2.32114e-07
-5.71622e-07 -1.95442e-07
-9.9261e-07 -4.11974e-07
-1.36637e-06 -6.31285e-07
-6.80337e-07 3.12782e-08
6.98012e-07 -2.20009e-07
3.92014e-07 -9.43738e-08
-1.6277e-06 -1.56968e-07
2.02555e-06 -4.0881e-07
1.31644e-06 -6.76796e-07
7.76923e-07 5.69534e-07
1.86339e-06 4.94776e-08
-7.60155e-07 1.34196e-08
-1.09637e-07 3.63386e-07
-9.70049e-07 3.12375e-07
8.55048e-07 3.23467e-07
2.40629e-07 -6.03832e-07
-1.76424e-06 1.14915e-07
2.1799e-07 -4.48065e-08
-1.28844e-06 1.62893e-07
-9.24782e-07 -3.87159e-07
-1.04682e-06 -5.06531e-07
6.86761e-07 3.04957e-07
1.85505e-06 6.70511e-07
-1.2852e-06 -2.41384e-07
-3.32614e-08 -4.79915e-07
2.10536e-06 -3.17814e-07
9.16448e-07 -4.34032e-07
-6.09586e-07 1.76425e-07
5.11402e-07 -5.31422e-07
-1.63334e-06 1.1766e-08
2.10591e-07 2.28807e-07
-5.54936e-07 -6.04199e-07
-6.74444e-07 -4.40924e-07
1.71239e-06 -5.93935e-07
-4.14452e-07 -5.42725e-07
1.67533e-07 1.9433e-07
1.58381e-06 6.3149e-07
2.1212e-06 -5.1557e-07
-6.08549e-07 4.79798e-07
-2.98879e-07 -6.84847e-07
-1.91976e-06 1.49673e-07
1.6482e-06 -1.52916e-07
-1.05012e-06 -4.27357e-07
5.24378e-07 -4.32607e-08
-1.94009e-06 9.57727e-08
-7.58528e-07 -6.8749e-07
-9.85451e-08 2.24593e-07
7.28137e-07 3.99285e-07
2.70707e-07 -2.59136e-08
-1.22799e-06 -5.13455e-07
-2.88833e-08 -5.11494e-07
1.32292e-07 -4.54046e-07
1.17321e-06 -3.78912e-07
2.00237e-06 -2.49447e-07
1.97854e-06 -4.96876e-08
1.06326e-06 1.28966e-07
-1.89098e-06 1.21295e-07
1.74235e-06 -3.25647e-07
-1.03024e-06 -6.27829e-07
-1.77413e-07 -6.4207e-07
3.0695e-07 -5.29305e-07
-1.14875e-06 3.28168e-07
-2.01593e-06 6.74236e-07
2.04997e-06 6.75321e-07
2.89761e-07 4.72131e-07
-9.85261e-07 8.41824e-08
-1.63557e-06 7.49135e-08
-7.44623e-07 -1.22402e-07
8.46866e-07 6.43736e-07
-2.12809e-06 -5.57052e-07
1.64658e-09 -4.70815e-07
-1.34728e-06 1.7062e-07
4.81562e-07 4.76746e-07
-3.20797e-07 -2.066e-07
1.31329e-06 1.15172e-07
-1.21942e-06 -2.07613e-07
1.96744e-06 -5.36541e-07
-1.61909e-06 -3.51709e-07
1.38674e-06 -2.6866e-07
8.75561e-07 4.47756e-07
-1.73378e-06 -2.50051e-07
1.99523e-06 -1.36327e-07
-6.71196e-07 -1.43835e-07
2.54254e-07 -1.34529e-07
-8.77867e-07 -5.09445e-07
-1.0481e-06 -2.15627e-07
-1.76873e-06 4.13983e-09
1.33295e-06 6.13173e-07
1.81585e-06 5.48288e-07
-2.3365e-07 9.72989e-09
-4.80315e-07 4.38719e-07
8.06263e-07 6.52576e-07
-1.29271e-06 -2.53384e-07
1.23491e-07 -2.96916e-07
1.98847e-06 6.28875e-07
6.70492e-07 3.97651e-07
9.06027e-07 4.89076e-07
2.05519e-06 5.40266e-07
-1.16075e-06 2.43625e-07
-1.68763e-06 1.92328e-07
1.2335e-06 3.88088e-08
1.9246e-06 -1.13438e-08
-2.08676e-06 6.46293e-07
6.45851e-07 -2.85839e-07
6.84664e-07 -1.8864e-07
-4.95279e-07 -3.00227e-07
1.95837e-06 5.66511e-07
-3.00513e-07 -1.8298e-07
-2.16201e-06 1.6872e-07
1.7379e-06 1.01997e-07
1.55917e-06 -3.46648e-09
-1.9856e-06 4.77711e-07
1.81364e-06 -1.32841e-07
1.32451e-06 -6.61669e-07
-2.13586e-06 1.45822e-07
1.06725e-07 -2.96522e-07
-1.92721e-06 2.51195e-07
-1.43883e-06 6.30737e-08
-1.14643e-06 -5.03135e-07
1.68458e-06 5.83546e-07
8.62171e-07 -5.30969e-07
1.73375e-06 2.76725e-07
-4.27168e-07 5.83154e-07
1.54235e-06 4.75207e-07
9.59907e-07 6.77231e-07
7.65394e-08 -4.48979e-07
2.0464e-06 4.78722e-08
2.0043e-06 -3.72376e-07
-1.09587e-06 3.71111e-07
-1.82928e-06 -3.32473e-07
2.91299e-07 -4.9134e-07
9.62364e-07 2.87555e-07
-3.47499e-07 -2.91892e-07
-1.44499e-06 5.87714e-07
-8.24219e-07 -5.33064e-08
-1.44481e-06 3.57184e-07
-2.10948e-06 5.10094e-07
-9.7258e-07 -1.47512e-08
8.99375e-07 -6.44977e-07
-5.4946e-07 3.81837e-08
7.35985e-07 -2.31161e-07
1.8378e-06 6.60407e-07
3.46293e-07 5.28845e-07
-1.48864e-06 -3.81992e-07
1.6922e-06 -6.85284e-07
8.60355e-07 -1.58322e-07
1.55484e-06 3.49969e-08
1.26748e-06 2.05348e-07
1.53862e-06 -6.11578e-07
-2.70744e-07 -2.27545e-07
-1.08523e-06 4.98417e-07
-2.99108e-07 2.7956e-07
-7.01455e-07 -4.88361e-07
7.20795e-08 4.51802e-08
-4.87014e-07 3.37678e-07
7.75064e-07 5.26874e-08
-3.65397e-07 2.40556e-07
3.35457e-07 7.08267e-08
1.92646e-06 -2.86031e-07
-8.76911e-07 -5.56686e-07
-3.46112e-07 -1.78555e-07
-1.37941e-06 1.2365e-07
-1.69805e-06 6.42136e-09
-1.2546e-06 3.48583e-07
-2.62643e-08 2.95762e-07
3.50849e-07 1.56991e-08
1.53365e-06 1.09015e-07
2.0834e-06 -2.10549e-08
5.30866e-07 -6.39224e-07
-1.90725e-06 6.89405e-07
-5.57684e-07 -2.99109e-07
2.34467e-07 -4.52382e-07
4.91503e-07 2.56811e-07
1.14091e-06 -6.2457e-07
-2.98028e-07 -4.62797e-07
1.65912e-06 -9.44163e-08
-8.19656e-07 -4.49695e-07
8.95973e-07 2.08627e-07
7.71705e-07 -4.95143e-07
-1.01254e-06 1.66927e-08
-2.00388e-06 5.83017e-07
-9.55607e-08 -5.06426e-07
