-2.22193e-07 -1.50617e-07
1.52308e-08 3.42373e-07
1.99813e-06 -1.59082e-07
-2.0547e-06 -8.53842e-08
1.78123e-06 -3.11448e-07
-6.95922e-07 4.48512e-07
-7.13391e-07 -3.24335e-07
-2.13362e-07 7.69008e-08
6.2522e-07 1.19353e-07
-2.16239e-06 2.31293e-07
6.20874e-07 -5.20091e-07
5.70364e-08 -1.73593e-07
-3.12784e-07 -4.20413e-08
-1.46342e-06 5.70821e-08
-4.24099e-07 -4.21313e-09
3.41364e-07 6.19779e-07
-1.09785e-06 4.74249e-08
2.351e-07 -2.77377e-07
9.92206e-07 -1.44142e-07
3.02569e-07 2.12043e-07
1.99162e-06 -4.63728e-08
-1.45658e-06 4.61788e-07
-5.11585e-08 6.13794e-08
4.04003e-07 2.30075e-07
4.06748e-07 3.62691e-07
1.66269e-06 -5.27093e-07
-1.75378e-06 3.14731e-07
-8.0746e-07 -1.86724e-07
1.65893e-06 3.53416e-07
3.58639e-07 -3.48622e-07
-1.90493e-06 1.62802e-07
3.10944e-07 2.07995e-07
5.90683e-07 2.45902e-07
2.07852e-07 5.38817e-07
-1.08685e-06 3.74254e-07
1.42512e-06 2.12316e-07
1.8127e-06 -5.712e-07
1.34786e-06 6.32265e-07
1.37306e-06 2.15669e-07
-2.19898e-07 -8.55591e-08
1.63499e-06 7.03924e-08
-1.61087e-06 7.14215e-08
2.00542e-06 -1.88546e-07
1.23577e-06 3.70312e-07
8.85259e-07 5.82386e-07
-4.65896e-07 4.29906e-07
-6.22828e-07 -2.13956e-07
-6.26793e-07 3.09434e-07
-1.0801e-06 1.87894e-08
1.01806e-06 3.9667e-07
1.87743e-06 -3.39999e-07
3.06073e-08 2.03173e-07
1.83901e-06 -2.69697e-07
-1.67386e-06 2.39332e-07
9.85525e-07 4.5749e-07
2.04558e-06 7.60318e-08
1.61962e-06 -4.49278e-07
7.45171e-07 6.08197e-07
-1.22278e-06 -3.0783e-07
-1.70463e-07 -1.50109e-07
-1.06971e-06 5.63572e-07
-3.53951e-07 -5.19604e-07
9.85679e-07 -3.63343e-07
-9.07939e-07 3.63711e-07
6.19081e-07 6.71958e-08
-5.3905e-07 -3.59247e-07
-1.6623e-06 -6.58095e-07
9.18154e-07 4.01405e-07
-2.0312e-06 4.08175e-07
1.47677e-06 -5.3308e-07
-6.6338e-07 4.01178e-07
8.527e-07 -6.48994e-07
-8.52274e-07 4.04046e-07
-1.47607e-06 4.85097e-07
4.91003e-07 -2.0593e-07
-1.36476e-06 -3.47424e-07
-4.18168e-07 3.63155e-07
2.63285e-08 -4.514e-07
-1.23574e-07 -2.04559e-07
7.14057e-07 -4.36216e-07
2.0297e-06 1.52151e-07
-8.39159e-07 -2.72096e-08
9.41475e-07 -6.88796e-07
-1.25705e-06 -3.47051e-08
8.74015e-07 -6.64825e-07
-1.99999e-06 2.83083e-07
1.20509e-06 -6.12602e-07
-7.84745e-07 3.90296e-07
1.7677e-06 -4.98645e-07
-4.92999e-07 5.23037e-07
1.04017e-06 -6.90436e-07
-6.8053e-07 4.74556e-07
-1.17785e-06 3.1687e-07
8.92791e-07 3.3574e-07
7.66233e-07 -5.7014e-08
1.86231e-06 2.20827e-07
1.52575e-06 -5.29774e-07
-9.91161e-07 -5.05549e-07
-1.32525e-06 -5.11769e-07
1.54328e-06 -3.67713e-07
-1.05584e-07 4.11234e-07
-3.53527e-07 -1.96999e-07
-3.73356e-07 -4.29852e-07
5.64309e-07 -2.48628e-07
2.12464e-06 6.40093e-07
1.1378e-06 -3.26169e-07
1.12146e-06 -5.89239e-07
-1.80994e-06 -4.92442e-07
-2.1495e-06 -1.02405e-07
2.81267e-07 -6.801e-07
-4.34978e-08 -1.92057e-07
2.09228e-06 -6.44167e-07
8.87888e-07 1.91764e-08
-6.02649e-07 -1.52925e-07
1.64566e-06 -4.30762e-07
2.34159e-07 -4.11223e-07
8.84976e-07 -6.29427e-07
6.35481e-07 3.56945e-07
2.16235e-06 -5.87683e-07
-2.02481e-06 5.39582e-07
-1.82799e-06 -4.50908e-07
1.01405e-06 -5.08967e-07
-8.27684e-07 6.69011e-07
-1.9866e-06 -1.66811e-07
-5.11231e-07 4.68809e-07
-1.09604e-06 -6.40723e-08
-9.48056e-07 4.60429e-07
-9.79824e-08 2.36315e-07
-1.10058e-06 -2.59314e-07
-2.91061e-07 4.80078e-07
2.10967e-08 2.31064e-07
4.74569e-07 -4.43651e-07
2.14958e-06 4.18488e-07
2.13365e-06 3.30646e-07
6.56407e-07 2.54931e-07
1.8383e-07 5.72527e-07
9.25691e-07 -4.90239e-07
-6.76455e-07 -4.06013e-07
1.11678e-06 1.78527e-07
-4.74496e-08 -7.73997e-08
-2.10956e-06 -4.07958e-08
-1.03646e-06 3.75011e-07
-7.54244e-07 -6.6817e-07
-5.0958e-07 5.23403e-07
5.66542e-07 -6.09579e-07
-1.58099e-06 3.92014e-08
1.07967e-06 5.39416e-07
-4.1831e-08 -1.24625e-07
-2.74155e-07 -6.28943e-09
9.93579e-07 -4.45673e-07
-1.53663e-06 3.87035e-07
6.95229e-07 5.52337e-08
-6.25878e-07 4.00468e-07
3.44105e-07 -4.43416e-07
-9.646e-07 -3.16126e-07
-2.2518e-07 -5.04905e-07
-1.15156e-06 -4.55389e-07
-1.10302e-06 -6.29948e-07
1.43878e-06 -4.28887e-07
-7.57467e-07 -4.25782e-07
1.89072e-06 -1.36135e-07
-1.10742e-06 2.13075e-07
-8.53047e-07 6.23559e-07
-1.37822e-06 5.07289e-07
1.87366e-07 2.50037e-07
-1.42556e-06 -1.50023e-07
-9.08847e-07 2.48563e-07
-1.5749e-06 6.77936e-07
1.63446e-06 -8.34655e-08
-7.35013e-08 -5.58471e-07
1.08909e-06 -2.10532e-08
2.34621e-07 6.51397e-07
-1.84196e-06 2.31913e-07
8.4232e-07 1.78294e-07
1.27044e-06 4.4746e-07
-2.09762e-06 4.53617e-07
-1.30949e-06 -3.00355e-07
2.09984e-06 -3.21722e-07
-1.33528e-06 -2.63145e-07
1.43006e-06 -4.00926e-07
-3.07583e-07 3.23818e-07
1.16625e-07 1.9922e-07
-5.41188e-07 5.4786e-10
-1.17706e-06 3.50386e-07
1.24353e-06 -7.02632e-08
6.29202e-07 -6.11515e-08
-3.04508e-07 -2.0274e-07
1.54988e-06 6.95916e-07
4.61458e-07 4.6485e-07
-1.87514e-06 -6.74909e-07
5.87955e-07 -4.82405e-07
2.1199e-08 2.78663e-08
-1.53107e-06 -5.27853e-07
-1.35216e-06 -2.30905e-07
-1.33905e-06 3.16364e-07
1.85484e-06 -1.69902e-08
1.47575e-06 -4.69795e-07
1.48409e-06 -5.69592e-07
8.05549e-07 -1.50202e-07
4.4246e-07 5.81116e-07
-1.62075e-06 -4.95721e-07
-1.09811e-06 1.81498e-07
-6.77295e-07 -3.97561e-07
1.31108e-07 3.58848e-07
1.29575e-06 2.6831e-07
1.13588e-06 1.56851e-07
9.73738e-07 -5.18402e-07
1.08336e-06 -4.31716e-08
-7.35187e-07 3.50407e-07
1.23774e-07 4.38357e-07
2.49696e-07 2.02239e-07
-1.92157e-06 -3.55942e-07
-1.25956e-06 1.56508e-07
-1.29403e-08 3.28624e-07
1.80457e-06 -6.87842e-07
1.93013e-06 6.05295e-07
-1.60966e-06 -1.74579e-07
8.98702e-07 8.42923e-08
-8.1705e-07 5.08748e-07
-2.70861e-07 1.81418e-07
1.68396e-06 6.27984e-07
7.12869e-07 -3.5e-07
-1.84237e-06 -1.57103e-07
-5.06053e-07 3.1657e-07
-1.0543e-06 3.62493e-07
8.73589e-07 6.8433e-07
8.3477e-07 4.87626e-07
-2.13343e-06 -4.31295e-07
-4.97658e-07 6.16169e-07
7.21066e-07 -2.12912e-07
1.2903e-08 -5.93988e-07
7.1182e-07 -4.90647e-07
9.17881e-07 1.8769e-07
-1.3239e-06 -3.33066e-07
-7.39061e-07 -4.05544e-07
-8.10363e-07 -6.9615e-07
-3.44594e-07 4.49485e-07
-1.09707e-06 2.54278e-07
4.49661e-07 1.41433e-07
1.26957e-06 -1.11646e-07
1.78345e-06 -4.82628e-07
2.5121e-07 -5.83191e-07
-2.52484e-07 4.02994e-07
-7.6726e-07 5.83456e-07
2.02177e-06 3.46506e-07
1.09964e-06 -6.1989e-07
1.23813e-07 -3.81059e-07
2.19999e-06 5.75438e-07
-1.42843e-06 -6.29864e-07
1.13884e-08 6.65317e-08
1.54472e-06 4.72328e-07
-1.15333e-06 1.4289e-07
3.15966e-07 -5.69803e-07
-6.70379e-07 5.6603e-07
1.85056e-06 -4.81073e-07
-1.84569e-06 6.66805e-07
5.81796e-07 -5.01095e-08
1.12338e-06 -2.582e-07
-1.31141e-06 -3.90882e-09
-1.56043e-06 -1.02064e-07
-8.20152e-07 2.86105e-07
1.37946e-06 -2.2658e-07
-1.64e-06 -1.93181e-07
-1.58748e-06 -1.32945e-07
-7.87497e-07 -6.89112e-07
-1.82952e-06 3.85373e-07
-6.58215e-07 4.33597e-07
1.54087e-06 1.31443e-07
-1.47966e-06 6.41239e-08
-1.0963e-06 -2.07503e-07
-7.35911e-07 -6.60552e-07
5.93013e-07 3.43185e-07
-1.06325e-06 3.5116e-08
-4.32974e-07 -5.06948e-08
9.34476e-07 2.52739e-07
-3.34369e-07 -6.09779e-07
-4.60911e-07 -2.83605e-08
1.37409e-06 4.43098e-07
-1.3231e-06 2.4761e-07
7.18837e-07 5.46783e-07
2.0497e-06 -1.2666e-07
9.51108e-07 -3.44068e-07
-4.18806e-07 -3.08556e-07
1.72618e-06 -2.1165e-07
1.32131e-06 2.94138e-07
-5.65885e-07 -3.10241e-07
-6.59684e-07 5.41703e-07
4.05802e-07 6.66723e-07
1.38186e-06 -2.57863e-07
1.52452e-06 2.72752e-07
-1.4978e-06 -6.73527e-07
-8.94365e-07 1.8224e-07
1.19684e-06 -6.59308e-07
8.21478e-07 -2.9818e-07
-8.14083e-07 3.16741e-07
-1.35218e-06 2.74043e-07
1.99483e-06 2.43122e-08
5.78496e-07 9.79081e-08
1.9628e-06 -3.93997e-07
1.10925e-07 3.95196e-07
-2.67112e-07 5.5259e-07
-2.08241e-06 6.4694e-07
-1.14715e-06 6.6446e-07
-4.11056e-07 5.22267e-07
1.65754e-07 -5.92322e-07
4.62444e-08 -4.48685e-07
1.25493e-07 -5.89387e-07
-1.93823e-06 4.87065e-07
-5.55169e-07 6.49803e-07
6.60879e-07 -5.02013e-07
-1.55829e-06 -2.25527e-07
1.24115e-06 5.81827e-07
8.45459e-07 6.12215e-07
1.22916e-06 2.54435e-07
4.28682e-08 -1.75419e-07
1.52603e-06 2.6854e-07
2.0316e-06 1.0336e-08
-1.94402e-07 5.5135e-07
-1.96876e-06 6.65501e-07
5.09837e-07 -3.95659e-07
-6.94882e-08 2.79324e-07
6.00602e-07 6.83636e-07
-3.93117e-07 5.86579e-07
1.82914e-07 -1.17421e-07
-2.23867e-07 -2.378e-07
1.96053e-06 -1.74685e-07
-2.89292e-07 -6.31088e-07
5.90431e-08 2.43293e-07
1.9672e-06 -2.44847e-07
2.02909e-06 3.89398e-07
2.02053e-06 3.98954e-07
2.06247e-06 6.097e-07
2.82451e-07 -1.43538e-07
-1.4968e-06 -2.53097e-07
-7.2775e-07 -2.64074e-07
-1.12001e-06 2.50685e-07
-1.69746e-06 -3.52634e-07
1.32036e-06 2.26407e-07
1.70073e-06 8.76361e-08
-6.31402e-07 -1.62326e-07
-8.86081e-07 -2.53859e-07
-1.2561e-06 1.51632e-08
-1.82222e-06 -2.69907e-07
-3.12888e-07 -5.51277e-08
6.76235e-07 -7.95816e-08
-2.72663e-07 -3.97236e-07
-1.54515e-06 -4.28602e-07
1.91382e-06 1.60147e-07
1.086e-06 -3.57786e-07
-6.71476e-07 3.04893e-07
-8.11274e-08 -8.81022e-08
1.9464e-07 5.12562e-07
-2.38603e-07 -1.52716e-07
1.07235e-06 -6.73032e-07
1.6601e-06 5.47961e-07
1.8193e-06 -2.31454e-07
-2.00672e-06 -4.09777e-07
-8.79487e-07 -2.36071e-07
-1.36314e-06 6.29032e-07
8.89718e-07 3.66648e-08
-1.92668e-06 -2.17384e-07
4.49433e-07 4.46722e-07
-1.11917e-06 3.67165e-07
-2.00675e-06 -2.70299e-07
1.91045e-06 -1.43282e-07
8.90837e-07 -4.54048e-07
6.33417e-07 5.55357e-08
-2.50608e-07 -3.19653e-07
-3.37758e-07 3.28875e-09
-1.96003e-07 4.75575e-07
-4.47428e-07 4.81815e-07
-1.37026e-06 4.18227e-07
-6.33098e-07 -7.5497e-08
-1.64411e-06 -6.47792e-07
3.36366e-07 -4.08797e-07
8.24152e-07 -5.05984e-07
-1.71511e-06 -2.10429e-07
-9.56946e-07 2.42984e-07
-2.56338e-07 5.38197e-07
9.30853e-07 4.32399e-07
1.89081e-06 6.09377e-07
-7.9856e-07 -1.16635e-07
1.13123e-06 -6.87519e-07
3.78053e-08 -4.23703e-07
1.4027e-07 3.21427e-07
6.02628e-07 2.93545e-08
2.02797e-06 5.71969e-07
1.05856e-06 -3.23447e-08
1.22533e-06 -2.58112e-07
1.7826e-06 5.24133e-07
2.85887e-07 -2.50668e-07
2.73196e-07 3.84178e-07
2.06864e-06 -5.69028e-07
6.61653e-07 3.0186e-07
-1.63837e-06 1.13177e-09
3.40138e-07 -2.51869e-07
2.87999e-07 -4.79565e-07
5.80464e-07 -5.07636e-07
4.62288e-07 -2.7183e-07
-1.57022e-06 -3.0344e-07
6.01735e-07 6.03686e-07
3.9108e-07 -6.86048e-07
2.09771e-06 6.26292e-07
1.22268e-06 -1.53074e-07
-1.89009e-06 -6.09254e-07
-9.04831e-07 -2.54343e-07
-4.87968e-07 5.80046e-07
7.65435e-07 -2.58888e-07
8.45794e-07 -2.80105e-07
-1.23016e-06 -1.89775e-07
-4.73514e-07 2.70919e-08
-1.44808e-06 6.40377e-07
1.40141e-06 4.26847e-07
-1.70104e-06 -4.85899e-07
-1.42693e-06 1.52864e-07
-1.04019e-07 4.65521e-07
-1.54405e-06 -5.81643e-07
-1.04063e-06 -4.33438e-07
-6.40202e-07 -1.83501e-07
-1.76558e-06 2.81137e-07
-8.92048e-07 -1.73555e-07
-1.3222e-06 2.52184e-07
5.76164e-07 5.73914e-07
-2.24412e-07 -1.57833e-07
1.33956e-06 4.6192e-07
4.80712e-07 -4.37078e-07
1.18852e-06 3.49148e-07
6.31726e-07 -6.87415e-07
7.95161e-07 -4.69925e-07
-3.77914e-07 4.29298e-07
1.64458e-06 -6.18441e-07
-2.40989e-07 7.05081e-09
1.55564e-06 -2.10688e-07
6.08317e-08 5.3387e-08
9.33945e-07 2.16753e-07
7.94872e-07 -2.03641e-07
1.76728e-06 -1.69476e-07
-5.76794e-07 5.07613e-07
1.12085e-06 1.86028e-07
2.07343e-06 -8.85428e-08
-1.81235e-06 -5.23745e-07
-1.58364e-06 -2.63062e-07
-2.80505e-07 -1.05172e-07
-1.54579e-06 -6.07462e-07
-7.6869e-07 -2.91443e-07
-1.79624e-06 -3.09675e-07
1.9864e-06 -1.14974e-08
-1.0527e-06 -3.83676e-07
1.87459e-06 3.71199e-07
1.36484e-06 -4.84695e-07
-1.857e-06 4.58318e-07
-1.51152e-06 -1.12368e-07
8.03456e-07 9.49176e-08
8.27966e-07 3.74793e-07
-1.39133e-07 -9.99062e-08
-1.00021e-06 2.96512e-08
1.55898e-07 1.21417e-07
5.38428e-07 -1.52752e-08
6.92306e-07 -1.10752e-07
-2.11836e-06 3.0501e-07
-2.14911e-06 6.5574e-07
-1.5048e-07 -4.10115e-07
-1.00598e-06 3.73323e-07
8.93702e-07 -3.01509e-07
-1.08025e-07 1.57481e-07
-2.09831e-06 2.48604e-07
1.35023e-06 3.40935e-07
1.66039e-06 -2.06251e-07
1.01881e-06 -3.69182e-07
-7.06322e-07 6.04395e-07
3.89124e-08 4.80637e-07
1.82195e-06 1.01611e-07
-1.60535e-06 1.18326e-07
2.34814e-08 -5.89877e-07
-1.67027e-06 1.17493e-07
1.79598e-06 -5.73767e-07
-2.1345e-06 -2.1614e-07
1.61663e-06 2.87002e-08
6.08951e-07 -6.51728e-07
1.83196e-06 2.94584e-07
-3.75182e-07 6.43822e-07
1.48163e-07 9.97703e-08
5.89097e-07 4.62068e-07
-1.78311e-06 -5.64778e-07
-1.61606e-06 6.27684e-08
1.41464e-06 -4.33922e-07
1.57908e-06 3.16173e-07
-4.10992e-07 4.14639e-07
-1.89348e-06 5.88631e-07
1.53373e-06 -2.29369e-07
9.44193e-07 -3.55537e-07
6.74666e-07 -1.1597e-07
6.08419e-07 -9.21872e-08
-1.96856e-06 6.85183e-07
1.60125e-08 -5.78138e-07
-2.92185e-07 -5.14834e-07
2.08658e-06 2.44043e-07
7.93762e-07 -1.34746e-07
2.12469e-06 1.91809e-07
9.85125e-08 3.27928e-07
-2.12156e-06 4.65379e-07
2.00788e-06 -3.72803e-07
-6.87498e-07 -5.2237e-07
2.00549e-06 -6.65836e-07
1.3125e-07 -4.38744e-08
-1.26165e-06 4.42701e-07
5.35621e-07 5.14921e-07
-3.0727e-07 4.0118e-07
1.895e-06 1.01749e-07
1.82737e-06 4.36505e-07
-1.16594e-06 -6.65421e-07
-1.78472e-06 -6.06076e-07
-1.23226e-06 3.30927e-07
-1.81073e-06 4.17727e-07
-2.74206e-07 -9.30026e-10
1.43143e-06 5.24791e-07
-1.78648e-06 -2.24432e-07
-7.78654e-07 -5.97542e-07
3.95054e-07 -1.40147e-07
4.93266e-07 -5.60573e-07
-7.55487e-07 -3.94551e-07
-1.39155e-06 4.38826e-08
3.61491e-07 -6.68631e-07
-7.53257e-07 -5.3635e-07
9.91351e-08 3.49588e-07
-1.68223e-06 2.13138e-07
-1.8025e-06 5.09472e-07
1.21733e-06 -3.90879e-07
-6.24835e-08 -4.19521e-07
9.8909e-07 6.93395e-08
6.56589e-07 6.75003e-07
-2.18848e-06 3.34987e-07
-2.00604e-06 -6.33202e-08
1.97021e-06 4.07375e-07
1.23927e-06 2.72829e-07
-2.94725e-07 2.83624e-07
1.4803e-06 2.45129e-07
-1.53122e-06 2.93257e-07
-6.51756e-08 -1.46743e-07
7.94157e-07 -2.35339e-07
-4.26091e-07 4.49466e-07
-1.72934e-07 4.74843e-07
1.74479e-06 -4.86364e-07
3.59491e-08 6.05294e-07
1.14822e-06 -4.64197e-07
-1.76588e-06 -3.86587e-07
5.48519e-07 4.7687e-07
8.4991e-07 4.82573e-07
-6.549e-08 -3.99571e-08
-1.52918e-06 2.46875e-07
-1.93704e-07 6.63098e-07
-2.19138e-06 -3.37271e-07
2.02408e-06 -2.49997e-07
2.15521e-06 -6.97212e-07
-4.23373e-07 -8.87386e-08
-1.26856e-06 -4.08854e-09
1.49788e-06 1.50997e-07
2.21006e-08 -3.98829e-07
-9.16558e-07 6.63571e-07
-1.55416e-06 2.31971e-07
6.01671e-07 4.4967e-07
-1.2465e-06 4.92032e-07
7.70537e-07 2.00831e-07
2.14259e-06 2.29151e-07
-2.05916e-07 -1.76127e-07
-4.48579e-07 6.07722e-07
7.67447e-07 1.18886e-07
-1.97344e-06 -6.21866e-07
-4.47696e-07 4.41769e-09
1.90937e-06 1.68548e-07
1.78112e-06 1.61827e-07
1.70165e-06 -6.45063e-07
1.19517e-06 2.47974e-07
-1.71384e-06 -6.76567e-07
1.23777e-06 -1.17209e-07
1.2289e-06 -4.52204e-07
-1.22325e-07 4.94842e-07
-1.13166e-06 -3.32555e-07
2.09882e-06 2.51141e-07
2.14078e-06 3.93886e-07
4.40952e-07 1.21315e-07
6.88237e-07 -5.31134e-07
2.07744e-06 -2.09699e-07
-1.92926e-06 1.66251e-08
-1.7916e-07 -4.58556e-07
-2.00946e-06 -2.03821e-07
-3.29914e-07 1.14585e-07
3.8875e-07 2.90961e-07
3.47096e-07 -6.00667e-07
1.68223e-06 -4.27369e-07
3.90967e-07 1.64927e-07
-1.0837e-06 -3.9412e-07
-1.93061e-06 5.33817e-07
1.53113e-06 5.7224e-07
-1.37531e-06 -2.04997e-07
-1.46915e-06 -4.27655e-07
6.42025e-07 5.8592e-07
1.71006e-06 5.09553e-07
-2.13314e-06 -2.91798e-07
1.62026e-07 -1.70362e-07
-1.73968e-06 -3.41467e-08
-1.74521e-06 3.31433e-07
-1.15204e-06 -1.80764e-07
-4.73255e-08 3.06136e-07
1.76938e-07 6.4876e-08
-1.03072e-06 -4.49415e-07
-4.28401e-07 1.2e-07
-6.85716e-07 -5.83952e-07
-5.4347e-08 -4.29437e-07
-9.86864e-07 3.48677e-07
-2.48306e-07 -5.92703e-08
-1.91705e-06 -2.64211e-07
-4.22298e-07 6.19967e-07
7.98462e-07 -6.7188e-07
-1.78917e-06 2.70854e-07
2.95803e-07 1.00182e-07
-1.55584e-06 -5.48671e-07
9.24552e-07 6.51498e-07
1.74081e-06 6.94965e-07
7.52381e-10 1.1413e-07
-1.46625e-06 -2.72756e-07
1.02516e-06 -6.88085e-07
5.95585e-07 1.14211e-08
7.54437e-08 6.73459e-07
1.41953e-06 -4.84128e-07
-1.28431e-06 2.03964e-07
-9.06797e-07 -6.27924e-07
-9.79366e-07 6.00012e-07
-2.1267e-06 -6.93889e-07
-6.02324e-07 1.61895e-07
-7.9657e-07 -2.61592e-07
1.33116e-06 -5.14978e-07
-1.96036e-06 -4.64285e-08
-1.87582e-07 9.22383e-08
-7.58987e-07 6.14884e-07
-7.02462e-07 6.97055e-07
-2.34089e-07 -4.18486e-08
6.58144e-07 -3.41594e-07
-4.24483e-07 -3.12319e-07
5.39314e-07 -5.57774e-07
-6.69636e-08 5.12868e-07
-1.78375e-06 3.99012e-07
1.03344e-06 -3.40131e-07
-9.69251e-07 5.63937e-07
7.7346e-07 1.96907e-07
1.66272e-06 -5.31491e-07
-7.13217e-07 6.44553e-07
-2.18385e-06 -3.97979e-08
2.18795e-07 4.03726e-07
7.73419e-07 -2.9634e-07
3.15169e-07 -3.71179e-08
5.47975e-07 3.30621e-08
2.68491e-07 -4.35902e-07
1.70999e-06 -1.6261e-07
-3.34912e-07 3.39228e-07
1.35062e-06 -4.23844e-07
1.85082e-06 6.3873e-07
-5.00283e-07 1.28572e-07
-1.53563e-06 -2.53498e-08
-1.38649e-06 3.36163e-07
5.46339e-07 2.55967e-07
-1.87632e-06 2.50124e-07
-1.9919e-06 -5.52004e-07
-7.7419e-07 8.17374e-09
-2.04428e-06 -1.91955e-07
-1.67506e-06 -1.90767e-07
2.7276e-08 -6.90402e-07
5.19566e-07 -4.2962e-07
-1.24517e-06 -8.56692e-08
-1.24992e-06 -5.57193e-07
-1.76932e-06 1.6938e-07
1.20599e-06 3.88374e-07
1.90451e-06 -4.79173e-07
-1.02777e-06 1.42573e-07
-2.1295e-06 6.44408e-07
-1.91536e-07 -5.73102e-07
-1.04315e-06 1.55162e-08
-1.41371e-07 4.31086e-07
-2.06491e-06 4.20619e-07
8.31581e-07 4.25717e-07
1.13174e-06 2.56823e-07
-2.1786e-07 -3.89669e-07
7.31205e-07 -3.90789e-07
-2.06907e-06 1.82583e-07
3.89532e-08 1.84083e-07
-1.61055e-06 -3.50301e-07
-1.50772e-06 -3.56367e-07
8.75788e-07 -1.80833e-07
3.50973e-07 -5.71908e-07
-1.30505e-06 -5.26198e-07
-1.68614e-08 -3.91142e-08
1.0888e-06 -2.95783e-07
-1.02851e-06 1.16693e-07
-1.54502e-06 -3.58194e-07
1.95834e-06 -1.07214e-07
3.53853e-07 -2.2839e-08
-1.95128e-06 2.88141e-07
1.49493e-06 3.60993e-07
8.21142e-07 -7.63724e-08
-6.49834e-07 -6.10586e-07
3.0369e-07 -9.28948e-08
-9.85292e-07 -2.79921e-07
1.97244e-06 -2.05222e-08
1.4316e-06 4.85521e-07
1.62144e-06 6.07595e-07
-2.1455e-06 3.29347e-07
1.40972e-06 4.63312e-07
4.16864e-07 6.19371e-09
-9.54721e-07 5.28638e-07
1.44982e-06 4.1375e-07
1.81328e-06 1.87669e-07
1.14988e-06 6.24374e-08
-1.26728e-07 8.59237e-08
8.33569e-07 -2.73284e-07
-1.35576e-06 2.80622e-07
8.7271e-07 2.47152e-07
1.52721e-06 -3.16525e-07
-9.7009e-07 4.65323e-07
1.90426e-06 -3.66273e-07
-1.26096e-06 -3.09982e-07
4.66281e-07 5.46837e-09
1.56505e-06 -5.13577e-07
-1.77554e-07 -4.17134e-07
-8.9473e-07 -5.9075e-07
-1.05236e-06 6.32431e-07
-1.47303e-06 -2.74729e-07
1.51589e-06 -2.81142e-07
1.97824e-07 3.29249e-07
2.50532e-07 1.6884e-07
-2.6396e-07 6.87015e-07
3.24829e-07 5.31136e-07
7.31301e-07 -6.59723e-07
1.67781e-07 4.42124e-07
1.04331e-06 3.2627e-07
1.24631e-06 4.2181e-07
-2.81452e-07 -2.10051e-07
1.64017e-06 -2.72473e-07
1.96677e-06 -6.49053e-07
-3.33816e-07 5.15351e-07
-1.16776e-06 2.51302e-07
-6.18754e-07 -4.95565e-07
1.93919e-06 -2.03834e-07
7.46088e-07 -5.74917e-07
9.58696e-07 -6.33905e-07
1.44063e-06 -1.79401e-07
-7.07748e-07 -5.2732e-07
-6.62502e-07 3.84814e-07
1.63591e-06 8.46501e-09
-2.61373e-07 -5.07069e-07
1.40666e-06 5.9701e-07
1.11922e-06 -3.33268e-07
2.17177e-06 3.61689e-07
1.21966e-06 3.74244e-07
-1.17415e-06 6.91352e-07
-4.34588e-07 3.39391e-07
-8.62236e-07 -6.60898e-07
-2.74367e-07 -2.11286e-07
2.00787e-06 -1.79222e-07
1.73247e-06 -6.07243e-07
-1.32693e-06 -4.08567e-07
6.0367e-08 -1.38634e-07
-5.58244e-07 -5.07438e-07
-2.18954e-06 -1.00012e-07
-7.01017e-07 7.50531e-08
-6.40503e-07 -2.08313e-07
-1.92662e-06 5.81552e-07
1.04094e-06 5.88308e-07
-1.75501e-06 6.67769e-07
-1.5587e-06 5.02563e-07
1.34727e-06 6.7647e-07
-9.90045e-08 5.85343e-07
6.85436e-07 1.22301e-07
-7.81366e-07 -4.89684e-07
6.79171e-07 -1.74834e-07
-3.02582e-08 4.42548e-07
7.65684e-07 -1.66931e-07
-1.84602e-06 -3.67438e-07
1.68615e-06 -5.93858e-07
-1.60253e-06 -3.1311e-07
-1.02597e-06 4.45189e-07
-7.40187e-07 -2.30285e-07
2.07214e-06 -6.03532e-07
-1.52923e-06 4.3631e-07
1.26785e-06 -1.64284e-07
1.18154e-06 -5.66398e-07
-3.02854e-07 -7.3758e-08
2.82724e-07 1.98588e-07
1.35214e-06 6.88876e-07
2.04918e-06 -3.04901e-07
-1.04776e-06 4.4256e-07
-1.15579e-06 -5.38735e-08
-7.81874e-08 -5.48342e-07
-1.05111e-06 1.0972e-07
-1.79842e-06 -3.54267e-07
3.21905e-07 -3.9928e-07
9.65736e-07 -7.91453e-08
1.0182e-06 3.55195e-07
4.05154e-07 2.69658e-07
-1.9667e-06 -5.65803e-07
6.75483e-07 -6.23488e-07
-1.22854e-06 2.67856e-07
-1.84852e-06 3.1532e-07
1.33936e-06 -3.22173e-07
-3.57823e-08 1.6689e-07
2.08453e-06 -1.11455e-07
2.90716e-08 6.60122e-07
2.16561e-06 -5.02557e-07
-2.01785e-06 -2.75944e-07
1.34679e-06 4.60682e-07
7.48239e-07 9.81509e-08
-1.42328e-06 6.21732e-07
-1.09263e-06 -1.2193e-07
1.45111e-06 -5.20562e-07
-2.09483e-06 6.41121e-07
1.41698e-06 4.43899e-07
7.87236e-07 4.32964e-07
-7.48595e-07 -5.40914e-07
6.63076e-07 -6.08703e-07
-3.99408e-07 6.98593e-07
-1.69271e-06 -5.31047e-07
3.45042e-07 6.30725e-07
-1.19013e-07 5.61522e-07
1.30569e-06 -2.37228e-07
1.59401e-06 3.16547e-07
-1.7406e-06 3.21234e-07
-1.86022e-06 -2.88564e-07
-1.50304e-06 -5.75439e-07
-1.90508e-06 -1.24171e-07
1.47035e-06 5.0809e-07
-2.03491e-06 3.68734e-07
2.18623e-06 -5.40034e-07
1.26152e-06 8.36769e-08
4.52966e-07 5.77347e-07
1.05927e-08 4.01254e-07
-1.46348e-06 -1.92119e-07
-8.2186e-07 1.23572e-07
-2.10209e-06 1.33247e-07
-1.73723e-06 2.86978e-08
-1.21685e-06 -6.80683e-07
8.21936e-07 -6.95999e-07
-6.63924e-07 -4.27347e-07
6.45775e-07 -1.6511e-07
-7.68562e-07 -5.59421e-07
1.79795e-06 6.22396e-08
-1.95905e-06 -6.19729e-07
-8.89472e-08 -3.89107e-07
2.03268e-06 1.04992e-07
7.89179e-07 5.36248e-08
-1.71311e-06 5.05575e-07
-7.04033e-07 2.78278e-09
2.11478e-06 3.34474e-08
-1.49265e-06 5.75334e-07
2.59728e-07 -6.83155e-07
5.68228e-07 -1.98903e-07
-1.34601e-06 6.01377e-07
-9.75049e-08 4.63075e-07
1.43687e-06 -2.91821e-07
4.85312e-07 2.29537e-07
-1.98128e-07 -6.73521e-07
-7.4437e-07 -1.10317e-07
8.88487e-07 3.14171e-07
8.83248e-07 -6.38284e-07
7.92144e-07 -1.9642e-08
7.87507e-07 -3.0891e-09
-1.76694e-06 -1.40218e-07
1.5138e-06 1.57916e-07
1.72751e-06 -2.27725e-07
1.29744e-06 3.1675e-07
-2.815e-07 -3.75389e-07
-1.59174e-08 1.26554e-07
-7.19767e-07 5.24128e-07
1.8296e-06 -3.44524e-07
-7.46548e-07 2.1317e-07
8.7303e-07 4.2833e-09
-1.57107e-08 6.9188e-07
1.97561e-06 3.60218e-07
1.56616e-06 -6.01237e-07
1.16853e-06 -2.83049e-07
-1.13748e-06 -3.53336e-09
-2.004e-06 1.83628e-07
6.28105e-07 -5.18451e-07
5.02222e-07 4.82657e-07
4.96131e-08 -4.79999e-07
-2.08494e-06 1.17729e-07
-1.64012e-06 2.98123e-07
1.61923e-06 5.17488e-07
-1.65359e-07 -6.49601e-07
-2.18964e-06 -6.35241e-07
-1.21504e-06 1.94228e-07
5.23337e-07 2.18596e-07
1.1314e-06 3.42946e-07
-2.53982e-07 -5.40273e-07
-3.01051e-07 2.96322e-07
-1.4705e-06 4.64667e-07
8.74373e-07 -5.42743e-08
1.52505e-06 -5.57986e-07
6.94981e-07 4.32883e-07
-1.89294e-07 -3.11959e-09
-1.13699e-06 2.66887e-07
-4.90916e-07 3.88528e-07
1.8632e-06 -1.53812e-07
1.94695e-06 -3.391e-07
-1.22037e-06 -5.23711e-07
7.95048e-07 6.12946e-07
8.74297e-07 3.60898e-07
3.40092e-07 -5.36082e-07
-1.12659e-06 -6.97257e-07
-1.26793e-06 5.43305e-07
1.66525e-06 -1.66316e-07
-1.95708e-06 -4.19672e-07
-4.21877e-07 -1.1951e-07
-7.68638e-07 5.6712e-07
2.19011e-06 -1.04313e-07
6.10573e-07 -5.42495e-07
1.33801e-06 -1.30205e-07
-2.12868e-06 -5.20539e-07
-1.80427e-06 2.82294e-07
1.1252e-07 2.16761e-07
1.8566e-06 -3.98074e-07
-1.01429e-06 -4.57702e-07
1.33622e-06 -4.83806e-07
-1.13046e-06 6.39686e-07
1.66335e-06 -6.07149e-07
-9.47349e-07 -2.76294e-08
1.16787e-06 -5.00429e-09
-2.15847e-06 4.24774e-07
7.21402e-07 9.17285e-08
-3.45198e-07 6.60866e-07
1.23019e-06 5.06492e-07
1.42581e-06 -5.38053e-07
-7.98081e-07 -2.35667e-07
1.43354e-07 1.80551e-07
1.09971e-06 3.52444e-07
6.92864e-08 2.16917e-07
-8.57088e-07 -5.26704e-07
-8.35524e-07 3.44202e-07
7.39249e-07 6.53702e-07
2.90419e-07 -1.49051e-07
-8.43197e-07 2.49022e-07
4.25055e-07 2.221e-07
9.16646e-07 -1.27521e-07
-5.31033e-07 2.03764e-07
1.8241e-08 -9.80368e-08
1.48329e-08 7.55874e-08
-8.7446e-07 -4.21806e-07
-1.25772e-06 -2.72995e-07
-1.19208e-06 -5.72222e-08
-1.94527e-06 -2.72769e-07
1.96742e-06 6.63516e-07
-1.73232e-06 5.58085e-07
-1.28916e-06 1.71295e-08
-3.23577e-08 1.78852e-07
-9.81307e-07 5.54789e-07
3.36599e-07 -1.90372e-07
-1.44342e-06 -1.14535e-07
-1.82188e-06 -4.36335e-07
-1.39206e-06 -4.01623e-07
3.08944e-07 6.01445e-07
2.0286e-07 1.97588e-07
1.58459e-06 3.37444e-07
1.18503e-06 5.68988e-07
-8.67057e-07 2.44655e-07
-8.27816e-07 -1.61187e-07
-7.28699e-08 3.80515e-07
-1.00395e-06 -1.54575e-07
1.23435e-06 6.84732e-07
-5.39788e-08 3.37712e-07
1.88594e-06 4.55234e-07
-3.32447e-07 -5.60785e-07
2.59183e-07 5.41959e-07
2.06176e-09 -4.8898e-07
-4.38617e-07 -1.73354e-07
-1.91832e-06 -6.99764e-07
8.3654e-07 2.89265e-07
-1.99888e-06 3.69276e-07
-1.45535e-06 -4.26526e-07
-6.53929e-07 -4.22036e-07
9.51725e-07 -6.60262e-07
8.74314e-07 5.22022e-08
2.0134e-07 -6.00132e-07
-9.3806e-07 3.75399e-07
8.78542e-07 -5.91724e-07
-1.2963e-06 -2.62242e-08
-6.10976e-07 -5.36544e-07
-1.7304e-06 -5.52838e-08
1.03155e-06 6.55574e-07
-1.70902e-06 -3.74027e-07
-2.12043e-06 -2.71352e-07
-1.97702e-06 2.11222e-07
-1.31133e-06 -5.21431e-07
1.19728e-06 5.17361e-07
-4.10629e-07 -1.69585e-07
1.03009e-06 1.35138e-07
2.16689e-06 2.15397e-07
3.76804e-07 -5.11124e-07
1.013e-06 -4.13291e-07
-9.26089e-07 -6.28704e-07
1.18677e-06 -1.94094e-07
-1.36769e-06 -1.84443e-07
2.04091e-06 4.04153e-08
4.50466e-07 5.50776e-07
-1.41861e-06 1.6969e-07
1.69304e-06 -3.43861e-07
-3.62367e-07 4.49138e-07
9.60764e-07 6.11886e-07
-1.80064e-06 6.67968e-07
-1.84279e-06 6.60242e-07
5.732e-07 -4.05521e-07
1.14775e-07 3.23267e-07
-1.93968e-06 3.06543e-08
2.09742e-07 -2.67099e-07
-2.82478e-07 -4.51625e-07
-9.14438e-07 -3.06992e-07
-2.13179e-06 9.45643e-08
-1.67987e-06 -7.18187e-08
1.46381e-06 -1.51018e-08
2.1104e-06 4.74146e-07
-7.65484e-07 2.99421e-07
1.11132e-06 6.97679e-07
-2.02433e-07 6.79733e-07
2.5591e-07 -1.00113e-07
-2.14157e-06 -3.34545e-07
-5.40969e-07 -3.91386e-07
2.18125e-06 3.6761e-07
8.64203e-07 -6.52553e-08
3.62548e-07 9.07836e-08
-1.50123e-06 -8.21649e-08
7.36653e-08 -6.71128e-07
1.88449e-06 -6.96365e-07
-1.71794e-06 -3.51227e-07
2.17958e-07 -5.82122e-07
-1.48455e-06 -6.08948e-07
8.58569e-07 -5.40178e-08
2.09391e-06 -1.98544e-07
-7.27214e-07 -5.75647e-07
1.51768e-06 -1.32173e-07
-1.77101e-06 -5.57887e-07
-9.43812e-07 -4.43988e-07
-1.27117e-06 3.65507e-07
-5.22067e-07 -6.42732e-07
1.64471e-06 -2.99448e-07
-2.16342e-06 -2.26583e-07
-8.13928e-07 1.86797e-07
6.38772e-07 1.09207e-07
3.76738e-07 -3.67055e-07
3.30216e-07 6.98809e-07
-1.31355e-06 1.3444e-07
4.77081e-07 6.45626e-07
-1.56019e-06 -4.21618e-07
-1.47798e-06 -1.82575e-07
1.00709e-06 1.41289e-08
-9.96647e-07 4.04453e-07
2.17185e-06 -2.49821e-07
-5.28563e-07 -3.35585e-07
1.32756e-06 -4.4924e-08
-2.53228e-07 5.15744e-07
-2.65304e-08 1.97924e-07
-1.45343e-07 -2.30095e-07
7.18571e-07 2.2894e-07
-1.04382e-06 -6.20351e-07
-1.67916e-06 -5.13068e-07
-3.21416e-07 -2.59339e-07
3.19321e-07 -6.25219e-07
-1.75311e-06 -5.48123e-07
1.01673e-06 2.22898e-07
-1.56256e-06 -4.35819e-09
-1.11871e-07 -3.07817e-07
-3.21448e-08 6.04538e-07
1.75025e-07 -4.43939e-08
-9.88992e-07 4.39658e-07
-1.53959e-06 2.88402e-07
5.59034e-07 3.7988e-07
9.8611e-07 5.11526e-07
-2.11393e-06 2.8073e-07
-1.90086e-06 -3.78072e-07
-4.92087e-07 -1.32711e-07
1.20297e-06 1.27007e-09
-1.96203e-06 -6.47275e-07
6.54992e-07 5.41881e-07
-1.04807e-06 -4.49136e-07
1.14909e-07 -5.19439e-07
-1.23828e-06 -6.66733e-07
-4.84579e-07 3.87465e-07
-5.91551e-07 1.88314e-07
1.79197e-06 1.90401e-07
6.44477e-07 -3.8503e-07
-7.79563e-07 1.77915e-07
-5.54704e-07 6.53993e-07
1.10615e-06 -3.47722e-07
6.40534e-07 6.12989e-07
3.50605e-07 -1.60846e-07
-5.46477e-07 7.45753e-08
-2.17164e-06 1.08714e-07
-1.58904e-06 -4.02455e-07
4.9406e-07 6.44367e-07
1.74846e-06 5.68531e-07
1.56466e-06 5.21426e-07
1.61126e-06 -2.70296e-07
1.94925e-06 5.49908e-07
1.382e-07 -1.03755e-07
2.00033e-06 -5.11852e-07
1.75091e-06 -2.46495e-07
9.71514e-07 -5.76095e-07
1.12379e-07 6.9578e-07
-7.77284e-07 3.11266e-07
-3.70676e-08 6.27052e-07
1.79693e-06 6.79564e-07
-1.69353e-06 5.07557e-07
1.94833e-06 2.17562e-07
7.2457e-07 4.40275e-07
-1.95399e-06 2.1574e-07
-5.85053e-07 -4.4169e-07
-1.88477e-07 2.25051e-07
3.12794e-07 -2.15449e-07
-2.19767e-07 3.42696e-07
-1.09702e-06 -2.08966e-07
1.05496e-07 -5.57273e-07
-4.69682e-07 -2.01976e-07
-1.81536e-06 4.78415e-07
-9.02002e-07 3.78817e-07
2.14257e-06 -4.67639e-07
9.32968e-07 -1.05235e-08
1.18339e-06 -3.83648e-07
-1.43532e-06 4.14949e-07
-1.94905e-06 4.0762e-07
-1.48662e-06 -2.17956e-07
1.70149e-06 4.29354e-08
-1.7931e-06 -6.07319e-09
1.141e-06 4.83086e-07
-6.04055e-07 1.28436e-07
-1.98347e-06 3.30919e-07
-1.84598e-06 -6.33405e-07
1.83941e-06 3.64584e-07
2.70277e-07 -6.55407e-07
-1.52343e-06 1.14486e-07
-1.86889e-06 -2.29104e-07
1.52032e-06 5.72485e-07
7.41621e-07 1.79638e-07
-1.64192e-06 6.81688e-07
1.80841e-06 -4.12181e-07
1.50124e-06 4.16076e-07
-1.01207e-06 4.1455e-07
-1.56377e-06 -2.70013e-07
-9.30054e-07 3.34136e-07
4.35202e-07 4.74834e-07
-1.72439e-07 -6.7764e-07
-1.26339e-06 -6.92084e-08
-1.57814e-06 -5.76039e-07
-1.02961e-06 9.86683e-08
-7.87404e-07 4.28884e-07
-2.0348e-06 -5.15235e-07
4.54882e-07 -4.16171e-07
1.24054e-06 1.00559e-07
-2.14088e-06 5.85332e-07
2.18767e-06 6.46929e-07
6.20377e-07 3.40756e-07
-1.00317e-06 4.02681e-07
-3.72708e-07 -2.1177e-09
3.78185e-07 -3.17998e-07
-1.5347e-08 -2.20116e-07
-2.01963e-06 9.62108e-08
-8.70786e-07 -6.82784e-07
1.53363e-06 5.21464e-07
1.83507e-06 2.27244e-07
6.35471e-07 -6.10268e-07
4.05482e-07 -1.54154e-07
-6.39655e-07 2.0253e-07
1.24202e-06 -3.55615e-07
5.85838e-07 2.74766e-07
1.26343e-07 -4.27201e-07
-1.61045e-06 -1.69494e-07
-6.56614e-07 -2.48584e-07
1.04516e-06 3.51007e-07
-1.31155e-06 -6.61066e-07
1.73704e-06 -4.84891e-07
-1.62139e-06 -4.08025e-07
-1.50524e-09 -2.54643e-07
-1.80554e-06 6.02712e-07
-7.70142e-07 -1.71626e-07
-2.20311e-07 -3.69175e-07
-1.13748e-06 -4.75151e-07
2.16938e-06 -3.8926e-07
-8.6352e-07 -1.55713e-08
-1.3151e-06 5.1899e-07
-8.04924e-07 -4.21221e-07
-1.90189e-06 -4.21627e-07
1.81831e-06 5.381e-07
2.16956e-07 6.60639e-07
2.90459e-08 6.96281e-07
-1.61806e-06 -3.84876e-07
-1.23604e-06 -6.27297e-07
-9.71931e-07 -8.60529e-08
-8.89796e-07 -6.31793e-07
-8.17543e-07 6.53481e-08
-1.52919e-06 3.13515e-07
-1.6619e-06 -5.79079e-07
1.04771e-06 1.51493e-07
-1.39866e-06 -1.40085e-07
-8.46714e-08 5.78156e-07
-7.70529e-07 -3.91012e-07
-1.73874e-07 -3.27067e-07
2.00506e-06 3.4916e-07
1.37949e-06 -2.60153e-07
-1.81261e-06 5.40179e-07
1.18005e-06 -2.11059e-07
7.71213e-07 3.68108e-07
3.52503e-07 2.49149e-07
-9.56789e-08 -4.78486e-07
1.72109e-06 1.0584e-07
-7.6166e-07 3.8831e-07
3.02406e-07 1.57912e-07
-1.93789e-06 -6.38435e-07
2.09526e-06 4.00763e-08
-1.75388e-06 -5.68233e-08
-1.45489e-06 -5.1876e-07
-1.2564e-06 -6.98896e-08
1.30135e-06 6.22552e-07
-8.55751e-07 2.21113e-07
4.84677e-07 5.57562e-07
4.99805e-07 -6.18708e-07
3.41034e-07 5.61309e-07
1.95438e-07 3.47712e-07
-2.00195e-06 -3.4913e-08
-1.62671e-06 -1.68665e-09
5.32756e-07 4.96391e-07
1.4794e-07 3.86626e-07
8.08172e-07 -3.57107e-07
9.30879e-07 4.62218e-07
-1.27318e-06 -4.6797e-07
7.72284e-07 4.49963e-07
1.39176e-06 -8.67842e-08
1.08406e-06 -4.89824e-07
-7.8155e-07 5.24264e-08
-1.03185e-06 -3.50832e-08
-1.59678e-06 1.685e-07
-1.693e-06 4.49247e-07
3.07591e-07 4.02789e-07
1.14077e-07 -3.99033e-08
-2.15445e-06 5.80884e-07
-1.55577e-06 -5.31188e-07
6.97766e-07 -8.33687e-08
-2.04812e-06 2.46333e-07
2.03509e-06 4.1517e-07
3.16596e-08 5.72292e-07
-2.0837e-06 1.97059e-07
-1.00892e-06 2.22153e-07
-1.8127e-06 -3.42917e-07
-1.06185e-06 -5.63482e-07
2.52621e-07 3.19688e-07
1.59645e-06 5.20402e-07
2.11129e-06 -3.77218e-08
1.10398e-06 1.2696e-07
-1.98214e-07 -4.45642e-07
1.92421e-07 3.86387e-07
4.82114e-07 -6.41399e-07
1.68948e-06 6.78262e-07
1.75625e-06 -2.46527e-07
-6.2604e-07 -5.87814e-07
2.12635e-06 -4.37243e-08
7.93267e-07 4.62363e-07
8.76273e-09 -4.03481e-07
-1.47091e-06 -6.55441e-07
1.25151e-06 -1.14554e-07
1.34113e-06 2.40875e-07
1.84543e-06 5.78978e-07
1.78574e-06 -3.22549e-07
1.98356e-07 -2.26141e-07
-9.38397e-07 7.47363e-08
1.88609e-06 6.52796e-07
-4.24879e-07 -3.52036e-08
-2.05993e-06 2.52674e-07
1.32311e-06 -2.7695e-07
-2.15112e-06 6.18761e-07
8.72386e-07 3.31738e-07
-5.26043e-07 -2.67676e-07
-2.18118e-06 5.48128e-07
-5.66746e-07 -3.31056e-07
-1.1959e-06 2.00901e-07
4.69619e-08 6.51253e-07
5.18034e-08 -6.18565e-07
-4.6101e-07 -6.2776e-07
-1.95872e-06 -5.3967e-07
-2.13235e-07 -3.4607e-07
5.37892e-07 4.05121e-07
1.77888e-06 -4.43712e-07
-3.77996e-07 -6.07317e-07
2.0641e-07 1.94039e-07
-1.52309e-06 -4.55314e-08
-2.11255e-06 2.90811e-07
-2.98245e-07 -2.54346e-07
-4.12929e-07 -2.29152e-07
1.60821e-06 2.71326e-07
3.5983e-07 -5.47721e-08
1.99671e-06 -5.16439e-07
1.24562e-06 -2.96062e-07
1.09133e-06 -8.16735e-08
-1.78642e-06 -1.31051e-07
-1.54792e-06 5.91582e-07
-8.2726e-07 6.86221e-07
2.08868e-06 -5.90875e-07
1.41277e-06 1.14486e-07
-2.16952e-06 2.14859e-07
-1.0708e-06 1.15936e-07
2.18966e-06 -2.56525e-07
-1.21138e-06 -4.52124e-07
1.31516e-06 1.31374e-07
1.95742e-06 2.08043e-08
1.85888e-06 1.67729e-07
4.14168e-08 1.64634e-07
9.51789e-07 -3.20373e-07
-1.08207e-06 3.95608e-07
-2.14472e-06 3.60667e-07
-1.73932e-06 -3.82073e-07
-1.77737e-07 2.14997e-07
2.15136e-06 -4.31763e-07
-2.17818e-06 1.46062e-07
-2.90709e-07 2.18586e-07
-1.46569e-06 6.21544e-07
-4.96338e-07 4.20652e-07
-5.38631e-07 2.96498e-07
-1.49378e-06 3.70779e-07
1.92078e-06 -1.08839e-07
7.58903e-07 5.1226e-07
-1.52648e-06 6.49332e-07
1.23188e-07 3.84164e-07
-1.63454e-06 4.75033e-07
2.13132e-06 3.11516e-07
7.51073e-07 -5.44221e-07
1.75015e-06 -4.47119e-07
-2.15988e-06 5.52529e-07
1.11772e-06 3.54446e-07
1.02646e-06 -4.18268e-07
-1.43806e-06 -6.95025e-07
2.11495e-07 -2.49288e-07
-9.61658e-07 -3.68554e-07
1.16744e-06 3.02459e-07
-8.21159e-07 5.0916e-07
1.48427e-06 2.06267e-07
1.53458e-06 5.49923e-08
1.99641e-06 -1.46443e-07
-1.45824e-06 6.82886e-07
-1.26438e-06 6.19096e-07
-4.46356e-07 -5.72636e-07
1.09839e-06 5.41829e-07
9.29398e-07 -1.74252e-07
7.51861e-07 1.75329e-08
-1.86686e-06 6.0582e-07
1.2464e-06 -2.68372e-07
-3.24752e-07 -1.21059e-07
-1.32585e-06 -2.20306e-08
-1.68368e-06 7.61589e-08
7.49626e-07 -4.90686e-07
-4.36518e-07 -5.44987e-07
4.92519e-07 4.08279e-07
-8.65051e-08 6.60855e-07
4.7782e-08 3.65162e-07
-8.77522e-07 -5.3881e-07
1.72337e-06 4.13237e-07
-1.70976e-06 -2.01337e-07
7.61229e-07 -1.00862e-07
9.57292e-07 4.7388e-07
1.45112e-06 2.58904e-08
-1.77765e-06 3.88507e-08
1.9034e-06 4.64125e-07
2.17985e-06 -9.34307e-08
1.87446e-06 -4.88233e-07
6.55608e-07 4.49974e-07
-2.60304e-07 2.86796e-07
-1.44706e-06 -5.34447e-08
-2.13555e-06 -6.50776e-07
-8.76162e-07 -3.62307e-07
-1.84313e-06 5.0547e-07
1.49656e-06 9.98829e-08
1.09343e-06 -2.23408e-07
5.44255e-07 6.94284e-07
1.992e-06 3.92168e-08
-1.98528e-07 -5.2076e-08
-1.3202e-06 2.25902e-07
-9.87469e-07 -5.45698e-07
3.55703e-07 9.3719e-08
-4.28701e-08 6.55484e-07
8.09313e-07 3.3058e-07
-1.86654e-06 4.93908e-07
-1.70953e-06 -4.14351e-07
1.75523e-06 4.53258e-07
-1.78995e-06 -2.71289e-07
1.85637e-06 2.84397e-07
-1.84342e-06 -5.8091e-07
2.06188e-06 3.2822e-07
-2.13217e-06 2.34666e-07
1.39049e-06 -1.08575e-08
1.26408e-06 2.66055e-07
-1.60991e-06 2.83954e-07
-1.4543e-06 -3.60695e-07
-4.64068e-07 6.26501e-07
1.60329e-06 2.71887e-07
1.88144e-06 6.55634e-07
-4.53966e-07 3.85185e-07
1.69775e-06 3.57972e-07
-1.78632e-06 -5.87336e-07
-2.14983e-06 -5.18419e-07
1.70526e-06 -3.90192e-08
-2.70304e-07 5.6105e-07
-6.65681e-07 -6.41172e-07
-1.08455e-06 -2.59373e-08
8.23224e-07 -5.94383e-07
2.29518e-07 1.47645e-07
-8.52467e-07 2.96563e-08
3.60973e-07 1.6218e-07
-9.78323e-07 4.16401e-07
-1.65732e-07 5.15698e-07
-1.09203e-06 -2.41824e-09
-4.85242e-07 6.05971e-07
2.11806e-06 1.75225e-07
-9.4251e-07 4.28264e-07
-1.13386e-06 -1.19636e-07
-4.17901e-07 -4.49215e-07
1.9635e-06 -2.08901e-07
2.19318e-06 4.70673e-07
2.16609e-06 -2.28093e-07
1.31604e-07 -4.37085e-07
-1.57508e-06 -2.86602e-07
-1.32998e-06 -4.55907e-07
1.60672e-06 -4.33702e-07
3.64821e-07 3.57974e-07
-7.03598e-07 6.68037e-07
-6.73672e-07 3.61885e-07
-1.5606e-06 6.12806e-07
2.11451e-06 -6.62083e-07
1.28487e-06 1.71703e-07
1.61005e-06 -6.20307e-07
-1.63645e-06 5.84002e-07
1.32002e-06 -5.27982e-07
-3.98832e-07 -1.37472e-07
8.14968e-07 -5.36773e-07
-4.40465e-07 -1.27394e-07
-1.74349e-06 2.21489e-07
-1.10071e-06 6.27329e-07
-6.32576e-07 -3.94469e-08
1.39377e-06 3.96936e-07
1.40538e-06 -1.10723e-07
9.64437e-07 -3.96852e-07
3.77196e-07 1.4087e-07
-7.00091e-07 -3.63033e-07
-2.13592e-06 -3.87581e-07
-1.30282e-06 4.21218e-07
8.32666e-07 1.40494e-07
-6.08705e-07 -8.69018e-08
1.33889e-06 2.20479e-08
-8.41295e-07 6.49647e-07
6.32141e-07 -7.02133e-08
1.3729e-06 -6.36805e-07
6.07823e-07 -4.70471e-07
-3.67953e-07 1.50564e-07
-1.55778e-06 -5.36018e-07
9.50425e-07 -5.4441e-07
-1.77818e-06 -3.88979e-07
-2.17123e-06 7.68264e-08
-2.01801e-06 -2.30656e-07
-1.98785e-06 -6.30733e-07
-4.61674e-07 -5.94726e-07
-1.03012e-06 -2.95126e-08
-2.44177e-07 2.66479e-07
-5.79282e-07 6.28362e-07
-8.61187e-07 3.55745e-07
2.41144e-07 2.50765e-07
8.05109e-07 -2.09588e-08
-4.00407e-07 -1.07876e-07
8.23208e-07 -2.78236e-07
1.14581e-06 3.58959e-07
-1.0294e-06 6.95834e-07
-2.75865e-07 -1.5391e-07
-1.53199e-06 1.65529e-07
-1.51701e-07 1.49624e-07
-1.50144e-06 1.57923e-07
6.68505e-07 7.67245e-08
-1.11191e-06 -3.44828e-08
1.28736e-06 -1.74278e-07
1.02496e-06 -1.23219e-07
-3.29353e-07 -3.4756e-07
8.00579e-07 -1.95518e-07
-3.99879e-07 1.53504e-07
2.00669e-06 -5.45741e-07
1.12111e-06 -3.07907e-08
1.46304e-06 1.88677e-07
6.03638e-07 4.60094e-07
6.43185e-07 7.95256e-08
-3.4565e-08 -4.36089e-07
2.12266e-07 6.60736e-07
-2.06638e-06 -1.52545e-07
2.97613e-08 -2.45337e-07
1.55e-06 -1.6751e-07
-1.38972e-06 1.50889e-07
-1.22443e-07 -4.93845e-08
2.37196e-08 3.16134e-07
8.60697e-07 -3.95243e-07
6.99948e-07 -3.10216e-07
1.79365e-07 6.74999e-08
-1.15987e-06 3.00033e-07
1.21106e-07 -2.48391e-07
1.11633e-06 2.31778e-07
-1.40525e-06 -4.99148e-07
-9.64773e-07 9.37021e-09
1.96331e-06 3.92232e-07
1.35199e-07 -5.96426e-07
8.68528e-07 -6.68655e-07
-9.98134e-07 -1.00727e-08
-5.2466e-07 -4.31426e-07
1.9778e-06 -2.56446e-07
-3.53693e-07 -1.37181e-07
2.00672e-06 8.63346e-08
1.40299e-06 6.75095e-07
9.18043e-07 -3.77564e-07
1.45813e-06 5.05228e-07
-2.01746e-06 5.02857e-07
5.00262e-08 3.76486e-07
-2.66511e-07 -6.71765e-08
-7.34512e-07 -3.92425e-07
1.54315e-06 6.00232e-08
1.69582e-06 5.19959e-08
-1.25731e-06 5.41044e-07
-1.89804e-06 6.56105e-07
-1.51644e-06 5.81293e-07
-5.25352e-08 -4.20302e-07
-1.87793e-06 6.83833e-07
-1.22367e-06 -1.24651e-07
-1.18413e-06 1.25997e-07
1.01889e-06 3.41823e-07
9.30937e-07 1.96842e-07
-2.0053e-06 -3.16502e-07
1.20744e-07 -5.1642e-07
5.37743e-07 -1.02819e-07
-1.28849e-06 2.45412e-07
-8.28925e-07 3.24474e-07
1.02729e-06 1.754e-07
-1.57173e-06 5.02754e-07
7.40023e-07 1.12433e-07
-1.39046e-06 3.4413e-07
6.15225e-07 -5.47054e-07
4.79901e-07 2.42372e-07
-1.01093e-06 -6.55844e-07
1.39718e-06 4.06614e-07
8.91041e-07 6.78455e-07
2.13576e-06 6.01893e-07
-1.7691e-06 -6.43655e-07
1.26146e-06 -3.04755e-07
1.2619e-06 1.79294e-07
2.1095e-06 -4.80229e-07
-4.34265e-07 2.4591e-07
2.99751e-07 2.09419e-07
1.12311e-07 -4.19654e-07
2.19146e-06 -5.05668e-08
-2.13818e-06 -3.74892e-07
1.77282e-06 -4.92741e-07
1.30488e-06 4.39268e-07
3.7702e-07 -5.09993e-07
-7.12873e-07 7.36987e-08
1.45055e-06 4.20096e-07
9.96377e-07 1.30628e-07
-1.28076e-06 4.73573e-07
7.19685e-07 -5.71373e-07
9.98784e-07 6.85555e-07
-1.89455e-06 5.83293e-07
-4.80161e-07 -5.49851e-07
-1.27365e-06 -2.72842e-07
2.92566e-07 6.26941e-08
-6.30892e-07 -4.82141e-07
5.7484e-07 -5.48717e-07
4.95658e-07 4.5007e-07
8.57391e-07 4.72139e-07
1.19729e-06 6.47438e-07
-1.31987e-07 -3.57284e-07
-1.41733e-06 6.08999e-07
1.0651e-06 -2.59985e-07
1.40356e-06 4.88235e-07
-3.78121e-07 -2.19009e-07
-2.0057e-06 2.85117e-07
-7.07992e-07 5.73132e-07
-1.43782e-06 -2.34919e-07
-6.41076e-07 -8.30381e-08
-2.08209e-06 -6.72496e-07
2.53455e-07 -4.41633e-07
1.62719e-06 -5.61021e-07
7.16885e-07 1.19351e-07
1.45786e-06 -6.82883e-07
-4.59775e-07 -5.00656e-07
7.3345e-07 -6.75809e-07
2.157e-06 4.68046e-07
-1.85414e-06 -6.0628e-07
1.44536e-06 -3.7834e-07
-1.52446e-06 -2.04201e-07
3.83529e-07 2.48724e-07
4.17863e-07 -5.68502e-07
6.76255e-07 4.65469e-07
9.06766e-07 -6.5133e-07
6.37771e-07 5.08753e-07
-1.95127e-07 -1.15907e-07
-7.10432e-07 -3.10117e-07
-1.5252e-06 1.07268e-07
3.27373e-07 5.28294e-07
-3.65051e-08 5.74496e-07
4.55561e-09 -3.10335e-07
1.78408e-06 -4.40562e-07
1.60991e-06 2.91843e-07
1.24521e-06 5.18891e-07
-1.85846e-06 -4.70737e-07
1.30868e-06 -3.6887e-07
9.64832e-07 -6.1648e-07
3.59357e-07 -6.09813e-07
1.80318e-06 -2.38801e-07
-7.60476e-07 -6.78498e-07
-3.10727e-07 -1.89004e-07
1.8022e-06 -4.76559e-08
-2.07422e-06 -6.21009e-07
-2.54288e-07 6.09084e-07
-2.34181e-07 -1.91619e-08
2.13287e-06 -1.5574e-07
-1.99609e-06 -6.07513e-07
-1.58182e-06 4.96821e-07
-1.77914e-07 4.98384e-07
-4.95465e-08 5.20602e-08
2.0043e-06 3.63872e-07
-5.13378e-07 4.0619e-07
-1.56269e-06 5.79047e-07
4.64888e-08 -4.30619e-07
-1.0192e-06 -3.72095e-08
-1.10702e-06 -6.67585e-07
7.09249e-07 3.94566e-07
-1.91899e-06 6.84855e-07
2.12197e-06 -6.35349e-07
8.58596e-09 -3.10725e-07
1.82421e-06 3.98005e-07
1.01229e-06 6.64748e-07
3.20898e-07 -3.76249e-07
-1.20675e-06 -3.34586e-07
1.30695e-06 -4.69469e-08
-1.4214e-06 1.87115e-07
-1.41984e-06 -3.88133e-07
2.03661e-07 6.19349e-07
2.14408e-06 -4.32003e-07
9.20449e-08 -4.63114e-07
-2.11773e-06 -2.36674e-07
1.5737e-06 -2.62605e-07
-1.15644e-06 3.2277e-08
1.17422e-06 4.23789e-07
1.86316e-06 -6.10059e-07
1.26624e-06 -5.34697e-07
-2.0252e-06 -2.78084e-07
-4.01065e-07 2.65877e-07
1.5811e-06 1.75387e-07
3.61349e-07 5.187e-07
-1.7511e-06 3.17668e-07
-8.74591e-07 2.51265e-07
-4.08387e-07 5.19451e-07
8.56235e-07 -2.29409e-07
-5.47489e-07 2.65047e-07
1.44521e-06 -6.42819e-08
-6.27417e-07 6.68719e-07
-2.05653e-07 6.07141e-07
7.82672e-07 -9.34707e-08
2.3314e-07 -2.87225e-07
1.86015e-06 -7.79309e-09
2.02016e-06 6.63901e-07
1.78975e-06 -6.89965e-07
-5.22106e-07 6.72151e-07
4.60323e-07 -4.80739e-07
1.87937e-06 3.65915e-07
-1.04525e-06 1.39507e-07
-6.54356e-07 -1.76686e-08
9.59984e-07 -6.76537e-07
1.68683e-06 2.4301e-07
1.05987e-06 6.43062e-07
8.91879e-09 -6.97394e-07
-3.1213e-07 3.18962e-07
-7.83156e-09 -1.31415e-07
-3.37251e-10 -2.85889e-07
8.19496e-07 -4.9048e-07
-1.83946e-06 -2.57998e-07
-1.35403e-06 -1.5108e-07
1.97612e-06 -6.70836e-07
1.11736e-07 -3.30466e-07
-7.72898e-07 -2.45869e-07
-2.43974e-07 5.92056e-07
1.29629e-06 9.09531e-08
1.03471e-06 -4.16705e-07
3.57662e-07 2.70817e-07
-1.4045e-06 -6.00828e-08
-3.34292e-07 2.99077e-07
-1.76283e-07 -4.33371e-08
1.70795e-06 2.97693e-07
-5.39953e-07 -2.30205e-07
6.27921e-07 4.80674e-08
-3.41025e-07 -5.65738e-07
-1.07e-06 3.25276e-07
-1.10403e-06 2.63034e-07
-8.96502e-07 -5.02525e-07
1.86089e-06 2.17012e-07
1.90198e-06 1.4645e-08
-1.38395e-06 3.7452e-07
1.38976e-07 6.54139e-07
1.82906e-06 -2.41339e-07
2.06547e-06 -4.56457e-07
4.02306e-07 6.54405e-07
-3.15805e-07 -2.65183e-07
-4.67125e-07 5.10511e-08
-2.07408e-07 2.5529e-07
-2.49017e-07 4.07715e-07
-1.96114e-06 3.02936e-07
8.5772e-07 5.04267e-07
2.07173e-06 5.89024e-07
-1.57022e-06 -5.04159e-07
-7.98106e-07 -6.54013e-08
-1.2447e-06 -4.62932e-08
-1.57711e-06 -7.7605e-08
-1.70442e-06 -1.75682e-09
-1.74551e-06 -5.17837e-07
1.30692e-06 6.85175e-07
8.53365e-07 2.5326e-07
7.57972e-07 -3.48311e-07
1.3027e-06 -3.11557e-07
1.2406e-06 -4.06355e-07
-2.02603e-06 5.74819e-08
-6.68892e-09 -5.95369e-07
1.65348e-06 1.02336e-07
2.04575e-08 2.19517e-07
1.7936e-06 6.88761e-07
1.61856e-06 -4.8515e-08
1.24001e-06 -5.15455e-07
1.3771e-06 1.51726e-07
-9.75537e-07 6.22235e-08
-8.17449e-07 -3.29095e-07
1.90641e-06 -1.98946e-08
-1.61224e-06 -3.01839e-07
5.83199e-07 -6.44892e-08
2.14527e-07 -4.4673e-07
-1.16014e-06 7.94115e-08
-1.09237e-06 5.16237e-07
9.45516e-07 -2.85621e-07
1.48346e-06 -2.92495e-07
-1.39081e-06 6.93236e-07
-1.10191e-06 -3.59338e-07
-1.06402e-06 -2.27285e-07
1.99192e-06 -6.99208e-07
-5.95874e-07 1.79765e-07
1.69528e-06 -5.18755e-07
-1.88131e-06 6.00382e-07
9.55607e-07 -1.09206e-07
-1.52284e-06 3.91313e-07
2.89184e-07 -4.23038e-08
4.26452e-07 -2.86358e-08
-1.13432e-06 -4.7392e-07
-2.12719e-06 5.40419e-07
1.46579e-06 2.34666e-07
8.79455e-07 -3.27932e-07
7.27157e-07 -3.39107e-07
-1.31054e-06 3.81175e-07
-2.10978e-07 1.05909e-07
-8.38951e-07 2.3998e-07
6.10413e-07 4.29302e-07
-2.23859e-07 5.12325e-07
-4.89525e-07 2.48302e-07
1.80976e-06 -3.54302e-08
1.02987e-06 9.83795e-08
1.42379e-06 4.96507e-08
-1.33021e-06 -2.66471e-07
1.16097e-07 2.08647e-08
1.4773e-06 4.58073e-07
1.50153e-06 5.22428e-07
-7.82811e-07 5.58557e-07
1.54687e-06 -6.55412e-07
7.54341e-07 5.68008e-07
-3.07461e-07 -3.40135e-07
1.94465e-06 3.87214e-07
-1.66635e-06 5.93318e-07
1.63798e-06 -2.65601e-07
-5.9332e-07 -5.76319e-07
-2.06707e-06 4.52233e-07
3.37547e-08 -2.22875e-07
-1.12016e-07 -3.68548e-07
-1.79099e-06 -3.40302e-07
-1.10861e-06 -3.73239e-07
-1.87744e-06 -5.84932e-07
-1.86242e-06 3.28315e-07
-1.61197e-06 5.78533e-07
-1.72313e-08 2.19942e-07
-1.64693e-06 -4.14446e-07
5.20629e-07 -6.94393e-07
-4.2776e-07 5.12565e-07
-2.43897e-07 3.32608e-07
1.61249e-06 6.32718e-07
1.67153e-06 -2.24551e-07
1.89372e-06 3.84081e-07
2.38524e-07 5.05807e-07
1.72793e-06 -2.49552e-07
-2.0906e-06 4.17659e-07
2.61772e-07 -3.96318e-07
1.46527e-06 2.21074e-07
-1.76811e-06 6.23392e-07
-4.97647e-07 -4.09037e-07
1.63784e-06 -1.93089e-07
-4.34855e-07 5.56319e-07
-8.06362e-07 -4.16583e-07
-1.92523e-06 1.99419e-07
1.20226e-06 -1.81511e-07
-1.18103e-06 -2.98865e-07
-3.53316e-07 -6.16383e-07
-1.43069e-06 -1.24388e-07
-1.27706e-06 5.24484e-07
-7.37606e-07 -5.23451e-07
-4.50994e-07 -2.98865e-07
8.98582e-07 -6.29622e-08
1.5091e-06 -5.97907e-07
-9.00924e-07 5.00561e-07
-6.36262e-07 4.1728e-07
-1.34548e-06 -2.31967e-07
3.7667e-07 -4.39601e-07
1.49348e-06 -2.11956e-07
1.82317e-06 -5.7829e-07
9.82899e-07 1.16684e-07
-5.98744e-07 5.41104e-07
-6.54078e-07 5.11687e-07
3.5544e-08 -3.93453e-08
2.53483e-07 -1.41445e-07
-1.24939e-06 -2.31751e-07
2.03472e-06 -2.95745e-07
-7.69007e-07 -5.05546e-07
1.77669e-06 5.88894e-07
-5.09458e-08 5.01389e-08
1.76321e-06 6.25929e-07
6.45714e-07 -2.6586e-07
-1.28166e-06 -1.69879e-07
-6.00192e-07 1.90526e-07
1.34874e-06 5.43511e-07
7.53644e-07 9.9629e-08
-1.27686e-06 5.25115e-07
1.69276e-06 6.38367e-07
-1.33366e-06 -1.87468e-07
-1.46549e-07 4.64573e-07
1.28357e-06 5.94699e-07
2.06948e-06 -1.96853e-07
1.922e-06 5.68353e-07
1.03387e-06 -2.13175e-07
-6.8613e-07 3.45901e-08
-1.23899e-06 3.15945e-07
-1.45568e-06 -6.7247e-07
-1.0243e-06 -5.66349e-07
-1.23675e-06 -5.1141e-07
-9.48485e-07 6.54928e-07
1.39495e-06 -3.80204e-08
-2.16097e-06 -6.13313e-07
-1.05068e-06 4.85759e-07
-5.65589e-07 4.85123e-07
5.54248e-07 -1.04388e-07
1.83503e-06 6.51382e-07
-1.69395e-06 4.17101e-07
8.83086e-07 6.03526e-07
-1.51629e-06 -3.62203e-07
-2.07762e-06 -6.27264e-07
-1.63173e-06 -5.87897e-07
7.61037e-07 3.65118e-07
-5.9541e-07 -2.06074e-07
-9.99264e-07 4.96888e-07
1.38121e-06 3.58524e-07
2.57064e-07 5.14162e-07
-1.78129e-07 -4.16547e-07
-1.7974e-06 3.28925e-07
-7.15485e-07 -4.67292e-08
-1.05067e-06 8.87625e-08
-9.75154e-07 -1.98971e-07
-1.26571e-06 2.89475e-09
9.08629e-07 6.58558e-08
-1.32122e-06 -1.39598e-08
1.50207e-07 -4.74435e-07
-5.56892e-07 2.20393e-07
-1.47072e-06 -3.14723e-09
-2.1103e-06 -5.55132e-07
2.16871e-06 4.74256e-07
1.99728e-07 -2.10063e-07
1.19229e-06 -6.03065e-07
-1.91789e-06 -3.4431e-07
-2.42916e-07 4.52544e-07
-6.73705e-07 -3.63854e-07
8.82609e-07 2.26547e-07
-1.91132e-06 2.20221e-07
-4.85533e-07 4.60273e-07
1.15979e-06 -6.27472e-07
2.05822e-06 5.49024e-08
1.25224e-06 -3.39844e-07
9.66869e-07 -3.20433e-07
-2.757e-07 8.89786e-08
-1.5254e-06 1.74053e-07
-1.96176e-06 1.1609e-07
-1.66386e-06 3.97599e-07
-2.1986e-06 -6.1494e-07
-3.56844e-07 -3.07179e-07
1.94722e-06 3.11451e-08
-5.90093e-07 9.63902e-09
-2.42657e-07 3.79425e-07
2.18841e-06 -3.75836e-07
-1.74145e-06 3.59258e-07
-2.03459e-07 -2.57201e-07
1.93122e-06 2.47172e-07
4.51728e-07 1.90999e-08
-1.14378e-06 2.19973e-07
6.44346e-07 3.63164e-07
-4.22827e-07 -4.9763e-08
7.06795e-07 -3.29748e-07
-6.41673e-07 -2.63659e-07
4.09468e-07 -4.45891e-08
3.83732e-07 -4.71261e-07
-9.94667e-07 5.17008e-07
1.32291e-06 -3.2139e-07
9.62173e-07 5.56917e-07
-3.4456e-08 -1.67894e-07
-1.31382e-06 6.00363e-07
-9.87912e-07 4.66384e-07
1.39129e-07 3.31197e-07
-1.56954e-06 -4.66341e-07
5.99018e-08 3.86885e-08
2.01007e-06 -3.32702e-07
1.67183e-06 -6.64985e-07
-3.52367e-07 3.96816e-07
-1.14925e-06 2.53678e-07
-2.47775e-07 -2.6917e-07
-9.99416e-09 6.03173e-07
8.38857e-07 5.12142e-07
-1.9157e-06 -5.32331e-07
7.30218e-07 5.28343e-07
-9.84825e-07 2.30588e-07
2.44071e-07 3.78735e-07
5.97797e-07 2.53075e-07
-1.2732e-06 -3.91636e-07
-1.22174e-06 3.55686e-07
-1.39301e-06 4.7775e-08
-1.52166e-06 -3.32449e-07
-1.33241e-06 3.92281e-07
-1.1451e-06 -5.04289e-07
-2.14481e-06 2.17258e-07
4.71688e-07 4.40513e-07
-2.1021e-06 6.73448e-07
-2.18256e-07 3.29899e-07
-1.78249e-06 5.0918e-07
-9.20688e-08 -1.05721e-07
7.07861e-07 -3.52018e-07
-1.51559e-06 3.7694e-08
-2.67541e-07 -1.53687e-07
-1.67863e-06 -2.30841e-08
1.53814e-06 -2.04326e-07
1.92877e-06 -8.20301e-08
-5.59837e-07 -5.17051e-07
-2.13416e-06 4.08688e-07
1.38892e-06 1.46436e-07
1.3651e-07 5.06265e-08
1.31129e-06 -1.67156e-08
1.68441e-06 2.16026e-07
-1.85121e-06 -4.00208e-07
-2.17007e-06 6.85482e-07
1.8502e-06 -2.59402e-07
5.36627e-07 -3.10972e-07
-1.74707e-06 -2.68883e-07
-1.37225e-06 -3.91349e-07
1.02929e-07 -4.31689e-07
3.90655e-07 6.58101e-07
-1.57555e-06 1.82496e-07
1.92312e-06 -5.30136e-07
-1.24273e-06 -3.21705e-07
1.88855e-06 5.85341e-07
-1.81863e-06 6.64593e-07
-1.95655e-06 3.71413e-07
1.70876e-06 3.81517e-07
-2.00414e-06 -4.98969e-08
-5.76677e-07 -9.42323e-08
-1.77357e-06 5.87677e-07
1.84107e-06 7.21729e-08
-8.86243e-07 1.29531e-07
1.3243e-07 4.51657e-07
1.10375e-06 -5.60909e-07
9.04231e-07 -7.35471e-08
-7.77649e-07 3.82195e-07
-1.96587e-06 6.4622e-08
3.97115e-07 -3.84971e-07
7.50479e-07 -5.69887e-07
5.77225e-07 2.02564e-07
-2.1411e-06 -1.88674e-07
-6.52913e-07 -1.7275e-07
-1.78408e-06 6.88037e-07
8.33007e-07 6.13223e-07
-3.8426e-07 -5.21317e-07
1.69143e-06 5.34128e-07
-1.96105e-06 6.74118e-07
-1.87379e-06 -5.3465e-08
-9.53271e-08 -5.09927e-07
1.95284e-06 5.05647e-07
3.50017e-07 5.94907e-07
-1.89689e-06 6.56488e-07
-2.12034e-06 -8.69086e-08
-2.73492e-08 4.72251e-07
-2.19133e-06 -3.57172e-07
1.90203e-06 3.14482e-07
4.33461e-07 4.93439e-07
