1.29288e-06 6.92126e-08
-5.88097e-07 -6.58799e-07
-8.42533e-07 -3.60337e-07
-1.31696e-06 2.19832e-07
5.57923e-07 -6.14175e-08
-8.94096e-07 -2.59868e-07
5.01885e-07 4.15461e-07
-5.21306e-07 -4.60697e-07
-5.78279e-07 4.37287e-07
4.73654e-07 5.70744e-08
1.8796e-06 -6.2064e-07
4.25652e-07 1.11719e-07
2.17493e-06 -7.73049e-08
1.49482e-06 -6.64357e-07
-3.9192e-08 -1.96254e-07
1.5329e-06 -3.08914e-07
-5.65417e-07 2.79194e-07
-1.69662e-06 -4.11501e-07
5.85392e-07 -6.27488e-07
1.00853e-06 -2.12585e-07
1.25505e-06 5.00533e-07
-1.89401e-06 -2.96145e-07
-1.2513e-06 -3.91986e-08
6.92635e-07 -6.72208e-07
1.41877e-06 -5.88804e-07
-7.67003e-07 -6.87772e-07
-8.8579e-07 1.74092e-07
-2.12086e-06 -9.89655e-08
-2.07766e-07 6.76377e-07
1.09277e-06 4.38668e-07
1.09593e-06 1.25496e-07
-1.24678e-06 4.43458e-07
2.13448e-06 7.90664e-08
3.09735e-07 -1.04484e-07
1.30629e-06 6.29333e-07
2.06363e-06 3.49058e-07
-9.17167e-07 3.87477e-07
-1.23518e-06 2.59041e-07
1.03642e-06 3.24486e-07
-6.15991e-07 3.20144e-07
2.92329e-07 6.47962e-07
4.33672e-07 -6.16089e-08
-1.32331e-06 1.19907e-07
1.30244e-06 -6.57841e-07
-1.47887e-06 1.6244e-07
-1.65339e-06 -4.93456e-07
5.40732e-07 6.42596e-07
-9.6642e-07 4.5809e-07
5.3019e-07 6.912e-07
-1.9287e-06 -4.43726e-07
1.59819e-06 -9.35944e-08
7.3447e-07 6.06846e-07
9.87333e-08 -1.76542e-07
-1.26139e-06 -3.10776e-07
1.02353e-06 4.08905e-07
1.0705e-06 -1.91179e-07
-1.1744e-06 -4.56532e-07
-1.36069e-06 1.82312e-07
2.05507e-06 -5.55707e-07
2.15881e-07 2.19559e-07
1.92395e-06 2.2561e-07
2.00434e-06 -4.17867e-08
-1.63838e-06 6.34583e-07
1.56617e-06 -4.51013e-07
-7.71777e-07 7.2519e-08
6.39613e-08 -8.23959e-08
9.77518e-07 -5.86443e-07
1.50174e-07 -2.38868e-07
-5.32681e-07 2.18883e-07
1.07389e-06 -3.07127e-07
1.51412e-06 -5.39826e-08
1.92971e-06 -5.23168e-07
2.15065e-06 -6.80172e-07
-9.36607e-07 6.511e-07
-1.68477e-06 6.78591e-07
1.40046e-06 -2.13749e-07
1.78009e-06 1.38067e-07
3.30374e-07 6.09889e-08
-1.23662e-06 4.13539e-07
1.95745e-06 -7.94557e-08
1.6366e-06 5.59912e-07
-2.17623e-06 5.45711e-07
-7.93868e-07 3.67383e-07
-1.78106e-06 -2.13814e-07
1.09655e-06 -6.56238e-07
7.77717e-07 3.43037e-08
-1.05194e-07 1.78245e-07
-2.15247e-06 2.68715e-09
-9.21772e-07 5.97793e-07
1.02975e-06 -3.0157e-08
-1.18332e-06 5.20235e-07
-3.51391e-07 5.37882e-07
-1.99755e-06 2.52996e-07
-1.17998e-06 1.3641e-07
-1.47025e-06 5.82444e-07
-1.23873e-06 -6.188e-07
1.3878e-07 -6.9752e-07
-1.64675e-06 -4.01503e-07
-1.50487e-06 -1.27875e-07
1.48474e-06 1.70226e-07
2.00261e-06 4.36081e-07
1.19458e-06 -2.66898e-07
3.03546e-07 2.95216e-07
5.20999e-07 3.45947e-07
1.40615e-06 5.54864e-07
1.17463e-06 2.10629e-07
8.47392e-07 -6.32785e-07
1.83407e-06 1.21341e-07
-1.80777e-06 -1.58878e-07
6.82822e-07 4.34816e-07
2.14621e-06 3.25035e-07
-1.64043e-06 6.60971e-08
-1.03904e-06 6.25853e-07
-9.18372e-07 -5.45197e-08
2.0636e-06 2.12558e-07
1.8845e-06 -3.70161e-07
-1.5981e-06 2.62204e-07
4.23017e-07 -6.84892e-07
-2.4219e-07 2.36037e-07
4.86481e-07 -3.16889e-07
-1.41643e-06 3.63784e-07
4.71123e-07 3.0837e-07
-1.62472e-06 4.31084e-07
1.2623e-06 -2.5647e-07
1.27002e-06 9.80959e-08
-1.8038e-06 3.50733e-08
-1.23108e-06 -5.16501e-07
-1.26286e-06 -3.56681e-07
8.10898e-09 -6.5823e-09
-1.14333e-06 5.24247e-07
2.12757e-07 -1.84949e-07
3.19682e-07 1.30785e-07
9.01079e-07 -2.63107e-07
-2.0028e-06 -1.28024e-07
8.88529e-07 -4.8973e-07
1.93111e-06 1.20486e-07
1.40434e-06 4.53159e-07
1.84068e-06 -2.16212e-08
-8.77931e-07 6.4635e-07
1.51655e-06 2.08757e-07
-1.75589e-06 4.74007e-07
1.48371e-06 -2.9147e-07
-1.67427e-06 1.63648e-07
3.45603e-07 -6.92675e-07
-9.67654e-07 4.73475e-07
-2.10955e-07 1.12878e-07
-2.07013e-06 -4.21085e-08
8.60274e-07 -2.90238e-07
1.52856e-06 -8.39533e-09
-9.6046e-07 5.1604e-07
-7.34222e-07 1.34934e-07
-1.63861e-06 -2.06138e-07
7.58788e-07 -5.07942e-09
1.43388e-06 -2.83395e-07
-1.34282e-06 -2.05552e-07
3.68466e-07 -5.0769e-07
-7.52088e-07 3.38816e-07
-4.01768e-07 -2.90512e-07
1.65709e-06 2.65454e-07
4.07928e-07 -6.78712e-07
3.97509e-07 6.38683e-07
9.12289e-07 4.64564e-07
-9.2322e-07 -2.39193e-07
-1.26614e-06 4.99106e-07
6.9731e-07 1.42634e-07
8.98909e-07 -1.75514e-07
-2.59406e-07 4.64318e-07
-1.73779e-06 1.57268e-07
9.01582e-07 -2.27742e-08
2.00126e-06 -4.00148e-07
-7.29032e-07 3.33436e-07
1.6591e-06 4.77144e-07
-2.68731e-07 -1.01605e-07
-9.41481e-07 -3.25509e-07
-7.12579e-07 -5.60517e-08
6.96423e-07 1.16378e-08
-5.01787e-07 4.04761e-07
-3.10214e-08 1.33731e-07
-2.65931e-07 5.97946e-07
-1.40993e-06 4.00891e-08
-1.22729e-06 -6.54477e-07
-8.48959e-08 2.11651e-07
-8.74573e-07 1.0903e-07
3.92745e-07 -5.14463e-07
-1.0488e-06 -4.22774e-07
1.43264e-06 -1.89055e-07
8.36451e-07 -3.48254e-07
-2.2901e-07 -1.83142e-07
3.08573e-07 3.51795e-08
-1.10812e-06 -6.56169e-07
-1.31554e-07 -3.86398e-07
1.41217e-06 1.86962e-07
-1.21474e-06 -1.88496e-07
-4.37825e-07 2.61994e-07
1.85225e-07 -4.15235e-07
7.52801e-07 3.86357e-07
-1.31568e-06 3.39875e-07
-8.36892e-07 -5.19047e-07
1.43156e-06 -6.97037e-07
-7.89226e-07 2.13157e-07
1.12823e-06 3.62276e-07
-1.10133e-06 4.26886e-07
-8.9446e-07 -2.63605e-07
1.61846e-06 1.49389e-07
8.30022e-07 -2.2648e-07
-1.59045e-06 -5.96435e-07
5.79567e-07 3.92709e-07
8.85943e-07 6.5113e-07
-1.37187e-06 4.92136e-07
1.45308e-06 -7.48739e-08
1.64767e-06 -3.80976e-07
-8.82886e-07 1.28546e-07
-1.91747e-07 4.92821e-07
-1.06558e-06 4.1712e-07
3.17449e-07 -6.23298e-07
2.02805e-06 3.92501e-07
1.57097e-06 5.2924e-07
-1.23996e-06 3.6698e-07
-1.06776e-06 4.99668e-08
1.66845e-07 6.3286e-08
-4.28463e-07 6.42396e-07
-1.19186e-06 -2.98462e-07
9.63781e-08 -4.83577e-07
-1.28797e-06 -2.33746e-07
-1.51826e-06 -2.30029e-07
-2.1097e-06 3.12935e-08
-1.6205e-06 4.73457e-07
1.37018e-06 5.16712e-07
-1.25517e-06 5.52859e-07
-2.19854e-06 2.09671e-07
-1.28302e-06 5.5801e-07
-1.36953e-06 2.4707e-07
-1.25767e-06 4.59322e-07
1.29933e-06 5.14257e-07
1.1038e-06 2.16448e-07
-5.13185e-07 1.93438e-07
-1.44326e-06 -3.72015e-07
-1.91086e-07 -3.29321e-07
-8.58299e-07 -1.00913e-07
1.59533e-06 3.5773e-08
1.73688e-06 5.00633e-07
-2.02117e-06 -6.70625e-07
-4.13812e-07 3.58036e-07
-6.32731e-07 -1.25269e-07
8.8756e-07 -8.63053e-08
2.18076e-06 3.18172e-07
1.77018e-06 1.82074e-07
-1.59004e-06 6.74252e-07
3.54727e-07 2.84777e-08
1.60287e-07 1.82048e-07
-4.179e-07 -6.52446e-07
-8.50407e-07 -5.14568e-07
-9.70175e-07 2.60231e-07
1.5192e-06 -1.31514e-07
5.80074e-07 7.66846e-08
-1.75777e-06 6.23021e-07
-1.49026e-06 -6.1403e-07
-6.54696e-07 -6.54886e-07
-2.06616e-06 3.5107e-07
9.64782e-08 -2.38964e-07
2.0677e-06 1.77957e-07
1.10802e-06 1.92257e-07
-6.64312e-07 4.60797e-07
-7.27066e-08 -4.44132e-08
-1.58831e-06 5.35676e-07
-1.55883e-06 -3.97425e-07
-8.18612e-07 -5.70897e-07
5.77405e-07 -1.32909e-07
-9.41894e-07 8.70961e-08
1.98103e-06 -1.35508e-07
7.98347e-07 -6.65902e-07
1.13157e-08 3.14182e-07
4.9341e-07 -4.10608e-07
1.90334e-06 -5.26778e-07
6.93151e-07 -2.63939e-07
-2.08063e-06 -3.3871e-07
-8.81351e-07 -6.62128e-07
-2.19835e-06 -6.35826e-07
1.63471e-06 -2.15052e-07
1.01872e-07 -3.42329e-07
-1.25842e-06 -1.61718e-07
1.32996e-06 5.5299e-07
2.98998e-07 -6.75524e-07
1.35564e-06 2.11016e-07
-1.12082e-06 -2.80133e-08
-3.04996e-07 3.88248e-07
1.13545e-06 -4.03189e-07
-5.48705e-07 5.3626e-07
3.98968e-07 8.77336e-08
1.50427e-06 -4.07896e-07
-9.84154e-07 -3.52379e-07
-1.638e-06 -2.14236e-07
1.13173e-06 -4.75991e-07
-5.3197e-07 -4.68496e-07
-2.04485e-06 -2.0482e-07
-7.64638e-07 -5.25109e-07
-1.76798e-06 -4.45175e-07
-1.46376e-06 -4.5758e-07
4.02937e-07 4.02242e-07
1.31882e-06 -4.04747e-07
1.27523e-06 -2.91279e-07
-1.89333e-06 2.35457e-08
-9.45828e-08 3.99325e-07
-1.012e-06 -1.47575e-07
-1.67286e-07 -3.08672e-07
1.69531e-06 -6.978e-07
1.07629e-06 6.85477e-07
-7.77882e-07 -2.28346e-07
-2.08947e-07 5.60647e-07
2.48089e-07 1.54453e-07
1.0441e-06 5.8803e-07
1.86707e-08 -2.49799e-07
2.33494e-07 -5.00192e-07
-8.49063e-07 8.21409e-08
-1.5859e-06 3.73689e-07
2.12775e-06 -3.73019e-07
4.45714e-07 6.83113e-07
1.49738e-06 1.26633e-07
1.48393e-06 6.11199e-07
-4.73282e-08 4.05634e-07
-1.81087e-06 3.98049e-07
-5.10211e-07 -1.26805e-07
-2.18184e-06 -6.01364e-07
-8.4549e-07 3.95228e-08
-3.75444e-07 3.02021e-07
-3.91525e-07 -6.0728e-07
1.97267e-08 -1.07198e-07
1.9982e-06 5.68764e-07
2.16003e-06 -1.44201e-07
-1.19001e-06 -6.29229e-07
-1.46228e-06 6.73333e-07
-9.13442e-07 5.96887e-07
9.55579e-08 -6.98595e-07
-1.78277e-06 -5.29248e-07
1.36663e-07 6.52041e-07
-9.64464e-07 5.08595e-07
5.18765e-07 1.55886e-07
-9.95219e-07 3.67226e-07
2.21816e-08 5.11934e-07
1.37753e-06 1.52109e-07
8.21495e-07 -4.92147e-08
-1.27338e-06 3.31915e-07
1.98543e-06 6.75528e-07
9.89207e-07 -6.68338e-07
1.78633e-07 1.30321e-07
1.91043e-06 2.05069e-07
-1.15339e-06 -3.48807e-07
-1.01604e-06 4.47382e-07
4.03346e-07 6.83431e-07
1.23624e-06 2.07071e-07
2.1993e-06 -6.51902e-07
-1.24845e-06 2.96504e-07
1.87458e-06 -3.45054e-07
-1.14158e-07 -6.62702e-07
-1.89695e-06 -2.23913e-07
4.47611e-07 6.52438e-07
-1.63678e-06 -4.80178e-07
8.72611e-07 3.51481e-08
1.16086e-06 3.23286e-07
1.13906e-06 -4.42397e-07
-5.14504e-07 -4.68804e-07
-9.80506e-07 1.245e-07
9.21403e-07 -1.31036e-07
-2.18733e-06 1.23775e-07
1.19586e-06 3.83823e-07
-1.93482e-06 6.92685e-07
-1.33392e-06 -6.13691e-07
-1.55584e-06 2.84878e-07
1.57404e-06 2.5414e-08
2.13522e-07 -5.34113e-07
7.29755e-07 2.09062e-07
1.15707e-06 3.91865e-07
1.27893e-06 6.16578e-07
-9.32344e-07 -5.73101e-07
-1.38242e-06 2.77542e-07
-1.8197e-06 -1.04275e-07
-1.45715e-07 3.39364e-07
1.58067e-06 2.14794e-08
-1.56029e-06 -6.57437e-07
2.04947e-06 5.17201e-07
2.00568e-07 -6.49891e-07
3.15487e-08 2.96826e-07
1.25302e-07 -3.62586e-07
2.10725e-06 -3.5522e-07
-9.08165e-07 6.46576e-07
-2.88649e-07 -5.97189e-08
9.59195e-07 -2.06169e-07
-1.8688e-07 5.37402e-07
1.23482e-06 -4.778e-07
1.89536e-07 1.99814e-08
-1.7138e-06 -4.83803e-07
1.49493e-06 1.91627e-07
-2.66833e-07 -6.37018e-07
9.82744e-07 -3.2002e-07
1.55277e-06 -2.71081e-07
1.40102e-06 -6.96092e-07
1.6083e-06 3.19961e-07
-2.72025e-07 4.51676e-07
-9.90849e-07 -2.77892e-08
-1.05815e-06 1.00157e-07
-1.34212e-06 -6.61927e-07
-1.42838e-06 -2.28426e-07
-2.13394e-06 2.04875e-07
-1.42323e-07 -5.05003e-07
-1.55881e-06 5.99079e-07
-1.56642e-06 3.24297e-07
7.12208e-07 5.1309e-07
1.79946e-07 -1.83599e-07
1.80178e-06 5.8464e-07
-1.79308e-07 -6.5795e-07
-9.93949e-07 -3.69699e-07
1.31777e-08 -5.50102e-07
1.62868e-07 5.71405e-07
-3.69652e-07 -3.74978e-07
2.53174e-07 -6.72958e-07
-1.29465e-06 -5.57001e-07
1.3688e-07 -3.03891e-07
-4.19043e-07 6.83459e-07
1.99602e-06 -6.29001e-07
-1.40809e-07 -5.29971e-07
-2.50093e-07 4.72589e-07
-3.9396e-07 -2.20565e-07
1.04021e-06 2.60923e-07
-1.59428e-06 -6.65747e-07
-5.6292e-07 3.25572e-07
-8.38988e-07 -3.80598e-07
7.86626e-07 -3.76771e-07
2.13795e-06 4.84071e-07
-2.14934e-06 -5.31293e-07
3.64711e-07 -4.9248e-07
7.27267e-07 -3.29117e-07
-2.17131e-06 1.83466e-07
-2.10036e-06 -1.70199e-08
-1.81132e-06 -3.82793e-07
-7.59401e-07 6.73884e-07
-7.26731e-07 -2.87315e-07
1.63134e-07 3.32724e-07
2.28671e-07 2.37968e-07
1.85329e-06 3.63927e-07
-7.02672e-07 -3.09725e-07
4.31341e-07 4.17803e-07
-1.53609e-06 -1.04136e-07
-1.46874e-08 -5.01008e-07
-1.44303e-06 -4.88324e-08
-1.8261e-06 -4.61604e-08
-1.61262e-06 -1.0885e-08
-2.07143e-06 -3.22001e-08
1.04035e-06 2.50167e-07
2.1256e-06 -6.84377e-07
-1.08043e-06 -6.32684e-07
9.59966e-07 -9.22013e-08
2.4136e-07 2.03198e-07
-1.82888e-06 1.40521e-07
1.35399e-06 6.56434e-07
7.78815e-07 -6.3363e-07
-7.34774e-07 6.47699e-07
6.77151e-07 2.11371e-07
-1.82524e-06 2.19354e-07
1.30343e-06 3.14229e-07
-2.37826e-07 -6.44765e-08
-2.06485e-06 3.94035e-07
-1.68032e-06 -2.43712e-07
5.12991e-07 3.26379e-07
1.02253e-06 6.00251e-07
-9.59675e-07 -5.51725e-07
-1.79538e-06 4.50993e-08
-2.47862e-07 -3.05979e-07
-1.31719e-06 -6.0466e-07
-3.53522e-07 8.41357e-08
1.48913e-06 3.31358e-08
8.88625e-07 1.86013e-07
6.29933e-07 -1.76625e-07
1.63357e-06 1.93424e-07
-5.56614e-07 6.17878e-07
-2.01999e-06 1.18805e-07
-2.08136e-06 2.60261e-07
1.37336e-06 -6.02813e-07
7.10133e-07 -5.70093e-07
1.71243e-06 2.74954e-07
-4.9872e-07 -1.24439e-07
3.55912e-07 6.65141e-07
-1.00332e-06 -6.56475e-07
3.89191e-07 -1.54105e-07
-1.25437e-06 1.79771e-07
-6.17067e-07 6.00134e-07
1.92028e-06 1.87761e-07
-1.05051e-06 5.53825e-07
8.63596e-07 -5.91303e-07
-1.45521e-06 4.75789e-07
-1.25512e-06 2.29171e-07
-1.5661e-06 3.65941e-07
6.67614e-07 -6.54453e-07
-6.46885e-07 -3.46462e-07
1.09835e-07 4.30482e-07
6.21224e-07 -6.45923e-07
9.54118e-07 -1.26799e-07
-1.17632e-06 -4.01729e-07
-1.05737e-06 2.44102e-07
-2.0353e-06 -4.51923e-07
4.98027e-07 6.26858e-08
2.00016e-06 -3.90557e-08
-8.00529e-07 -6.88304e-07
1.76274e-06 4.21097e-07
-9.4319e-07 4.09318e-07
-2.88617e-07 5.79312e-07
-9.77616e-07 3.84064e-07
2.00489e-06 -5.22237e-07
-3.86158e-07 -3.04702e-07
1.81011e-06 3.41592e-07
-1.019e-06 5.6755e-07
1.48678e-06 -3.79132e-07
-8.23052e-07 6.33142e-07
2.11272e-06 -4.44771e-07
1.79231e-06 -5.60326e-07
-1.7862e-06 -3.33203e-07
8.74172e-07 -5.29413e-07
1.49667e-06 -3.86428e-08
-1.46447e-06 -4.2254e-07
6.44531e-08 4.54578e-07
1.22783e-06 -5.39613e-07
4.4659e-07 6.06604e-07
8.78033e-07 2.44748e-07
7.37982e-07 6.33344e-07
-1.52031e-06 6.84405e-07
7.60911e-07 -5.04157e-11
-3.7858e-07 9.42675e-08
1.6326e-06 -4.03906e-07
4.86087e-07 -2.20293e-07
-1.42001e-06 -2.30907e-07
9.46748e-07 4.06897e-08
-1.28736e-07 1.76579e-07
-1.06694e-06 7.82689e-08
-9.87419e-07 -5.1331e-07
-2.10593e-06 5.84227e-07
1.96327e-06 2.5026e-07
-1.513e-06 -1.0531e-07
4.33415e-08 -1.91082e-07
1.82432e-06 -3.95018e-07
1.35352e-06 4.7622e-07
7.7142e-07 2.65791e-07
-1.48486e-06 6.96613e-07
1.19832e-07 5.94392e-08
-9.01122e-08 -2.38871e-07
-7.00235e-07 -6.39032e-07
-1.75693e-06 -3.24233e-07
-1.48557e-06 5.63955e-07
-2.03768e-06 5.37692e-07
-3.82401e-07 -4.25105e-07
2.60542e-07 -6.25139e-07
8.84369e-07 -3.48116e-08
3.86741e-08 -6.21877e-08
9.90376e-07 1.49591e-07
4.71485e-09 -5.03997e-07
8.77148e-07 -5.43566e-07
-1.71856e-06 -2.31944e-07
1.87511e-06 5.14479e-07
-7.69168e-07 4.63631e-07
9.73531e-07 4.95712e-07
7.14162e-07 -6.25532e-07
-1.65283e-06 9.78203e-08
4.56686e-07 -5.60142e-07
1.20472e-06 7.48903e-08
9.55527e-07 1.97544e-07
5.80713e-07 6.01413e-08
3.21158e-07 3.77254e-07
1.08041e-06 1.11646e-07
-1.52702e-06 -2.99339e-07
-4.29197e-07 1.19091e-07
4.15309e-07 -6.50874e-07
-1.00635e-06 4.5032e-07
3.33178e-07 -6.27464e-07
-1.76978e-06 -3.74467e-07
-3.20526e-07 -4.19185e-07
1.68676e-06 -4.23318e-07
1.54152e-06 -6.11958e-07
-1.00829e-06 1.66516e-07
-1.64827e-06 -4.36349e-07
7.48228e-08 6.94701e-07
-2.02421e-06 3.26779e-07
1.57926e-06 2.76486e-07
1.92537e-06 -2.61883e-07
-1.83591e-06 1.18869e-07
-3.95849e-07 -6.36749e-07
-3.02385e-07 -6.43102e-07
1.2939e-06 -4.18251e-07
-2.74948e-07 1.18966e-07
-3.64239e-07 -4.71582e-07
-7.91444e-07 -5.63979e-07
2.17533e-06 -5.42061e-07
-7.32316e-07 -1.44012e-07
2.07849e-06 -4.48797e-07
1.965e-07 -4.99524e-07
4.14973e-07 -4.18233e-07
5.83489e-07 -1.53186e-07
1.92635e-06 -1.89833e-07
2.92913e-07 1.65651e-07
1.20039e-06 -8.48614e-08
-1.85289e-06 6.17101e-07
-5.37531e-09 -2.8046e-07
-2.09779e-06 -5.1649e-07
2.16138e-07 -3.1182e-08
-7.57259e-07 -5.94783e-07
-1.71536e-06 -4.4359e-07
-1.91789e-06 -5.16493e-07
1.85242e-06 -5.70662e-07
1.7537e-07 -4.82471e-07
1.99119e-06 4.80435e-07
1.07343e-06 -2.03044e-07
-1.52212e-06 -2.81116e-07
1.57984e-06 5.85976e-08
2.16788e-06 4.61424e-07
9.00813e-07 -1.12931e-09
-1.55078e-06 -1.69191e-08
3.60156e-07 4.15832e-07
-1.58301e-06 1.06523e-07
-4.74877e-07 1.6772e-07
-6.21378e-07 5.82989e-07
4.76323e-07 -9.22472e-08
1.54849e-06 -6.54303e-07
-1.33406e-06 -7.68424e-08
-2.11813e-06 2.40424e-07
-2.10583e-06 2.18128e-09
8.41616e-07 5.69335e-07
1.19366e-06 -6.52974e-08
2.12378e-06 -3.01478e-07
9.50251e-07 -5.84082e-07
9.27035e-07 -9.83279e-08
1.55183e-06 -6.63049e-07
-1.13231e-06 1.49396e-07
-1.4023e-07 3.36581e-07
-1.74031e-06 3.6403e-07
1.90299e-07 3.77513e-07
-1.1681e-06 5.87618e-07
9.71183e-07 6.26736e-07
1.01488e-06 -8.78838e-08
-2.05815e-06 -5.30253e-07
1.6491e-06 1.72508e-07
7.55043e-07 -4.57167e-07
1.84924e-06 1.32696e-07
-6.70278e-07 3.98879e-07
5.01479e-07 -6.55239e-07
-8.75762e-08 4.0136e-07
2.17963e-06 -4.3563e-08
-1.69008e-06 -2.85659e-07
-1.36409e-06 -6.27082e-07
-2.02554e-07 6.83536e-07
6.55327e-07 3.7044e-07
-7.56952e-07 -4.62816e-08
3.47403e-07 -5.4123e-07
-1.07012e-06 5.68174e-07
-6.90953e-07 5.67319e-07
-1.87685e-06 6.67263e-07
-1.98493e-06 6.37049e-07
-1.1276e-07 -5.82557e-07
3.30546e-07 -1.46964e-07
1.35898e-06 5.85065e-07
2.05589e-06 -4.10385e-07
-7.15078e-07 -4.71666e-07
-1.58264e-06 -2.36251e-07
-1.09947e-06 5.17208e-07
1.7242e-06 2.28192e-08
-6.30787e-07 1.61094e-07
-2.63079e-07 -4.5153e-07
1.09698e-06 -1.73462e-07
-4.40666e-07 4.62317e-07
2.17687e-06 -3.84894e-07
-2.19238e-06 -6.60827e-07
7.90801e-07 -5.54995e-07
1.6317e-06 -9.50551e-08
-1.86504e-06 4.44625e-07
1.82964e-06 -4.09573e-07
1.6396e-06 -7.69092e-08
1.58911e-06 4.20728e-07
9.10933e-07 3.03496e-08
-1.49167e-06 -6.55118e-07
-1.43013e-06 2.63887e-07
1.81102e-06 2.23935e-08
-1.64903e-06 -4.53399e-07
-1.25531e-06 1.24255e-07
-1.15114e-06 1.84466e-07
-5.12567e-07 -6.85161e-07
9.95394e-08 -4.24508e-07
2.00622e-06 -5.20545e-07
-1.55415e-06 9.01522e-08
1.63584e-06 -5.06647e-07
-2.05734e-06 6.60368e-07
-2.03096e-06 6.38632e-07
-1.93814e-06 4.90914e-07
-2.18359e-06 -2.08602e-08
1.48506e-06 4.85911e-08
-9.10357e-07 4.03812e-07
6.79928e-08 3.82721e-07
2.06146e-06 6.35711e-07
1.27731e-06 -5.32421e-07
1.89343e-06 7.85016e-08
8.81415e-07 4.28238e-07
-1.95834e-06 6.24721e-07
-6.55492e-08 4.98141e-07
1.47385e-06 -6.94639e-07
-1.93276e-06 1.62744e-08
-2.39294e-07 3.72498e-07
-4.62908e-07 3.57077e-07
-1.70889e-06 -2.51523e-07
1.70918e-06 -3.43539e-07
-1.67934e-06 2.23366e-07
1.3053e-06 -3.90474e-07
-2.05993e-06 -6.85583e-07
-1.8006e-06 -1.22552e-08
8.7125e-07 7.99879e-08
2.90853e-07 -5.54591e-07
-2.22776e-07 -5.66289e-07
-1.20157e-06 -4.16402e-07
1.47439e-07 3.89469e-07
8.59477e-07 6.94999e-07
-1.79971e-06 5.87316e-07
8.44111e-07 2.76988e-07
-9.8445e-07 -4.6328e-07
1.33408e-06 1.88524e-07
-3.04584e-07 -2.05262e-08
-1.00569e-06 -6.10811e-07
4.58323e-07 1.86823e-07
-9.63921e-07 4.81566e-07
9.08947e-07 1.28248e-07
-1.40991e-06 3.75423e-07
1.80707e-07 -6.80913e-07
-1.40708e-06 2.93342e-07
1.15842e-06 4.09211e-08
-1.87663e-06 5.87864e-07
-1.76591e-06 2.36132e-07
2.1918e-06 -1.69639e-07
-6.42424e-07 -1.58681e-07
1.84594e-06 6.4664e-07
1.04032e-06 -5.68638e-07
-3.24297e-07 -1.91171e-07
7.66875e-07 -6.7075e-07
4.19321e-07 -4.89214e-07
1.86664e-06 -5.22826e-07
1.4965e-06 -1.56505e-07
1.44928e-06 5.71221e-07
3.97175e-07 3.65687e-07
-9.89762e-07 -2.11192e-07
8.37404e-07 4.57556e-07
-2.00677e-06 3.50967e-07
1.78917e-06 6.09967e-08
1.84054e-06 -8.39663e-09
-2.09849e-06 5.66839e-07
2.7289e-07 -3.16348e-07
-1.96224e-06 5.97412e-07
-1.36167e-06 4.46248e-08
3.34881e-07 6.1504e-07
-2.99831e-08 -6.82304e-07
1.59725e-07 4.28038e-07
-9.12389e-07 4.2739e-07
-1.28488e-06 -1.44262e-07
1.60544e-06 6.38778e-08
2.1717e-06 6.50968e-07
1.07712e-07 -2.83552e-08
2.19765e-06 5.50836e-07
-1.35921e-06 -2.6368e-07
4.8897e-07 -1.28992e-08
-2.85122e-07 -5.95356e-07
8.71765e-07 3.5081e-07
-4.27574e-07 4.91801e-07
3.95059e-07 4.29815e-07
-1.90447e-06 -5.07153e-07
-2.10409e-06 -5.64011e-07
5.74916e-07 1.83701e-07
-3.56803e-07 -3.15619e-07
4.73874e-07 3.02259e-07
-1.77318e-06 -2.53604e-07
-1.8428e-06 2.92187e-07
5.01453e-08 1.39633e-07
-9.93294e-07 -1.6973e-07
1.26258e-06 5.8512e-07
1.50747e-06 6.53064e-07
1.81958e-08 6.19008e-07
-6.10118e-07 4.14845e-07
-3.37593e-07 6.68241e-08
-3.39177e-07 -3.15258e-07
-8.89794e-07 -8.73994e-08
9.43256e-07 4.15884e-07
-2.07144e-06 -1.54553e-07
-2.10422e-06 3.26602e-08
1.35924e-06 -2.29171e-07
-1.68519e-06 -5.02792e-07
1.35206e-06 -6.54349e-07
1.60204e-06 -4.02506e-07
-6.32549e-07 5.95105e-07
-1.88749e-06 -5.32264e-07
-7.63281e-07 -2.20055e-07
-1.61919e-06 -3.16105e-07
1.39315e-06 -4.99101e-08
1.99263e-06 -6.80193e-07
-1.84272e-06 2.04076e-07
-1.73787e-06 2.33419e-07
-2.10633e-06 1.28654e-07
1.24865e-06 -4.42692e-07
-3.28677e-07 -6.33354e-07
1.75431e-06 -6.71486e-07
-3.29885e-07 -3.01234e-07
-1.61737e-06 2.43283e-07
1.41448e-06 -5.20645e-07
7.13932e-07 3.80714e-07
-1.92086e-07 6.36266e-07
-1.1877e-06 -6.00333e-07
-1.72557e-06 6.08359e-07
-9.08452e-07 6.23295e-07
-5.27118e-07 -3.55441e-07
1.29845e-06 3.91415e-07
-1.58614e-06 1.71554e-07
-1.38905e-06 -5.89088e-07
2.09148e-06 3.92607e-07
-1.03087e-06 6.02841e-07
2.14313e-06 3.16687e-07
-7.31786e-07 4.06645e-07
4.91158e-07 5.90766e-07
-1.23534e-06 -2.10731e-07
1.29291e-07 -1.02443e-08
-1.37191e-06 -5.18118e-08
-8.43456e-07 -2.1452e-07
1.21889e-07 3.67241e-07
-9.61455e-07 -6.91965e-07
-1.1768e-06 9.89398e-08
-5.50222e-07 3.37458e-07
9.17203e-07 1.19503e-07
-9.89304e-07 -3.1589e-07
-1.69849e-06 -1.058e-07
1.7596e-06 5.83143e-07
-6.73522e-07 3.46082e-07
-7.74943e-07 2.40198e-07
7.68949e-07 4.25589e-07
4.63671e-07 -1.08874e-08
1.81631e-06 2.35755e-07
-1.19046e-06 -1.04743e-07
2.19112e-06 8.73976e-08
-1.12744e-06 -3.11562e-07
1.36225e-06 6.81928e-07
1.8197e-06 -2.92712e-07
5.50277e-07 5.78731e-07
1.92113e-06 4.96687e-07
-6.26734e-07 -4.84006e-07
1.56468e-06 1.33926e-07
9.48227e-07 4.01999e-07
1.56496e-06 2.00465e-07
1.63037e-06 4.64488e-08
-2.34848e-07 -6.26503e-07
-8.47352e-07 4.28174e-07
9.4746e-07 -6.71826e-07
7.20653e-07 -5.56455e-07
1.61908e-06 -6.45784e-07
3.33843e-07 -2.43208e-07
-1.23378e-06 -2.64818e-07
-2.19726e-06 3.03447e-08
-1.95654e-06 -6.25278e-07
-1.42468e-06 5.37106e-07
-1.3015e-06 9.07015e-08
-2.85282e-07 5.92787e-07
-1.34083e-06 -6.5427e-08
-1.59964e-06 5.36957e-07
-4.90128e-07 -4.09947e-07
-2.115e-06 4.72309e-07
-7.27153e-07 4.30096e-07
1.50941e-06 -3.6586e-07
1.69813e-06 -5.79911e-07
3.06247e-07 5.23945e-08
3.78431e-07 3.26224e-07
9.27434e-07 -1.13738e-07
1.21926e-07 2.99517e-07
1.5312e-06 6.76252e-07
-5.00564e-07 6.25516e-07
-5.16932e-07 -1.65285e-07
-1.557e-07 8.74264e-08
-8.42232e-07 -6.39201e-07
2.80887e-07 6.93698e-07
-4.54783e-07 -3.13945e-07
1.67872e-06 -5.3329e-07
-1.61864e-06 4.51723e-07
2.10378e-06 -2.4504e-08
-1.03632e-06 -5.04794e-08
-1.79859e-06 6.64297e-07
-1.54192e-06 3.89512e-07
-1.11787e-06 -1.20613e-07
2.12433e-06 -6.94897e-07
6.31162e-07 5.97579e-07
1.38749e-06 1.91125e-07
4.41287e-08 -1.95853e-07
-3.0798e-07 2.06717e-07
-8.12476e-07 -6.50783e-07
-1.7585e-06 4.06992e-07
1.38476e-06 -5.88337e-07
-1.9754e-06 -1.64856e-07
-1.31859e-06 -8.80446e-08
1.9019e-06 1.85857e-07
1.03771e-06 -4.6757e-08
-1.04097e-06 2.89476e-07
-1.97044e-06 -5.17483e-07
1.41065e-07 -4.72812e-08
-8.28459e-07 3.7801e-07
1.82894e-06 -2.62077e-07
-3.118e-07 9.42152e-08
1.14452e-06 -3.10096e-07
-3.23529e-08 8.85341e-08
-1.69793e-06 -3.03627e-07
8.34875e-07 6.40522e-07
6.16453e-07 6.40435e-07
-6.30683e-08 2.42325e-07
-1.28029e-06 3.76213e-07
3.46063e-07 4.85086e-08
8.63342e-07 -1.48012e-08
1.29736e-06 -3.57205e-07
-1.28264e-06 -6.94617e-07
1.77788e-06 -1.31789e-08
9.888e-07 -3.33573e-07
-6.84388e-07 -6.42805e-07
8.57709e-07 6.96428e-07
-9.02811e-07 -3.89083e-08
-1.03978e-06 -7.93937e-08
4.09947e-07 3.81622e-07
7.79319e-07 4.08686e-07
1.23706e-06 4.22416e-07
-2.46884e-07 3.0784e-07
3.59464e-07 5.00709e-07
1.54705e-06 -1.32428e-07
-7.04252e-07 -3.34447e-08
-2.04434e-06 5.64479e-07
-2.19203e-06 3.51009e-07
1.88607e-08 -6.14052e-07
-2.15222e-07 1.78241e-07
2.16813e-06 -5.87039e-08
4.53157e-07 -6.12861e-07
1.68103e-06 2.10014e-07
-1.30865e-06 -3.72591e-07
-3.60479e-07 2.44487e-07
6.82386e-07 4.06535e-07
2.19724e-06 -4.10118e-07
1.06922e-07 4.84381e-07
-6.58359e-07 -2.6223e-07
1.16272e-08 -5.66765e-07
7.76732e-07 -3.29994e-07
1.67564e-06 3.09033e-07
2.09699e-06 1.48247e-07
-2.07143e-06 5.09703e-07
1.53232e-06 7.48674e-09
1.22517e-06 6.50857e-07
-1.8931e-06 4.30055e-07
4.85253e-07 5.46332e-07
1.54155e-07 -3.03978e-07
1.28014e-06 -6.91228e-07
-1.99042e-06 6.61524e-07
7.59303e-07 -2.15228e-07
-1.34421e-06 3.16859e-07
4.20762e-07 -1.86835e-08
-1.3424e-06 -2.15837e-07
-6.32725e-07 2.07874e-08
7.8229e-07 5.56898e-07
-1.56883e-06 4.72805e-07
1.4683e-06 -3.96082e-08
8.31947e-07 7.44328e-08
1.77866e-06 2.78087e-07
-1.07301e-06 5.26492e-07
-4.9796e-07 1.76489e-07
-2.0885e-06 -6.80651e-07
1.50038e-06 3.17994e-07
-1.63273e-06 -6.99193e-07
-1.63984e-06 -2.19165e-09
6.56303e-09 5.52793e-07
3.52129e-07 4.06564e-07
2.12846e-06 1.11066e-07
-1.75599e-06 4.46365e-07
1.36318e-06 1.77956e-07
-4.3314e-07 -4.5283e-07
-1.62535e-06 3.18829e-07
9.29287e-07 -2.78257e-07
6.13971e-07 7.81799e-08
2.06239e-06 1.49692e-07
-8.92494e-07 7.71255e-08
1.6837e-06 1.16375e-07
9.50048e-07 -4.95993e-07
2.14228e-06 -3.60524e-07
1.47049e-06 -3.25891e-07
9.01862e-07 6.90289e-07
-1.03649e-06 -6.93533e-07
-9.71868e-07 -6.55766e-07
-1.1903e-06 -5.55419e-07
-1.42744e-06 3.67477e-07
-2.12219e-06 -5.05545e-07
1.36425e-06 4.61856e-08
1.99691e-06 3.03769e-07
7.60343e-07 7.56203e-08
-2.72707e-07 -5.64883e-07
-2.18274e-06 1.16753e-07
-1.73824e-06 4.44453e-07
-8.24711e-07 3.99775e-07
-1.68674e-06 -2.86971e-07
-1.18311e-08 4.50521e-07
1.18411e-06 -5.34361e-07
-1.32873e-06 9.20069e-08
5.91993e-07 6.4547e-07
-2.03012e-06 -2.81639e-07
1.06813e-06 2.29075e-07
-1.6107e-06 2.7258e-08
-1.74158e-07 -7.08072e-08
1.79713e-07 -3.38855e-07
3.39818e-07 6.10831e-07
1.62717e-06 -5.79057e-07
5.92011e-07 1.47601e-07
5.4377e-07 5.55612e-07
-4.58635e-07 3.77893e-07
9.70672e-07 2.64046e-07
-1.8859e-07 5.49871e-07
-1.92313e-06 5.43291e-07
4.89253e-07 -5.50827e-07
1.07832e-06 5.35989e-07
-1.5211e-07 -4.48896e-07
2.37316e-07 -2.0345e-07
6.86686e-07 -1.34564e-07
1.72963e-06 -5.52538e-07
-8.92458e-09 6.9302e-07
8.93483e-07 -9.05163e-08
-1.49974e-06 6.21306e-07
-9.42726e-08 -1.8265e-07
-1.9242e-06 -1.41447e-07
-9.32336e-07 9.7059e-08
-2.19666e-06 -5.42123e-07
-1.20281e-07 3.21576e-07
7.58593e-08 1.8295e-07
-3.59383e-07 2.44271e-07
2.18239e-06 -6.67195e-07
1.07958e-06 -1.09821e-07
1.0548e-06 -2.13427e-07
3.14086e-07 -4.91224e-07
1.39206e-06 -4.02984e-07
1.17488e-06 5.45887e-07
-1.3341e-08 -5.06883e-09
6.44508e-07 1.31436e-07
-1.99296e-06 5.43123e-07
-8.59021e-07 -3.75819e-07
-2.13412e-06 -8.30059e-08
-1.22956e-06 3.87201e-07
-4.40473e-07 -5.20799e-07
6.13154e-07 -3.87099e-07
-9.43034e-07 7.14057e-08
-5.27037e-07 -3.04665e-07
1.93915e-06 -6.20482e-07
9.16088e-08 2.0891e-07
5.22247e-07 -6.17121e-07
-3.92071e-10 -3.43607e-07
1.31061e-06 1.14581e-07
-3.99885e-07 -1.38767e-07
-1.3402e-06 4.32307e-07
-1.36024e-06 6.48872e-07
-1.61848e-06 -3.6686e-07
6.9441e-08 2.46084e-07
8.57842e-07 5.54048e-07
-1.42907e-06 1.88126e-07
1.06033e-06 2.93054e-07
-1.17059e-06 4.54687e-09
-1.35152e-06 2.10006e-07
-1.65382e-06 3.71308e-07
1.6063e-06 -5.49311e-08
1.53375e-06 -1.4371e-07
3.35357e-07 -9.70732e-08
-1.52321e-06 -1.90542e-07
2.04795e-06 2.49638e-08
-1.02696e-06 5.92559e-07
3.13334e-07 -6.62543e-07
-1.08118e-06 -9.11512e-08
1.89564e-06 5.10685e-07
7.4186e-07 -1.53067e-07
4.19543e-07 -1.00813e-07
-1.02393e-06 -5.96155e-07
-7.66414e-07 5.37573e-07
-6.43979e-07 4.21155e-07
5.75366e-08 1.15441e-07
-1.56316e-06 -3.14574e-08
-7.84604e-07 -4.66503e-07
-1.89005e-06 -1.6718e-07
1.17109e-07 -5.76074e-07
-1.58805e-06 -3.18254e-07
-1.05602e-06 2.527e-08
-1.96467e-06 -5.19671e-07
2.89892e-08 -3.77107e-07
-1.12443e-06 -3.83461e-07
-2.00943e-06 -4.2204e-08
-9.46977e-07 6.41843e-07
1.80776e-06 5.129e-07
5.48588e-07 2.84283e-07
-1.2616e-06 2.90151e-08
-5.50959e-07 -3.78438e-07
-1.43185e-06 -2.46585e-07
1.02365e-07 2.83937e-07
7.56809e-07 -7.31598e-08
1.76065e-06 -4.25744e-08
1.03519e-06 3.60944e-07
-3.17773e-07 -5.18209e-07
-9.22941e-07 -4.3227e-08
-6.28684e-07 -4.62392e-07
-1.02087e-06 -3.10658e-07
1.04659e-07 -5.57571e-07
-7.22519e-07 -1.02598e-07
8.59884e-07 -1.36644e-07
2.1473e-07 2.97858e-07
2.17009e-06 -6.04046e-07
-1.0088e-06 4.79274e-07
7.84465e-07 -2.9077e-08
-1.79834e-06 -6.99803e-08
1.34425e-06 -5.54764e-07
4.39785e-07 4.57967e-07
-1.73513e-06 -1.96443e-07
-5.64436e-07 -5.38512e-07
-2.63593e-07 -2.80388e-07
5.81354e-07 -6.8568e-07
1.23322e-06 5.0782e-07
-3.11848e-07 2.14279e-07
7.52357e-07 -8.84822e-08
-2.1708e-06 -3.85081e-07
1.45628e-06 4.33053e-07
7.83589e-07 4.1004e-07
-1.34136e-06 1.61726e-07
6.58183e-07 -4.6955e-07
-1.21949e-06 -9.22419e-08
2.11252e-06 3.77728e-07
2.50651e-07 2.10413e-07
5.96319e-07 6.18702e-07
-1.40177e-06 -4.37907e-07
-7.21586e-07 -6.9603e-07
1.77292e-06 -6.12051e-07
4.13737e-07 -6.99059e-08
1.37552e-06 -3.10454e-08
-3.35426e-07 -5.88095e-07
8.88742e-07 3.59955e-07
-6.01031e-07 4.43031e-07
-8.29498e-07 5.22133e-07
5.09816e-07 2.609e-07
-1.28809e-07 -4.00666e-08
1.85043e-06 -2.04427e-08
6.30895e-07 4.40018e-07
-1.62702e-06 -3.67522e-08
1.91043e-06 -6.34407e-07
6.58999e-07 -4.19423e-07
1.51347e-06 -3.68785e-08
-1.28705e-06 -5.34479e-07
1.27685e-06 1.58981e-08
-5.04884e-07 3.64258e-08
-1.04697e-06 2.19875e-07
1.71125e-06 1.74052e-07
6.92244e-08 -4.12709e-08
7.38566e-07 4.57803e-07
-2.02658e-06 7.28751e-08
1.25973e-06 -4.6691e-07
4.13762e-07 -6.62557e-07
1.71089e-06 -4.23196e-07
9.72768e-07 -5.72711e-07
-1.98089e-06 -4.10797e-07
-1.5615e-06 6.50418e-07
-1.08002e-06 4.52346e-08
1.02547e-06 -6.5824e-07
-6.85394e-07 6.49559e-07
-3.94413e-07 5.92671e-07
-6.71584e-07 6.48982e-07
-1.40927e-06 -2.30892e-07
-2.07589e-06 -3.28456e-07
1.00352e-06 4.58383e-08
1.19136e-07 -5.36556e-08
5.40567e-07 2.80544e-09
-1.06225e-06 -9.64389e-08
1.55412e-06 6.44462e-07
-8.04709e-07 2.03432e-07
-1.30255e-06 -5.60582e-07
1.32114e-06 6.55006e-07
8.46213e-07 6.31891e-07
-1.43848e-06 1.27601e-07
-1.76339e-06 1.1483e-07
1.36159e-06 3.76209e-08
3.85976e-07 -5.75485e-07
-8.77375e-07 -1.00361e-08
1.09961e-06 -1.10502e-08
1.05507e-06 6.83986e-07
1.38421e-06 6.28274e-07
2.31108e-07 4.08726e-07
9.06385e-07 3.64651e-07
2.1371e-06 5.89754e-07
-1.65236e-06 4.28923e-08
-1.52754e-06 -1.67388e-07
-1.23989e-06 4.14932e-07
1.72582e-06 5.17122e-07
-1.8505e-06 1.3559e-07
-9.28208e-07 2.63957e-08
-7.62899e-07 -5.53934e-07
2.9278e-07 1.04876e-07
-1.49538e-06 -2.93238e-07
-4.15151e-07 -4.62299e-07
-1.11977e-06 3.57289e-07
-1.01813e-06 -3.73797e-07
-1.80249e-06 1.20951e-07
-1.22456e-06 6.54652e-07
8.87822e-07 4.52215e-07
-3.21523e-08 -1.13372e-07
1.92531e-06 -1.52229e-07
9.35119e-07 3.10127e-08
2.06408e-06 -4.75381e-07
2.10714e-06 4.04912e-07
1.89811e-06 2.59014e-07
1.58951e-06 1.54621e-07
1.13177e-06 4.92324e-07
5.9948e-07 5.90469e-07
1.53607e-07 -2.75376e-07
-1.5467e-06 -2.71698e-07
1.48449e-07 3.54711e-07
-8.14106e-07 -6.85259e-07
-2.19009e-06 2.71295e-07
-1.91538e-06 -6.83884e-07
-1.61992e-06 -3.92364e-07
-1.49378e-06 -2.03572e-07
9.86915e-07 4.79617e-08
-2.0725e-06 1.98109e-07
4.92216e-07 -1.8843e-07
-3.93183e-07 8.04449e-08
3.38968e-08 -1.71251e-07
4.88482e-07 5.69233e-07
-1.08608e-06 -4.91993e-07
2.02556e-07 2.74708e-07
-2.06026e-06 4.18869e-07
-1.78625e-06 5.1576e-07
2.84531e-07 -1.23531e-08
-1.34885e-06 -1.87035e-07
-6.99284e-07 3.38414e-07
-1.51909e-06 -3.85244e-07
-8.99505e-07 -3.29377e-07
-1.51078e-06 -1.10941e-07
-1.81556e-07 2.67386e-07
6.72368e-07 -1.24105e-07
1.36553e-06 4.84302e-07
2.08895e-06 6.30436e-07
1.37022e-06 -5.38361e-07
1.27518e-06 -9.6596e-08
-1.75989e-06 -4.64916e-07
9.91675e-08 2.42537e-07
2.08811e-06 4.23412e-07
-9.61091e-08 -4.99054e-07
-1.94018e-06 6.8747e-07
3.4659e-07 -5.43353e-07
6.75412e-07 4.86979e-07
6.13813e-07 8.04393e-08
1.22956e-06 1.88799e-08
-2.03819e-06 6.94793e-07
-1.93495e-06 4.31138e-07
-1.1593e-07 2.75191e-07
1.53572e-06 -2.28105e-07
8.61528e-07 -1.87953e-08
-3.99394e-07 6.72843e-07
-8.13454e-07 -6.21906e-07
-9.08825e-07 -6.82851e-07
-3.33788e-07 -6.72051e-09
-3.23541e-07 3.1718e-07
-1.58996e-06 -5.98068e-07
-1.80675e-06 -4.18655e-07
1.04319e-06 -1.32174e-07
5.48578e-07 -2.27298e-08
1.12415e-06 -1.31021e-07
-3.14445e-07 2.09459e-07
-1.42608e-06 1.46353e-07
1.41262e-06 -1.19495e-07
2.07867e-06 -3.41888e-08
6.97998e-08 2.50045e-07
-1.69245e-06 1.1567e-07
6.37466e-07 2.75567e-07
1.08971e-06 1.01315e-07
-3.77593e-07 6.96365e-07
-9.43064e-08 -3.63942e-07
6.93692e-07 1.25876e-07
4.51165e-07 3.5794e-07
-9.19117e-07 7.58497e-08
1.06058e-06 -4.69193e-07
-5.03047e-07 -1.34268e-07
-1.95082e-06 1.58305e-07
-5.57719e-07 1.95733e-07
-8.89729e-07 -2.41186e-07
1.13335e-06 5.51832e-07
-2.16521e-06 -5.83128e-07
-3.67476e-07 4.82799e-07
-1.40263e-06 2.77586e-07
3.71311e-07 -4.06019e-07
1.94334e-06 -4.77823e-07
7.79505e-07 6.26564e-07
8.6103e-07 6.86162e-07
2.19775e-06 3.35901e-07
-9.55627e-07 -7.52823e-08
3.37907e-07 1.97521e-07
-8.39083e-07 5.22691e-07
2.01442e-06 4.63446e-07
2.05974e-06 -2.58752e-07
1.89869e-06 -6.67012e-07
-8.44353e-08 -4.27366e-07
-4.8401e-07 2.4476e-07
-2.00033e-06 2.26727e-08
5.94397e-07 9.31681e-08
2.05802e-06 3.72346e-07
7.26031e-07 -6.32874e-07
8.46874e-07 2.77939e-07
-3.07768e-07 -5.94673e-07
-2.09108e-06 -6.24736e-07
-1.20038e-06 -2.50209e-07
1.58751e-06 3.65168e-08
-2.15716e-07 -5.99241e-07
1.94739e-06 -2.36291e-07
2.18956e-06 -2.14772e-07
8.92918e-08 -4.77311e-07
1.78926e-06 -1.5074e-07
1.25608e-07 -2.26825e-07
-6.84172e-07 -1.27225e-07
1.64464e-07 -5.27821e-07
3.73875e-07 1.78108e-07
4.68992e-08 -4.2501e-07
1.63519e-06 -1.41679e-07
1.09714e-06 -5.05851e-07
-2.11584e-06 -5.73193e-07
-2.164e-06 4.98555e-07
1.45345e-06 7.85239e-08
-1.46422e-06 -2.58505e-07
-1.55562e-06 -2.86765e-07
8.79282e-07 -2.30512e-07
-2.14224e-06 -5.60219e-07
-1.091e-07 -4.0998e-07
1.36967e-06 3.66283e-07
5.5304e-07 2.33199e-07
-1.71831e-06 1.25918e-07
9.80653e-07 3.4299e-07
4.65986e-07 -3.33199e-07
1.65173e-06 5.97327e-07
1.44637e-06 5.27976e-07
-7.32455e-07 4.51303e-07
1.80462e-06 -5.90778e-07
-2.17394e-06 3.02288e-07
1.71096e-06 6.87621e-07
1.2244e-06 -2.22721e-07
1.94696e-06 3.18095e-07
1.16702e-06 2.59348e-08
1.14908e-06 -1.83438e-07
-6.20323e-07 -2.57059e-07
-7.71149e-08 -7.63212e-09
-1.73099e-06 1.51495e-07
-5.35884e-07 6.48755e-07
7.25423e-07 -5.39786e-07
-1.1785e-06 2.35323e-07
-1.11636e-06 3.3181e-07
-4.32851e-07 1.72505e-07
1.66651e-06 2.59099e-07
-1.74209e-06 -5.01884e-08
7.28064e-08 1.73052e-07
1.74975e-06 -6.09011e-07
1.23231e-06 6.36284e-07
9.56791e-07 4.48995e-07
-1.95502e-06 6.12596e-07
-5.39395e-07 3.1769e-07
1.10114e-06 -4.32091e-07
-8.70623e-08 -4.88417e-08
-1.06756e-07 2.82795e-07
6.23645e-07 -6.63592e-08
8.67853e-07 -5.91226e-07
-1.93357e-06 -6.6066e-07
-3.40705e-07 4.03453e-07
-1.85135e-06 -3.93912e-07
1.31656e-06 -1.56788e-07
1.71058e-06 -4.71686e-07
1.79675e-06 2.07578e-07
1.13828e-06 6.72053e-07
1.52496e-06 8.29155e-09
-1.95783e-06 -3.62018e-07
7.93435e-07 -4.94217e-07
6.17209e-07 4.5266e-09
-1.5631e-06 -3.20147e-08
-5.1309e-07 -1.98104e-07
1.72777e-06 -6.38904e-07
1.62369e-06 -6.5938e-07
7.07369e-07 -5.44746e-07
-1.00343e-06 -4.99567e-07
-2.09443e-06 6.39861e-07
6.7436e-07 5.46528e-07
-4.85204e-07 -5.4599e-07
-1.95254e-06 5.05647e-07
-1.21366e-06 4.51376e-07
-9.94752e-08 -4.29994e-07
1.23711e-06 -6.57361e-07
-2.0269e-06 -4.85852e-07
-1.42331e-06 1.68238e-07
1.02069e-07 -6.11272e-07
-5.51108e-07 4.61655e-07
5.66107e-07 1.02744e-08
-2.02473e-06 -2.80636e-07
-1.53337e-06 4.42871e-07
-1.84155e-06 -3.98216e-07
-1.14666e-06 -1.79767e-07
1.7091e-06 -4.47203e-07
-7.23945e-07 -3.58166e-07
3.97329e-07 5.75714e-07
8.11429e-07 -5.69228e-07
-2.13411e-06 8.32458e-08
6.08594e-07 3.90949e-07
1.27832e-06 -1.28341e-07
-1.27553e-06 -3.59146e-07
-2.18883e-06 5.87503e-07
2.10894e-07 -1.66264e-07
-2.81121e-07 5.1815e-07
1.36164e-06 6.36045e-07
1.79675e-06 -6.36795e-07
-1.35153e-06 6.7464e-07
-2.14249e-06 7.81306e-08
9.33465e-07 -4.05261e-07
9.11368e-07 3.67653e-07
-4.79704e-08 2.65445e-07
-5.18175e-07 5.52546e-07
2.07073e-07 -3.66358e-07
1.87902e-06 5.15291e-07
-8.37405e-07 2.62404e-07
-1.44786e-06 -5.40704e-07
2.01642e-06 -3.32372e-07
-1.95823e-06 1.49372e-07
1.39579e-06 -1.40228e-07
4.73544e-07 6.66136e-07
-1.26314e-06 -1.34405e-09
-9.85045e-07 -5.24347e-07
-1.96994e-06 -3.23677e-07
-1.54134e-06 5.48474e-07
-8.38117e-07 -2.14418e-08
5.00927e-08 -2.59659e-07
-1.31954e-06 -5.32691e-09
9.50615e-07 -6.97411e-07
1.09349e-06 6.35931e-07
-1.6304e-06 -5.04453e-07
-6.52049e-08 -6.01795e-07
-1.61478e-06 -2.2238e-07
6.17248e-07 1.60014e-07
-1.01375e-06 6.9656e-07
1.33946e-06 2.83226e-07
1.75762e-06 5.12758e-07
-4.56098e-07 2.8803e-07
-1.05903e-06 5.65408e-07
2.04723e-07 1.31802e-07
-5.08657e-07 6.73233e-07
1.94913e-06 3.423e-07
1.047e-06 -5.92449e-07
9.4302e-07 4.00114e-07
2.0906e-06 -3.4058e-07
1.6486e-06 -4.99749e-08
1.97013e-06 5.10504e-07
8.35254e-07 -6.8183e-07
3.70847e-07 -9.65378e-08
1.22313e-06 -2.96686e-07
-7.68988e-07 -2.96533e-07
-1.80059e-06 -2.04985e-07
-1.59335e-07 -4.93244e-08
-1.28177e-06 1.10088e-09
-5.04392e-07 -3.82821e-07
-7.30488e-07 1.87733e-07
1.91018e-06 -5.12349e-07
1.77579e-07 -5.43499e-07
5.43858e-07 -3.40529e-07
-2.12958e-06 4.6726e-07
-1.57278e-06 -1.25883e-07
1.20939e-06 5.77732e-07
-1.43229e-06 3.23741e-07
-1.81107e-06 -4.82896e-07
1.76311e-06 6.17336e-07
1.80801e-06 -2.5833e-07
-1.90079e-06 6.17263e-07
-5.51598e-07 -6.79897e-07
-2.08479e-06 5.81069e-07
2.12397e-06 6.11626e-09
1.44114e-06 4.02178e-07
1.82905e-06 -2.23812e-07
1.55972e-06 -5.3735e-07
6.97365e-07 1.96821e-07
-4.17976e-07 -1.13518e-08
8.37594e-07 -4.42532e-07
-4.77967e-08 -5.40834e-07
-1.53119e-06 1.8602e-07
1.04167e-06 2.43367e-07
1.94951e-06 -6.51689e-07
1.02728e-06 2.05034e-08
1.95813e-06 6.75826e-07
1.34453e-06 3.67156e-07
-1.54277e-06 4.39277e-07
-2.05846e-06 3.85963e-07
5.33138e-07 -5.07892e-07
2.15013e-06 -6.80431e-07
-2.21365e-07 3.20733e-07
1.05194e-06 5.82616e-07
2.73414e-07 -9.94521e-08
5.47095e-07 -3.54042e-07
-1.36287e-06 -2.00651e-07
-1.71461e-06 6.63568e-07
2.14227e-06 4.31991e-07
2.18667e-08 3.78828e-07
1.12068e-06 -9.83262e-08
7.5325e-07 7.90562e-08
-1.26651e-06 3.41033e-08
1.36458e-06 -3.45268e-07
1.56043e-06 -3.70677e-07
1.93496e-06 3.2701e-07
-9.86534e-07 -4.62231e-07
-1.05251e-06 4.4364e-07
-2.3504e-07 -5.35065e-07
6.81361e-07 2.32506e-07
-1.67325e-06 -6.32514e-07
4.86268e-07 4.03147e-07
-4.82696e-07 -6.635e-07
3.16491e-07 3.79522e-07
-7.0221e-07 -5.39176e-08
3.23967e-07 -4.88763e-07
1.36446e-06 3.41284e-07
-4.92718e-07 4.64293e-07
-6.07442e-07 6.0381e-07
-1.22257e-06 4.23103e-07
-6.24523e-07 -2.76359e-07
1.30253e-06 1.04086e-07
-3.99833e-07 -2.73681e-07
-1.5421e-06 -4.49861e-07
-1.32694e-06 -6.92012e-07
-9.81297e-07 -3.51993e-07
8.61181e-07 -2.39614e-07
-5.36817e-07 -5.95682e-07
-1.58591e-07 -2.43751e-07
-2.95539e-07 -1.61491e-07
-5.60808e-07 -2.82081e-07
2.17389e-06 -2.00738e-07
-1.38721e-06 -5.54161e-07
-1.65897e-06 -3.96158e-07
1.06559e-06 4.28505e-07
-9.59627e-07 -4.60935e-07
2.0148e-06 -2.68548e-07
-1.15267e-06 -2.11107e-07
-5.04769e-07 -1.09335e-08
-2.10747e-06 5.26315e-07
1.70846e-06 6.31577e-07
3.13208e-07 -1.68561e-08
1.86376e-06 -1.79102e-07
3.07694e-07 -3.45304e-07
-2.12832e-06 -1.55426e-07
-1.00535e-07 -2.93774e-08
-3.17231e-07 2.34391e-07
-1.5157e-06 -5.60105e-07
-3.11014e-07 5.82447e-07
-3.56158e-07 1.10213e-08
2.39892e-07 6.52993e-07
2.0611e-06 5.02719e-07
3.89388e-07 -5.88223e-07
-1.87014e-06 -1.04531e-07
4.63181e-07 -5.64394e-07
4.21002e-07 9.74139e-08
8.59074e-07 6.46884e-07
-6.30096e-07 9.25076e-08
1.89806e-07 1.86475e-08
1.01846e-06 5.21654e-08
1.57414e-06 6.67603e-07
-9.7281e-07 2.1812e-07
9.71525e-08 2.43421e-07
-3.82238e-07 -2.25932e-07
9.81456e-07 -3.87809e-07
1.00121e-06 2.68745e-07
7.26584e-07 -5.02957e-07
1.79994e-06 5.33222e-07
2.07906e-06 -9.38088e-08
1.10311e-07 -3.55446e-07
2.30013e-07 -5.25275e-07
-2.06179e-06 5.6518e-09
9.29201e-07 -5.04986e-07
-1.28896e-06 -4.36357e-07
2.03492e-06 -1.08181e-07
1.64954e-06 6.35192e-07
6.81472e-07 2.21911e-08
7.10619e-07 -6.17604e-07
-1.88995e-06 4.13275e-07
-4.19602e-08 8.96752e-08
-6.34679e-07 1.7871e-07
-2.0531e-06 -3.44086e-07
1.77927e-06 -4.54348e-07
3.93425e-07 -4.7096e-08
1.95932e-06 1.151e-07
-1.47167e-06 6.1639e-08
2.85298e-07 -6.58303e-07
-4.1666e-07 6.71486e-07
1.74087e-06 1.58206e-07
-2.08617e-06 5.00569e-07
9.78335e-07 -4.73655e-07
1.5049e-06 4.40576e-07
-1.92708e-06 5.42674e-07
-4.89293e-07 -5.73535e-07
-7.10466e-07 4.49433e-07
-2.03295e-06 -3.8186e-07
-1.70296e-06 5.78235e-07
-1.61895e-06 -4.49457e-07
-1.6746e-06 -5.59395e-07
-1.48862e-06 6.78728e-07
-1.56203e-06 -6.96776e-07
-1.48804e-06 -5.50011e-07
-1.94144e-06 -1.17724e-07
5.78254e-07 2.15556e-07
-1.77556e-06 8.97627e-09
-2.14783e-06 6.38495e-07
-8.26616e-07 -2.56372e-07
9.19948e-07 3.24467e-07
3.14791e-07 -4.51223e-07
6.76132e-07 5.51211e-07
1.71964e-06 -4.59426e-07
2.8349e-07 1.33199e-07
1.23238e-07 -6.93697e-07
-2.41086e-07 9.50316e-08
-1.31515e-06 5.39643e-07
-1.54095e-06 -4.82363e-07
-1.99525e-06 -4.01601e-07
1.78028e-06 6.72437e-07
1.64099e-06 6.71353e-09
-1.59148e-06 -2.92986e-07
-8.36984e-07 3.00539e-07
-3.99692e-07 3.842e-07
5.3812e-07 -2.28552e-07
1.02409e-06 1.09736e-07
1.82953e-06 2.96053e-07
8.45719e-07 -3.62654e-07
6.53269e-07 -2.03311e-07
-1.5461e-06 -3.52284e-07
1.75016e-06 5.01077e-07
1.04854e-06 -4.19103e-07
1.1622e-06 2.85144e-07
-1.2109e-06 -4.19873e-07
1.99567e-06 6.47785e-07
-1.4872e-06 2.32699e-07
1.36003e-06 -3.09844e-07
4.75805e-07 -3.58265e-07
-1.20036e-06 -5.92789e-07
-1.88782e-06 -3.25247e-07
1.96209e-06 1.60757e-07
-2.1179e-08 5.99091e-07
-5.75687e-08 2.02238e-07
1.6136e-06 -2.45195e-07
-1.42763e-06 7.19876e-08
-1.91638e-06 2.48308e-07
-1.90993e-06 1.54719e-07
6.16508e-08 -5.1251e-07
8.91278e-08 -6.80068e-08
-1.32892e-06 -5.32859e-07
-1.17129e-06 -1.55459e-07
8.86153e-07 -5.23141e-07
4.87581e-07 -2.81732e-07
1.88816e-06 6.88596e-08
-2.01545e-06 5.76726e-07
-2.08915e-06 6.72202e-08
1.16837e-06 5.44013e-07
-2.06721e-06 5.26726e-07
-4.81159e-07 5.18448e-07
-1.697e-06 -3.94083e-07
-3.16949e-07 -4.47145e-07
2.00362e-06 -4.71722e-07
-2.07222e-06 -2.82593e-07
1.47871e-06 -5.73529e-07
2.11653e-06 9.25766e-08
8.82296e-07 2.13326e-08
6.9404e-07 4.92769e-07
-4.94714e-07 3.72865e-07
-2.11693e-06 -7.0978e-08
2.10799e-06 -6.31155e-07
8.51785e-07 1.04981e-07
1.68753e-06 3.50847e-07
1.756e-06 -5.72129e-07
-6.92763e-07 -5.13366e-08
-2.17558e-06 1.60314e-07
5.7271e-07 4.54802e-07
1.68518e-06 -2.04722e-07
2.01986e-06 5.15946e-07
1.56106e-06 6.39873e-08
-1.2932e-06 -3.83433e-07
2.12287e-06 -3.24744e-07
1.40798e-06 4.03519e-08
-7.66802e-07 5.09188e-07
-1.01947e-06 4.32589e-08
2.01954e-06 -5.27785e-07
-1.10139e-06 5.7278e-07
-8.85328e-07 -3.91066e-07
1.72194e-07 -4.92302e-07
-1.3335e-06 -6.85857e-07
-1.54032e-06 -1.21077e-08
-1.72803e-06 4.5175e-07
-3.47571e-07 3.34287e-07
-1.5581e-06 3.18105e-07
5.5359e-07 5.46804e-07
3.37718e-07 -3.22925e-07
-2.0712e-07 -2.19331e-07
1.93886e-06 -1.40253e-07
-1.96599e-06 1.15462e-07
1.78854e-06 -5.80307e-07
-1.17924e-07 6.78072e-07
-2.19081e-06 3.47829e-07
8.47845e-07 -5.22234e-07
2.55739e-07 6.31245e-07
-1.15664e-07 -1.82601e-07
-1.78468e-06 6.05353e-07
4.84816e-07 2.70452e-07
1.01272e-07 4.62369e-07
-1.38431e-06 1.91657e-07
1.37093e-06 -6.52873e-07
1.55627e-07 -6.0386e-07
-9.79073e-07 -6.03089e-07
1.4495e-07 -2.70641e-07
-1.55837e-06 3.46096e-07
-1.69272e-06 -1.52282e-07
6.14987e-07 -5.23104e-07
4.96396e-07 -2.57199e-07
1.61444e-06 -1.10898e-07
-1.21608e-06 4.71249e-07
-5.3127e-07 3.09377e-07
-1.90944e-06 5.17794e-07
3.13153e-07 1.80269e-07
1.66691e-06 4.24248e-07
1.9546e-06 -2.97718e-07
2.09729e-06 5.62966e-07
-1.2369e-06 -1.89037e-07
-1.36758e-06 -1.96749e-07
-1.17648e-06 4.57323e-07
-1.04111e-07 1.41185e-07
5.33519e-07 -5.50961e-07
2.16109e-06 -2.86153e-07
-8.59118e-07 -2.18309e-07
-1.7801e-06 -2.91854e-07
1.31577e-06 4.63368e-07
1.93367e-06 -4.79959e-07
-1.02441e-06 2.60236e-07
9.88384e-07 -4.11504e-07
-1.26085e-07 1.49727e-07
5.98383e-07 6.2944e-07
1.339e-06 -2.93665e-07
-1.18202e-06 -6.8611e-07
-1.94619e-06 -4.596e-07
-1.11341e-06 -4.39114e-07
-2.15513e-06 1.93482e-07
-1.37433e-06 4.35501e-08
1.34195e-06 2.4528e-07
-1.60074e-06 3.1282e-08
-1.37467e-07 -2.4163e-07
1.84891e-06 -5.89153e-07
-5.84147e-07 6.81792e-07
5.9353e-07 7.8297e-08
1.72843e-06 4.97003e-07
-1.13934e-06 -1.52296e-07
3.518e-07 -3.93066e-07
1.23975e-06 -6.0395e-07
1.63808e-06 -5.28847e-07
-1.62696e-06 2.16144e-07
-1.25591e-06 -6.35818e-07
-1.7716e-06 2.33705e-07
1.05647e-07 2.91608e-07
6.24542e-07 -2.55287e-07
1.19798e-06 6.36462e-07
1.92973e-06 -4.92532e-07
1.99326e-06 -3.29589e-07
5.88552e-07 3.52186e-07
-1.95397e-06 -2.32542e-07
-7.34423e-07 5.57266e-07
9.2058e-07 2.93042e-07
-1.66661e-06 6.39841e-07
-6.45467e-07 4.01676e-08
-1.69112e-06 1.61128e-07
1.53166e-06 5.94204e-08
1.03242e-06 -6.03329e-08
1.22637e-06 1.07999e-07
1.73806e-06 5.68606e-07
-1.46407e-06 4.4541e-08
1.56551e-06 -3.74513e-07
9.30059e-07 -2.17066e-07
-2.33426e-07 -5.71615e-07
-1.2562e-07 1.63307e-07
1.63233e-06 1.84841e-07
-4.86888e-07 -4.63872e-07
9.18215e-07 -3.79988e-07
1.11086e-06 -1.03878e-07
-1.24221e-06 -6.42321e-07
-1.61002e-06 1.99056e-07
7.02603e-07 -1.24071e-07
-6.97582e-07 2.16969e-07
8.76902e-07 1.08839e-07
1.88811e-06 -4.34836e-07
-8.39808e-07 5.22891e-07
-1.61984e-06 6.56383e-07
1.53293e-06 5.75613e-07
1.29312e-06 1.81666e-07
-1.08159e-06 -4.30793e-07
1.37903e-06 5.98206e-07
6.48418e-07 3.86141e-07
-2.1917e-06 -3.17596e-07
-1.76245e-06 5.5354e-07
1.81942e-06 5.8983e-07
9.80712e-07 1.07552e-07
1.44682e-06 -1.25855e-07
-1.87512e-06 -1.32083e-07
-1.86313e-06 -6.6222e-07
-7.85083e-07 6.9608e-07
1.35223e-06 -6.66253e-07
1.72263e-06 7.35089e-08
-8.61081e-07 -6.64646e-07
-1.2445e-06 1.88326e-07
1.9649e-06 4.18974e-07
-2.0927e-06 3.3623e-07
4.54157e-07 -3.49248e-09
-2.05934e-06 3.09415e-07
4.77234e-07 6.27931e-07
1.57057e-06 4.89079e-07
-1.32899e-06 -2.94711e-07
-2.09979e-06 -8.76736e-08
-3.03025e-07 -3.53293e-07
-1.11947e-06 -2.42672e-07
1.60445e-06 2.79589e-07
2.02018e-06 -4.10729e-07
-1.34106e-06 4.29163e-07
1.43478e-06 6.90309e-07
8.90571e-07 -4.27197e-07
1.34897e-06 -5.70644e-07
-2.62892e-07 -1.72027e-07
2.71201e-07 1.7646e-07
-7.28742e-07 6.31229e-07
-1.21691e-06 1.2273e-07
1.88503e-06 4.06545e-07
1.44705e-06 8.9142e-08
1.88547e-06 -1.57878e-07
-7.93446e-07 -3.80477e-07
-1.78387e-06 1.15094e-07
8.44991e-07 2.32749e-07
-1.0985e-07 2.11008e-07
1.72007e-06 1.90112e-07
-5.30955e-07 9.58556e-08
-1.07461e-07 -6.21561e-07
-3.75756e-07 2.47158e-07
1.1146e-06 1.92169e-07
-3.53361e-07 3.62527e-08
1.5998e-06 6.49907e-07
-1.01719e-06 -4.51342e-07
-1.83848e-06 -2.55753e-07
1.64004e-06 2.4398e-07
1.1078e-06 3.20769e-07
1.67511e-06 -3.21292e-08
-1.23488e-06 1.34406e-08
1.59076e-06 3.4956e-07
-9.03279e-07 5.92738e-07
-1.96141e-06 5.04833e-07
-4.43681e-07 -2.46796e-07
-1.43819e-06 6.79317e-08
1.31796e-06 -6.82302e-07
-1.89754e-06 -1.04022e-07
2.01329e-06 2.1423e-08
1.65419e-06 -5.10181e-07
1.43963e-06 -5.9015e-07
-7.16652e-07 -2.55696e-07
6.14626e-07 8.30919e-08
1.43342e-06 -3.5518e-07
-3.1487e-07 2.76509e-07
1.04772e-06 4.10691e-08
1.23054e-06 6.65887e-07
6.28549e-07 2.42904e-07
9.84271e-07 6.06516e-07
4.14002e-07 6.36088e-07
9.1915e-07 6.25357e-07
8.44853e-07 -4.63933e-07
1.48028e-06 -1.93613e-07
-6.42232e-08 -9.58859e-08
-1.77826e-06 -8.57991e-08
-1.81869e-06 -6.13464e-07
1.2975e-06 2.42731e-07
1.74802e-07 4.70724e-07
-1.83542e-06 -5.01808e-07
-1.34997e-07 5.61438e-07
-4.56612e-08 2.54554e-07
1.10782e-06 -3.70213e-07
-1.47859e-06 7.03265e-08
1.59032e-06 -8.00496e-08
-3.30115e-07 4.66036e-07
-5.74321e-07 -2.92153e-07
-6.61331e-07 -2.31265e-07
-4.91082e-07 -6.29264e-07
-9.19059e-07 3.63355e-08
1.34452e-06 -2.01071e-09
-1.5362e-06 5.76806e-07
1.48632e-06 4.50711e-08
-1.89015e-06 6.91964e-07
-1.34624e-06 4.51427e-07
1.73668e-06 -4.77927e-08
-6.82512e-07 -3.31149e-07
1.30184e-06 -2.04771e-07
-1.58862e-06 2.37513e-07
2.08526e-06 -6.96789e-07
-2.0059e-06 1.45442e-07
4.79438e-07 3.6287e-07
-1.93457e-06 -1.39084e-07
5.39293e-07 3.32152e-07
-2.15171e-06 -5.46667e-07
-1.13193e-06 -6.35698e-07
1.614e-06 -1.90496e-08
-7.20227e-07 1.21623e-07
-4.99373e-07 -8.26498e-08
1.91058e-06 1.34416e-07
2.60556e-07 -4.40988e-07
2.16095e-06 -4.36605e-07
-8.52351e-07 -3.80481e-07
2.94341e-07 -4.23082e-07
-3.19947e-07 -3.90039e-08
1.72514e-06 -3.15877e-07
-1.79398e-06 -1.95337e-07
2.01475e-07 -5.57306e-07
-3.23887e-07 -6.2658e-07
2.82447e-07 5.90027e-07
-2.11137e-06 1.50397e-08
1.25434e-06 -5.57375e-07
-1.44597e-06 2.024e-07
1.92083e-06 -1.24668e-07
1.14057e-06 -4.45052e-07
9.4986e-07 -1.52939e-07
-1.24595e-06 -1.20205e-08
4.54645e-07 -1.55719e-07
1.04973e-06 1.52208e-07
-1.6808e-06 3.85554e-08
-1.14704e-06 -7.20127e-08
9.99568e-07 -3.85826e-07
-5.10047e-07 -2.186e-07
-2.03031e-06 5.26703e-07
1.21255e-06 5.47577e-07
1.30008e-06 5.27402e-07
2.14996e-06 -5.07793e-07
-7.6774e-07 4.19775e-07
-1.55514e-06 4.26745e-07
5.66872e-07 3.14831e-07
-1.9144e-06 2.58789e-07
-1.40307e-06 -5.39437e-07
1.16205e-06 -8.9853e-08
-1.76736e-06 -4.94093e-07
1.71666e-06 -4.63828e-07
-7.14212e-07 -4.82444e-07
-2.0497e-06 -5.14272e-08
1.07976e-07 -5.0641e-07
-1.96748e-07 -3.71934e-07
-8.0673e-07 3.60528e-08
2.17972e-07 9.83302e-08
1.3842e-08 4.3433e-07
-1.17037e-07 3.98871e-07
-2.16819e-06 5.30221e-07
3.25099e-07 -4.56154e-07
-9.32223e-07 -9.84669e-10
4.90437e-07 -1.24266e-07
-1.26985e-06 -3.66029e-08
-1.13208e-06 9.17557e-08
2.13659e-06 -5.94918e-07
1.63616e-06 2.07284e-07
-1.98858e-06 -2.00827e-07
-1.28805e-06 3.10024e-08
-2.03585e-06 1.0188e-07
2.18583e-06 4.06252e-07
1.34103e-06 -5.95498e-07
-2.1051e-06 4.70004e-07
-3.72823e-08 8.9729e-09
4.15416e-08 -4.02247e-07
9.61588e-08 -5.10741e-07
-1.23028e-06 -5.25884e-07
1.42712e-06 4.56388e-07
-1.2919e-06 5.69342e-07
-2.04015e-06 3.46658e-07
-4.28974e-07 6.20091e-07
8.11086e-08 -3.95854e-07
7.08903e-08 3.8055e-07
1.39412e-07 -5.35434e-07
-2.11979e-06 3.32113e-07
-1.33818e-06 -2.90147e-07
5.31861e-08 4.58845e-07
5.21714e-07 5.75227e-07
5.10485e-07 4.00286e-07
8.1428e-07 -2.53239e-07
-2.01917e-06 -6.08924e-07
7.26184e-07 5.87133e-07
-2.16701e-06 6.04945e-07
7.03881e-07 -2.70999e-07
-2.13291e-06 1.90021e-07
-3.39651e-07 4.33995e-07
-4.10287e-07 -2.62311e-07
1.78642e-06 1.38615e-07
-2.0986e-07 -4.9831e-07
1.40041e-06 -3.22899e-07
9.6898e-08 1.8831e-07
3.27762e-07 -6.77199e-07
1.00271e-06 -6.33407e-07
-2.09126e-06 3.3203e-07
1.60593e-06 -6.70462e-07
9.88257e-07 5.75032e-08
-2.14218e-06 -2.55412e-07
-1.19865e-06 -1.98674e-08
1.3619e-06 -1.47511e-07
-2.13207e-06 9.87983e-08
-2.18264e-06 -2.24096e-07
3.20348e-07 2.52097e-08
2.10917e-06 3.57959e-09
-9.60382e-07 4.03453e-07
4.29561e-07 -5.4876e-07
1.89732e-06 2.42364e-07
-1.43618e-06 1.60519e-07
1.8428e-06 -2.36295e-07
