258.139
103.239
114.656
119.557
124.626
226.221
133.473
257.348
75.3989
279.422
278.896
133.399
89.3911
283.322
223.118
18.0751
57.0851
71.158
68.5156
217.561
342.183
323.959
310.364
306.173
122.39
22.7179
80.3754
270.384
117.743
268.858
359.724
246.276
267.298
196.115
267.709
233.489
1.4089
336.526
287.039
223.87
150.605
319.458
166.777
160.753
208.907
80.9838
226.785
95.8491
215.423
112.263
285.574
101.544
189.623
301.107
328.152
161.449
282.881
111.5
328.14
264.442
78.0345
221.745
42.8406
263.161
95.0017
31.6852
273.156
155.922
326.362
337.022
262.836
72.5318
260.725
143.649
220.903
296.264
340.98
68.1715
285.304
256.68
106.361
35.9513
101.535
224.213
281.201
305.407
289.075
52.0493
279.812
155.409
65.4241
123.733
289.82
25.8422
21.3268
269.978
331.484
112.103
165.944
200.487
258.139
103.239
114.656
119.557
124.626
226.221
133.473
257.348
75.3989
279.422
278.896
133.399
89.3911
283.322
223.118
18.0751
57.0851
71.158
68.5156
217.561
342.183
323.959
310.364
306.173
122.39
22.7179
80.3754
270.384
117.743
268.858
359.724
246.276
267.298
196.115
267.709
233.489
1.4089
336.526
287.039
223.87
150.605
319.458
166.777
160.753
208.907
80.9838
226.785
95.8491
215.423
112.263
285.574
101.544
189.623
301.107
328.152
161.449
282.881
111.5
328.14
264.442
78.0345
221.745
42.8406
263.161
95.0017
31.6852
273.156
155.922
326.362
337.022
262.836
72.5318
260.725
143.649
220.903
296.264
340.98
68.1715
285.304
256.68
106.361
35.9513
101.535
224.213
281.201
305.407
289.075
52.0493
279.812
155.409
65.4241
123.733
289.82
25.8422
21.3268
269.978
331.484
112.103
165.944
200.487
