179.928
68.5206
66.6249
92.1211
42.4127
167.489
41.0317
147.974
145.288
167.43
49.5038
169.257
136.406
20.4552
71.7536
84.4481
126.706
77.624
38.3009
179.747
136.344
40.3024
92.7091
97.4434
118.53
177.188
81.8336
147.456
98.4139
108.294
179.121
38.7629
105.949
34.0524
115.28
153.566
108.039
10.1789
18.6969
43.2152
16.1332
108.782
61.78
42.7275
20.3049
70.2567
155.503
4.17553
141.299
17.8743
114.967
102.818
10.1294
95.3097
43.2176
47.8047
47.7621
159.129
147.316
107.455
136.203
86.0263
127.652
122.662
29.2685
101.09
148.686
48.5373
126.082
29.9537
150.715
71.6579
62.7633
144.026
101.098
83.5721
13.3126
106.717
6.45972
22.289
92.484
25.3881
118.564
12.2704
137.289
60.8899
29.5272
49.2165
136.13
122.401
97.9294
157.163
49.0285
153.42
89.4367
179.922
108.184
131.792
101.494
117.437
179.928
68.5206
66.6249
92.1211
42.4127
167.489
41.0317
147.974
145.288
167.43
49.5038
169.257
136.406
20.4552
71.7536
84.4481
126.706
77.624
38.3009
179.747
136.344
40.3024
92.7091
97.4434
118.53
177.188
81.8336
147.456
98.4139
108.294
179.121
38.7629
105.949
34.0524
115.28
153.566
108.039
10.1789
18.6969
43.2152
16.1332
108.782
61.78
42.7275
20.3049
70.2567
155.503
4.17553
141.299
17.8743
114.967
102.818
10.1294
95.3097
43.2176
47.8047
47.7621
159.129
147.316
107.455
136.203
86.0263
127.652
122.662
29.2685
101.09
148.686
48.5373
126.082
29.9537
150.715
71.6579
62.7633
144.026
101.098
83.5721
13.3126
106.717
6.45972
22.289
92.484
25.3881
118.564
12.2704
137.289
60.8899
29.5272
49.2165
136.13
122.401
97.9294
157.163
49.0285
153.42
89.4367
179.922
108.184
131.792
101.494
117.437
