3.82699e-07 -4.46074e-07
5.51617e-07 6.24158e-08
1.33509e-07 1.79718e-08
-1.2814e-07 4.98819e-07
1.80405e-07 6.26292e-07
-2.64105e-07 -3.0642e-07
-1.87368e-07 -2.6588e-07
8.41159e-07 6.51192e-07
-1.15022e-06 -7.64967e-08
-6.43403e-07 1.70435e-07
-3.17166e-07 -4.15416e-07
8.50709e-07 2.9979e-07
-3.2503e-07 5.35083e-07
-4.15432e-07 -4.70813e-07
7.23179e-07 1.5249e-07
-1.09902e-06 -4.56486e-07
1.22687e-06 -3.44134e-07
3.92421e-07 6.01119e-08
-1.19404e-06 8.61609e-08
5.31382e-07 -4.61732e-07
-1.26604e-06 -4.70152e-07
6.5192e-07 -4.08949e-07
9.23962e-07 4.58884e-09
8.06588e-08 -1.39087e-07
1.34695e-06 1.66602e-07
-4.41166e-07 2.50195e-07
-8.21316e-07 9.49787e-08
6.55329e-07 2.33252e-08
1.42836e-06 5.86469e-07
7.01993e-07 2.21681e-07
1.1941e-06 1.96925e-07
4.0338e-07 -2.24145e-07
1.19022e-06 -3.19076e-07
1.11088e-06 5.57609e-07
1.29009e-06 4.56829e-07
-8.51031e-07 -9.16036e-08
-1.39628e-06 1.64267e-07
8.63619e-07 -6.92578e-07
7.52884e-08 -2.09182e-07
-8.98049e-07 1.74393e-08
9.90451e-07 -4.99659e-07
-4.47055e-07 1.50672e-07
1.13902e-06 1.41339e-07
3.8005e-07 3.02362e-07
1.32078e-06 -6.37012e-07
1.12514e-06 5.78497e-07
-1.07097e-06 -6.38065e-07
-3.05223e-07 -3.23734e-07
1.29382e-06 -5.01779e-07
-8.71035e-07 -3.30396e-07
5.15067e-07 2.33704e-08
8.8012e-07 2.57689e-07
-4.8804e-07 -5.65633e-07
-1.0527e-06 5.25997e-07
2.22957e-07 -5.03857e-07
9.46202e-07 -4.76305e-07
-4.4619e-07 2.7834e-07
3.44373e-07 -3.68598e-07
4.08914e-07 3.98018e-07
4.00406e-07 -6.30392e-07
-2.93525e-07 6.11252e-08
6.80652e-08 5.43243e-07
1.41296e-07 5.89012e-07
-2.89432e-08 -1.63366e-07
8.6716e-07 5.21737e-07
-3.43795e-07 -4.52641e-08
8.10623e-07 -5.7827e-07
2.90993e-07 2.83404e-07
9.81493e-07 -3.51965e-07
1.00378e-06 1.7277e-07
-8.28164e-07 -2.89333e-07
7.74341e-07 -2.86758e-07
3.21976e-07 -1.99507e-08
-1.55347e-07 -1.54296e-08
-1.08193e-06 -5.65171e-07
-9.82219e-07 8.31035e-08
3.97447e-08 -5.20541e-07
1.07064e-06 -4.58601e-07
-2.34923e-07 -6.82956e-07
4.27092e-07 6.21781e-07
-8.74133e-08 -6.57804e-08
1.17579e-06 -6.44673e-07
4.30776e-07 -7.00015e-08
1.9136e-07 6.22807e-07
-1.08194e-06 6.05314e-08
5.10025e-07 6.00864e-07
1.30276e-06 3.33371e-07
-8.06819e-07 6.18606e-07
-1.16474e-06 4.01064e-07
8.36103e-07 -2.33271e-07
-4.18702e-07 1.25984e-07
-6.35292e-07 4.52885e-08
-3.1339e-08 -1.60423e-08
2.2427e-07 -2.86799e-07
7.87193e-07 9.30281e-08
-9.75818e-07 -5.17299e-07
-1.22877e-06 6.92727e-07
-1.23075e-06 -1.31747e-07
-1.35003e-06 1.10229e-07
-4.78199e-07 -2.03797e-07
3.82699e-07 -4.46074e-07
5.51617e-07 6.24158e-08
1.33509e-07 1.79718e-08
-1.2814e-07 4.98819e-07
1.80405e-07 6.26292e-07
-2.64105e-07 -3.0642e-07
-1.87368e-07 -2.6588e-07
8.41159e-07 6.51192e-07
-1.15022e-06 -7.64967e-08
-6.43403e-07 1.70435e-07
-3.17166e-07 -4.15416e-07
8.50709e-07 2.9979e-07
-3.2503e-07 5.35083e-07
-4.15432e-07 -4.70813e-07
7.23179e-07 1.5249e-07
-1.09902e-06 -4.56486e-07
1.22687e-06 -3.44134e-07
3.92421e-07 6.01119e-08
-1.19404e-06 8.61609e-08
5.31382e-07 -4.61732e-07
-1.26604e-06 -4.70152e-07
6.5192e-07 -4.08949e-07
9.23962e-07 4.58884e-09
8.06588e-08 -1.39087e-07
1.34695e-06 1.66602e-07
-4.41166e-07 2.50195e-07
-8.21316e-07 9.49787e-08
6.55329e-07 2.33252e-08
1.42836e-06 5.86469e-07
7.01993e-07 2.21681e-07
1.1941e-06 1.96925e-07
4.0338e-07 -2.24145e-07
1.19022e-06 -3.19076e-07
1.11088e-06 5.57609e-07
1.29009e-06 4.56829e-07
-8.51031e-07 -9.16036e-08
-1.39628e-06 1.64267e-07
8.63619e-07 -6.92578e-07
7.52884e-08 -2.09182e-07
-8.98049e-07 1.74393e-08
9.90451e-07 -4.99659e-07
-4.47055e-07 1.50672e-07
1.13902e-06 1.41339e-07
3.8005e-07 3.02362e-07
1.32078e-06 -6.37012e-07
1.12514e-06 5.78497e-07
-1.07097e-06 -6.38065e-07
-3.05223e-07 -3.23734e-07
1.29382e-06 -5.01779e-07
-8.71035e-07 -3.30396e-07
5.15067e-07 2.33704e-08
8.8012e-07 2.57689e-07
-4.8804e-07 -5.65633e-07
-1.0527e-06 5.25997e-07
2.22957e-07 -5.03857e-07
9.46202e-07 -4.76305e-07
-4.4619e-07 2.7834e-07
3.44373e-07 -3.68598e-07
4.08914e-07 3.98018e-07
4.00406e-07 -6.30392e-07
-2.93525e-07 6.11252e-08
6.80652e-08 5.43243e-07
1.41296e-07 5.89012e-07
-2.89432e-08 -1.63366e-07
8.6716e-07 5.21737e-07
-3.43795e-07 -4.52641e-08
8.10623e-07 -5.7827e-07
2.90993e-07 2.83404e-07
9.81493e-07 -3.51965e-07
1.00378e-06 1.7277e-07
-8.28164e-07 -2.89333e-07
7.74341e-07 -2.86758e-07
3.21976e-07 -1.99507e-08
-1.55347e-07 -1.54296e-08
-1.08193e-06 -5.65171e-07
-9.82219e-07 8.31035e-08
3.97447e-08 -5.20541e-07
1.07064e-06 -4.58601e-07
-2.34923e-07 -6.82956e-07
4.27092e-07 6.21781e-07
-8.74133e-08 -6.57804e-08
1.17579e-06 -6.44673e-07
4.30776e-07 -7.00015e-08
1.9136e-07 6.22807e-07
-1.08194e-06 6.05314e-08
5.10025e-07 6.00864e-07
1.30276e-06 3.33371e-07
-8.06819e-07 6.18606e-07
-1.16474e-06 4.01064e-07
8.36103e-07 -2.33271e-07
-4.18702e-07 1.25984e-07
-6.35292e-07 4.52885e-08
-3.1339e-08 -1.60423e-08
2.2427e-07 -2.86799e-07
7.87193e-07 9.30281e-08
-9.75818e-07 -5.17299e-07
-1.22877e-06 6.92727e-07
-1.23075e-06 -1.31747e-07
-1.35003e-06 1.10229e-07
-4.78199e-07 -2.03797e-07
