-1.88803e-07 -3.80129e-07
1.53753e-07 1.05616e-07
-4.39004e-07 -3.76781e-07
-4.34654e-08 2.69108e-07
1.48252e-07 5.72837e-07
1.04455e-07 2.4439e-07
5.90655e-08 3.87944e-07
9.67572e-07 -4.07444e-07
-1.00117e-06 -3.08404e-08
-1.42936e-06 -4.12323e-07
-1.02452e-06 2.25018e-08
-9.7479e-09 5.61642e-07
-3.03448e-07 6.65504e-07
1.39287e-07 -3.32358e-07
-1.6443e-07 4.76973e-07
-4.26299e-07 3.32123e-07
-4.98745e-07 -5.6513e-07
-7.31378e-07 3.17495e-07
-1.15801e-06 -3.47812e-07
-7.60804e-07 1.22501e-07
1.17399e-06 6.71136e-07
-1.11232e-06 1.41239e-07
-9.18519e-07 4.16244e-07
-1.99372e-07 -2.84077e-08
-9.4976e-07 -7.52465e-08
3.85995e-09 1.65387e-08
-9.02516e-07 5.24439e-07
4.96807e-07 5.57226e-07
8.39854e-07 6.89989e-08
-4.58636e-07 2.17339e-07
-1.35176e-06 -4.37065e-07
1.55487e-07 5.9191e-08
1.40163e-06 5.82703e-07
3.36114e-07 -6.59603e-07
1.26189e-06 -1.00817e-07
-9.44604e-07 -3.88697e-08
-1.35435e-06 -6.75748e-07
-1.72047e-07 -2.90461e-07
-1.03636e-06 -5.48661e-07
7.75758e-07 -2.9092e-07
-4.32838e-07 -6.74249e-07
-8.86695e-07 -3.80466e-07
2.92887e-07 2.05571e-07
-1.3486e-06 -5.76543e-07
6.24371e-07 -5.98326e-07
-6.67335e-07 -9.63321e-08
1.73047e-07 -2.73772e-07
9.40779e-07 -1.57275e-07
9.58307e-07 4.24133e-07
-1.01182e-06 -3.16457e-07
-4.81949e-07 -2.2436e-07
5.69147e-07 3.61793e-07
-6.14638e-07 -3.53813e-07
-1.36113e-06 -6.06057e-07
9.99574e-07 6.17444e-07
-9.39002e-07 -1.18534e-07
1.80031e-07 -6.07621e-07
-5.25299e-07 3.55242e-07
1.38215e-06 6.82355e-07
-5.85885e-07 -4.98681e-07
1.14366e-06 2.5371e-07
-2.76377e-07 -4.71269e-07
6.28816e-07 6.59699e-07
-6.29059e-08 -6.98803e-07
1.26886e-06 5.50631e-07
1.22639e-07 -6.26373e-07
-5.53949e-07 4.19692e-07
6.7915e-07 -3.97506e-08
-9.96464e-08 6.63093e-07
9.6705e-07 -1.38041e-08
-8.83453e-07 6.33542e-07
9.96272e-08 -6.58778e-07
-1.29504e-06 1.48201e-07
4.00366e-07 3.75315e-07
3.28633e-07 6.36102e-07
-9.5278e-07 -1.0124e-07
-6.43293e-07 -4.31234e-07
8.43403e-07 -3.94244e-08
3.78345e-07 7.87011e-08
1.08212e-06 6.74103e-07
-5.2236e-07 2.61107e-07
7.6377e-07 -6.60591e-07
1.0333e-06 -5.62946e-07
8.68816e-07 3.864e-07
-3.67072e-07 -2.56899e-07
8.67214e-08 -3.91081e-07
-7.51972e-07 2.4737e-07
-2.19127e-07 5.27458e-07
1.13141e-06 -6.08771e-07
-9.87492e-08 1.14758e-08
1.03254e-06 4.61629e-07
2.01928e-07 1.48747e-07
9.01893e-07 2.96433e-07
8.00135e-07 -4.26727e-07
1.0234e-06 3.54671e-07
-1.16171e-06 -9.77708e-08
5.1908e-07 -1.52002e-07
-2.22119e-07 3.97166e-07
-9.79767e-07 1.19064e-07
-1.38122e-07 1.95579e-07
-4.2237e-07 -1.81438e-07
9.36599e-07 1.26119e-07
-1.13694e-06 -2.11264e-07
9.58914e-07 1.27443e-07
1.04396e-06 -1.8483e-07
-2.0943e-07 1.64207e-07
-1.10191e-06 -4.24591e-07
-2.03615e-07 -1.03207e-07
-1.27136e-06 -4.71611e-08
-1.24888e-07 1.11602e-07
1.68807e-07 2.60046e-07
1.27483e-06 -6.33335e-07
6.53615e-07 1.84241e-07
1.20336e-06 -3.06465e-07
7.6133e-07 -6.82909e-07
7.03897e-07 -1.6831e-07
-6.8946e-07 4.68606e-07
4.28506e-07 1.6192e-08
7.13921e-07 -1.08485e-07
-5.07187e-07 -6.33031e-07
-5.91753e-07 3.69466e-08
6.25673e-07 -2.4064e-07
-6.62665e-07 -4.89765e-07
2.65924e-07 -4.01092e-07
-8.20121e-07 3.65538e-07
3.86374e-07 3.3458e-08
1.20522e-06 2.21943e-07
-1.1762e-06 1.80738e-07
1.37574e-06 3.39748e-07
-1.30831e-07 -5.81165e-07
9.58816e-07 -1.59283e-07
-1.20338e-06 -2.42896e-07
3.48784e-07 1.15022e-08
5.88034e-07 -1.90852e-07
1.12674e-06 3.77655e-07
-9.74694e-07 -2.29889e-07
-9.99762e-07 -3.92207e-07
5.0748e-07 -3.78605e-07
1.32204e-06 5.79311e-07
5.40135e-07 4.44855e-07
-2.76137e-07 -4.81221e-07
1.18803e-06 -6.36823e-07
-1.75831e-07 -4.40555e-08
1.22505e-06 2.29529e-07
-1.19304e-06 3.34533e-08
-5.71506e-08 4.38695e-07
7.59122e-07 4.89123e-07
-9.99244e-07 7.72544e-08
5.25812e-09 -4.38271e-07
8.47793e-07 2.02728e-07
9.50767e-07 6.76316e-07
-3.90672e-07 -1.93662e-07
-9.43666e-07 3.97351e-08
4.5397e-07 7.73829e-08
1.34647e-06 3.03321e-07
2.7314e-07 3.44339e-07
-1.11789e-06 -1.91652e-07
3.23777e-07 1.14715e-07
1.15015e-06 3.221e-07
2.70622e-07 -3.17608e-07
1.04908e-06 -2.20834e-07
1.07913e-06 -2.02816e-07
8.11367e-08 -2.47847e-07
-1.01849e-06 -2.31972e-07
-1.25929e-06 2.90342e-07
-1.02523e-06 -6.20481e-07
-1.24967e-06 4.24374e-08
1.0675e-06 -5.52192e-07
-1.1939e-06 6.81397e-07
7.585e-07 -1.59275e-07
8.78362e-08 -6.06919e-07
-5.79803e-07 1.51953e-07
-7.97946e-07 -9.42776e-08
-1.20179e-06 5.61895e-07
-8.30898e-07 -4.24632e-07
8.83241e-07 -2.86467e-07
2.53945e-07 -5.2895e-07
8.35309e-07 2.67893e-07
-1.321e-06 -3.29981e-07
6.46579e-07 -4.35211e-07
-1.24493e-06 5.73077e-07
1.72321e-08 5.46153e-07
-9.29157e-07 1.12538e-07
-5.03774e-07 -5.1712e-07
1.10391e-06 -1.28923e-07
7.24046e-07 1.49831e-07
-1.418e-06 -5.97786e-07
1.09941e-06 9.06531e-09
5.96698e-07 -1.84407e-07
1.2718e-06 3.83132e-08
1.30874e-06 -4.9068e-07
-3.4346e-08 5.13652e-07
1.32107e-06 4.99697e-07
8.12088e-07 2.00546e-07
-9.3272e-07 -3.5953e-07
9.29578e-09 2.55474e-07
-2.00148e-07 -6.65449e-07
-1.01882e-06 6.35423e-07
-6.9981e-07 -6.33386e-07
-1.05797e-06 8.26714e-09
-1.93229e-07 1.75747e-07
1.04554e-06 -2.44643e-07
6.22372e-07 -6.36064e-08
-8.87168e-07 3.43203e-08
-1.03707e-06 6.78854e-08
1.28432e-06 -4.5358e-07
-2.06303e-07 -4.56128e-07
1.31933e-06 6.23297e-07
-2.6887e-07 1.03314e-07
-1.04651e-06 -3.60928e-07
-1.41805e-06 6.69993e-07
7.10348e-07 1.97785e-07
7.91993e-07 3.0732e-07
8.22188e-07 -2.85052e-08
1.26297e-06 -5.15407e-07
1.41869e-06 -6.4133e-07
-5.12075e-07 2.69811e-07
-1.09658e-06 4.54604e-07
-3.83963e-07 2.37297e-07
-3.68006e-07 -5.77342e-07
7.57665e-08 4.56109e-07
-3.7162e-07 -4.98951e-07
9.20294e-07 2.30542e-08
3.89728e-07 -4.17949e-07
5.48099e-07 -3.9029e-07
-3.00385e-07 1.78134e-08
-1.20253e-06 -4.44521e-07
-1.40806e-06 3.26762e-07
-1.15396e-06 -5.13267e-08
1.27381e-06 -1.71032e-07
7.90293e-07 -4.84061e-08
-1.04012e-07 -5.79055e-07
-5.7261e-07 -4.64696e-10
-1.23133e-06 1.76599e-08
1.15655e-07 6.51698e-07
-1.14774e-06 -2.79412e-07
7.75775e-07 -6.87385e-07
-9.15431e-07 -3.90443e-07
6.41505e-09 -6.90161e-07
-5.08743e-07 3.20437e-07
-9.37558e-07 -2.45285e-07
1.06573e-06 6.06297e-07
-2.77399e-07 1.24064e-07
-1.39991e-06 5.31093e-07
-4.33883e-08 9.03009e-08
1.36815e-06 -6.41652e-07
1.8359e-07 -6.03351e-07
2.96716e-07 -4.92976e-07
1.34869e-06 3.85729e-07
-6.73537e-07 5.17935e-07
1.39856e-07 -5.92703e-07
-5.18295e-07 -6.68994e-07
-1.48382e-07 5.95547e-07
7.64978e-07 -6.1436e-07
3.68987e-07 3.44622e-07
3.46134e-07 -4.16589e-07
4.76834e-07 5.06756e-07
-3.91682e-07 2.52199e-07
-1.12871e-06 -5.09059e-08
8.06452e-07 -2.16115e-07
-4.14087e-07 -4.06135e-07
-3.17223e-07 2.94068e-07
-6.55969e-07 7.08432e-08
-6.10752e-07 5.87116e-07
7.03713e-09 -4.81398e-07
4.66638e-07 -3.09986e-07
-1.41187e-06 4.23121e-07
-5.01004e-07 3.33213e-07
-2.79656e-07 5.00382e-07
6.73516e-07 -5.60668e-07
-6.59889e-07 1.08443e-07
5.23446e-07 2.93374e-07
-5.9067e-08 -4.80506e-07
1.43967e-06 -4.34395e-07
-6.72202e-08 4.81788e-07
-1.38938e-07 -6.84475e-07
-6.59641e-09 1.63519e-07
1.26303e-06 -2.52501e-07
-8.14624e-07 -5.15786e-08
-1.4054e-06 -5.52899e-08
-4.54969e-08 4.19907e-07
-1.03431e-06 -1.94189e-08
1.33814e-06 -1.19163e-07
-7.97536e-07 -5.89403e-08
1.14929e-06 6.82059e-08
-1.12495e-06 8.69984e-08
1.31666e-06 -7.23243e-08
-6.09813e-07 8.73071e-08
9.13884e-07 1.05278e-07
2.95946e-07 -4.37159e-08
9.74461e-07 5.81318e-07
-1.00558e-06 -5.42775e-07
1.31966e-06 -4.2381e-07
-1.40284e-06 -2.4203e-07
-1.20429e-06 4.88645e-07
1.00207e-06 -8.18831e-08
1.71231e-07 4.79912e-07
4.13634e-07 7.26728e-08
-7.11732e-08 3.78277e-07
7.88888e-07 2.38825e-07
-9.71838e-07 -4.91993e-08
-1.39548e-06 6.76939e-08
1.08796e-07 -4.37781e-07
-3.35108e-07 -3.95435e-07
-4.58625e-07 -1.08635e-07
8.11426e-07 6.97841e-07
1.70646e-07 -1.78347e-07
4.81232e-07 -4.61984e-07
1.49816e-08 -5.05604e-07
-2.09286e-07 5.42781e-07
1.36709e-07 4.30483e-07
-9.32115e-07 -4.27397e-07
7.80438e-07 -5.82149e-08
-3.17214e-07 6.30541e-07
8.81117e-07 -1.96477e-07
-8.27852e-07 6.41423e-07
-2.42342e-07 -2.96088e-07
-1.62883e-07 -5.02841e-07
6.55727e-07 6.05955e-10
2.50909e-08 1.04421e-07
1.2464e-07 8.46509e-08
-3.87792e-08 -1.53833e-07
-1.13776e-06 -2.14476e-07
7.9798e-08 4.12856e-07
5.21223e-07 -5.88733e-07
-1.00921e-06 -1.33341e-07
2.57703e-07 3.54968e-09
1.14042e-06 -1.59897e-07
1.42061e-06 6.65177e-07
-4.99498e-07 1.4813e-07
-9.08337e-07 -4.40271e-07
-4.55683e-07 3.40747e-07
6.26413e-07 1.75793e-07
-1.32161e-06 1.81232e-07
-2.49007e-07 5.44791e-07
-5.29367e-07 5.68182e-07
8.60251e-07 -1.22489e-07
-1.23357e-06 -2.99056e-07
-5.27531e-07 3.35509e-07
2.06234e-07 -3.90724e-08
-1.18974e-06 -1.6597e-08
8.19175e-07 6.64348e-07
-1.10854e-06 -5.39678e-07
1.43103e-06 6.49034e-07
1.71958e-07 1.60884e-07
9.70133e-07 -5.36487e-07
-9.28653e-07 -3.32545e-07
-4.92485e-07 -6.39226e-07
-9.47573e-07 3.06945e-07
-5.61096e-07 4.00744e-07
-3.77864e-07 -4.02518e-07
1.0717e-06 3.60783e-07
-1.50209e-07 -5.61118e-08
-5.3055e-07 -1.13022e-07
-9.35759e-07 6.69167e-07
9.32892e-07 4.88975e-07
2.54553e-07 -5.29646e-07
-1.28021e-06 1.10097e-08
-9.26109e-07 -6.65926e-07
1.26282e-06 2.38866e-07
2.87032e-07 -3.45562e-07
3.6903e-07 -4.36962e-07
1.56686e-07 5.69375e-07
-7.43798e-07 -9.99975e-08
-3.82822e-07 4.42641e-07
-8.28794e-07 1.9286e-07
-1.03409e-06 5.07157e-07
-1.41775e-06 1.31471e-07
-1.25311e-06 1.67022e-07
3.31271e-07 -3.93334e-07
1.24593e-06 -4.38293e-07
-9.54693e-07 -9.89654e-08
-8.08059e-07 -4.05144e-07
6.21737e-07 2.10306e-07
7.95238e-07 -3.13757e-07
-6.57963e-07 -6.21359e-08
9.28608e-07 -6.39706e-08
8.40067e-07 -6.15011e-07
-1.0394e-06 7.98924e-09
-4.88842e-07 6.91877e-07
-1.16355e-06 -5.13037e-08
-1.15518e-06 6.84551e-07
2.05184e-07 -3.37956e-07
-3.06424e-07 -6.17996e-07
7.86162e-07 6.31867e-07
-4.7652e-07 -6.83286e-08
-1.31388e-06 1.33272e-07
-8.05771e-07 -1.92679e-07
7.20999e-07 -3.96601e-07
-1.0641e-06 6.31006e-07
-8.61804e-07 -2.07225e-07
1.43153e-06 4.87759e-07
-2.94065e-07 2.52387e-07
-1.25921e-06 -1.72893e-07
-1.72739e-07 3.96769e-07
-6.86296e-07 -2.09281e-07
-1.43837e-06 5.72891e-07
7.58983e-07 -4.96377e-07
7.70075e-07 3.84055e-07
-7.27085e-07 5.25807e-07
-1.32682e-06 -7.73262e-08
4.66653e-07 4.48239e-07
-7.46734e-07 6.78382e-07
-1.06241e-06 3.76304e-07
1.31156e-06 4.05381e-07
1.28429e-06 -5.54991e-07
5.13211e-07 4.65811e-07
-1.29788e-06 1.4818e-07
5.63178e-11 4.62945e-07
1.32498e-06 -3.56038e-07
2.73559e-07 5.00626e-07
3.42955e-08 -4.33076e-07
-8.9289e-07 1.53456e-07
-6.78761e-07 -1.99304e-07
-3.24312e-07 -2.58138e-07
1.71329e-07 -2.06033e-07
-1.62256e-07 1.83264e-07
1.1194e-06 -7.38164e-08
-1.35323e-06 4.42906e-07
-1.43771e-07 2.04502e-07
4.86e-07 -5.26918e-07
-1.32259e-06 5.73929e-07
1.34611e-06 8.19565e-09
4.89566e-07 -5.21316e-08
-1.98193e-07 5.97042e-07
1.51974e-07 6.62593e-07
1.17559e-06 6.56545e-08
1.32969e-06 -6.64146e-07
1.2735e-07 3.40848e-07
1.17894e-06 1.76959e-07
3.00806e-07 2.62892e-08
-8.62259e-08 -6.42948e-07
2.79854e-07 -2.7705e-08
7.34241e-07 2.88054e-09
5.39751e-07 6.21817e-07
6.72988e-07 -4.66013e-07
-7.7604e-07 8.05858e-08
-7.16485e-07 -6.92956e-07
-1.43121e-06 -5.72759e-07
6.18168e-07 6.64641e-07
-4.18092e-08 -5.4489e-07
6.97561e-07 -5.51021e-07
-9.44041e-07 -1.26033e-07
-8.7909e-07 -1.39832e-07
9.8946e-07 -3.46439e-07
-1.25396e-06 6.31052e-07
4.88613e-07 5.84131e-10
6.73579e-07 5.56004e-07
1.03168e-06 1.02038e-07
1.86691e-07 4.81324e-07
9.61659e-07 -4.48789e-07
-7.09268e-07 -6.23046e-07
-1.68361e-07 5.67535e-07
3.71205e-07 2.14872e-07
-1.32875e-06 -3.60342e-07
9.93088e-08 7.09735e-08
1.11578e-07 -9.74447e-08
3.50686e-07 -2.21161e-07
7.80035e-08 6.76516e-07
8.21416e-07 -1.42555e-07
-1.756e-07 4.71e-07
-9.68693e-07 6.65934e-07
2.5872e-07 -1.06275e-07
1.41151e-06 -2.64381e-07
-8.4503e-07 3.28786e-07
1.565e-07 -3.9078e-07
5.92177e-07 -2.15176e-07
-4.14165e-07 6.06107e-07
6.15607e-07 -3.16756e-07
9.36778e-07 -6.23156e-07
4.92028e-07 1.55395e-07
-2.26001e-07 -6.01753e-07
7.51688e-07 2.33989e-07
7.09596e-07 -3.77723e-07
-1.10468e-06 6.97825e-07
1.22924e-06 -4.86204e-07
-4.9558e-07 -3.40999e-07
1.22887e-06 6.9532e-07
-3.96512e-07 -6.38604e-07
-1.18008e-06 5.27019e-07
-1.22825e-06 3.56118e-07
-1.25713e-06 5.00419e-07
-1.27086e-06 -3.11579e-07
-1.20819e-06 3.41273e-07
-1.12649e-06 -1.96046e-07
-8.84019e-07 -2.45588e-07
-1.24619e-06 7.23594e-08
5.35956e-08 -3.15508e-07
-5.36055e-07 2.8555e-07
9.37525e-07 -6.41822e-07
-3.41529e-08 -6.68777e-07
-8.32422e-07 -2.69617e-07
5.3631e-07 -1.32292e-07
3.36676e-07 -5.50213e-07
-6.79186e-07 1.51247e-07
-1.40762e-07 -5.84527e-07
1.26751e-06 1.60711e-07
-1.05119e-06 1.34223e-07
4.72495e-07 -3.05615e-07
8.16591e-07 -5.15444e-07
