3.69523e-07 -6.3534e-07
6.80493e-07 -5.56086e-07
5.28945e-07 -3.73558e-07
-1.42268e-06 5.21528e-07
-1.21024e-07 -5.17245e-07
-8.77171e-07 3.7755e-08
-1.35e-06 6.62229e-07
9.49935e-07 1.56786e-07
1.29498e-08 6.43825e-07
-2.06074e-07 -4.74413e-07
1.32696e-06 -2.11917e-08
1.34429e-06 -6.68086e-07
2.65727e-07 -6.08118e-07
-9.9887e-07 6.97359e-07
-1.43802e-07 -2.80793e-07
-5.84767e-08 -6.2008e-08
-1.02422e-06 8.79949e-08
-6.72501e-07 -1.87743e-08
1.03683e-06 -3.29942e-07
9.03387e-07 3.46765e-07
7.39326e-07 8.75825e-08
-6.63363e-07 2.63526e-07
1.41271e-06 -6.6737e-07
-2.78754e-08 -4.81536e-07
-4.32658e-07 -6.08768e-07
-1.35506e-06 -3.39034e-07
-1.19247e-06 -3.31312e-07
3.88769e-07 5.57491e-07
1.28686e-06 2.91175e-07
-1.32712e-06 -4.51125e-07
4.72173e-07 6.18791e-07
-1.34722e-06 -5.30864e-07
1.31953e-06 -5.96498e-07
-1.26004e-07 5.91339e-07
1.11624e-06 4.0691e-07
-7.83717e-08 -2.81535e-07
6.99974e-07 5.10192e-07
-6.03924e-07 2.12236e-07
-5.3556e-07 -5.50931e-08
-7.20761e-07 -1.98084e-08
-7.89526e-07 -1.58615e-07
-1.14348e-06 -1.15364e-07
-1.25363e-07 -4.40738e-07
-4.84562e-07 -6.01945e-07
1.35839e-08 2.89097e-07
-2.02815e-07 -8.33833e-08
-1.4478e-06 3.06642e-07
9.85999e-07 6.30346e-07
-3.34193e-07 -2.84512e-08
-7.84614e-07 -2.30101e-07
-1.42046e-06 8.03386e-08
7.06423e-07 -3.4295e-07
-6.76266e-07 3.01566e-07
1.52217e-07 -2.99585e-08
-1.01889e-06 3.71821e-07
-1.27823e-06 -6.544e-07
2.28654e-07 6.581e-07
-3.61229e-08 -2.00211e-07
-1.35221e-06 3.94959e-07
6.09703e-07 3.03345e-07
1.09322e-07 -3.0207e-07
1.10693e-06 -3.81166e-07
1.06509e-06 2.65998e-07
-9.62872e-07 5.01061e-07
-1.36745e-06 1.46816e-07
1.30343e-06 1.5927e-07
-1.23315e-06 -6.02601e-07
5.6113e-07 -3.55875e-08
-9.26715e-07 2.81811e-07
-5.96034e-07 5.19073e-07
-5.95615e-07 1.37159e-07
1.14606e-06 -1.19407e-07
-4.35846e-07 6.99173e-07
-1.34896e-06 6.42937e-07
-1.26201e-06 -6.24119e-07
-1.1125e-07 5.53241e-07
2.21372e-07 8.61705e-08
4.39534e-07 -4.82073e-07
-2.6375e-07 5.1798e-07
1.95053e-07 -4.7904e-07
-1.37803e-06 -1.59746e-07
4.07992e-07 -2.1901e-07
1.44417e-06 -8.23685e-08
-3.53668e-07 -1.90631e-07
-9.15243e-07 -6.24033e-07
-7.64889e-07 4.48778e-07
-1.04347e-06 3.02298e-07
1.35822e-07 -2.75797e-07
-9.58507e-07 5.63498e-07
8.56674e-07 -4.67209e-07
9.69729e-07 3.72187e-08
1.7439e-07 -4.50357e-07
9.89405e-07 -4.52082e-07
-7.96032e-07 -5.5983e-07
-1.67406e-07 6.96794e-07
-2.49072e-07 2.09029e-07
-1.43638e-06 9.55321e-08
6.49399e-07 -4.05538e-07
9.49753e-07 -6.98593e-07
5.23443e-08 -6.79447e-07
6.33378e-07 3.72064e-08
4.56844e-07 -2.46069e-07
-9.77447e-07 -4.81038e-07
-2.0243e-08 9.30137e-08
-3.93886e-07 5.28394e-07
-1.37291e-06 7.85078e-09
2.60884e-07 4.54634e-08
1.51479e-07 -5.48849e-07
1.32285e-06 -4.38871e-07
-1.19795e-06 2.88271e-07
-2.1558e-07 1.48189e-07
2.64728e-07 -6.96119e-07
-5.76935e-07 -4.96762e-07
-7.01694e-07 9.92477e-08
1.31179e-06 3.2013e-08
8.92686e-07 5.99984e-07
8.43482e-07 -5.3396e-07
7.51636e-07 1.79115e-07
1.14646e-06 -5.45055e-07
2.38084e-07 2.56258e-07
-8.15533e-07 5.55987e-07
-8.77925e-07 9.82186e-08
1.07868e-07 -4.11506e-07
-1.63753e-07 2.21494e-07
1.44638e-06 1.77204e-07
-1.79587e-07 7.04343e-08
-1.00156e-06 6.99415e-07
8.57537e-07 2.7653e-07
6.12121e-08 3.47729e-07
-9.99486e-07 -1.83349e-07
2.37996e-07 2.41032e-07
1.26456e-06 -1.60971e-07
1.18859e-06 5.99571e-07
-5.31179e-07 3.80723e-08
3.34618e-07 -1.77405e-07
-9.05324e-07 -1.98875e-07
7.52142e-07 1.73638e-07
7.80688e-07 -4.74318e-07
-1.32271e-06 2.08682e-07
1.30027e-06 -8.61728e-08
7.1736e-07 6.08254e-07
1.04315e-06 2.55126e-07
3.91257e-07 -1.70844e-07
6.5709e-07 -6.54879e-07
-1.25673e-06 2.89837e-07
-2.6165e-07 3.8771e-07
-1.13439e-07 6.09482e-07
9.481e-07 3.57918e-07
-1.05238e-06 5.28662e-07
-9.52001e-07 -2.71124e-07
4.51731e-07 -2.07962e-08
1.25667e-06 6.89979e-08
9.17506e-07 5.48708e-07
-1.17958e-06 -5.05245e-07
1.87148e-07 1.95949e-07
-5.24811e-07 -4.68067e-07
-1.32668e-06 5.49478e-07
4.74367e-08 4.02737e-07
1.10765e-06 6.02037e-07
-1.24883e-06 3.32735e-07
-5.82631e-07 3.01168e-08
1.0534e-06 -2.43772e-07
-1.29819e-06 3.56074e-07
1.23702e-06 3.43545e-07
-1.16692e-06 1.45924e-07
-8.90403e-08 1.48303e-07
1.31149e-06 2.2256e-07
5.77851e-07 6.99157e-07
9.38361e-07 4.977e-07
-4.5672e-07 -6.33063e-07
1.14412e-06 -2.81129e-07
2.71397e-07 3.55343e-07
-6.00981e-07 -5.4584e-07
-6.45116e-07 -2.27503e-08
4.46817e-07 -5.17561e-07
1.26722e-06 2.79605e-07
-5.37112e-07 5.83145e-07
-1.3325e-06 2.67543e-07
3.82466e-07 -2.12274e-08
1.07639e-06 2.58254e-07
1.40268e-06 6.63142e-07
-4.52543e-07 5.77173e-07
5.97368e-07 5.10884e-07
-3.56338e-07 -1.13019e-07
8.52922e-08 -6.42808e-07
-1.41879e-06 -3.45355e-07
-1.07868e-06 1.35773e-07
6.34985e-07 1.14635e-08
1.27379e-06 5.85515e-08
1.76618e-07 -2.26302e-07
-9.47907e-07 5.14316e-07
1.43157e-06 -8.95917e-08
-6.98576e-08 -2.12699e-07
-8.40385e-07 -1.89845e-07
1.10913e-06 -5.64979e-07
-1.25371e-06 -1.94557e-07
9.19898e-07 -7.19544e-08
-4.96897e-08 5.63122e-07
-1.77164e-07 -5.94109e-07
-6.98912e-07 -3.85913e-07
2.02126e-08 4.88301e-07
-4.29247e-08 4.30214e-07
1.01833e-06 -6.63975e-07
1.0449e-08 3.53874e-08
-1.59639e-07 -4.64093e-07
-2.63054e-07 4.74795e-07
6.77756e-07 2.14153e-07
-4.2141e-07 2.9858e-08
6.09377e-07 3.92642e-07
5.25725e-07 -3.65168e-07
4.89936e-07 -2.53511e-07
1.32489e-06 1.47207e-07
-4.36921e-07 -1.17983e-07
-1.29742e-06 6.21046e-07
-4.6851e-07 -1.09319e-07
8.9622e-07 -6.70957e-07
-8.96738e-07 6.91343e-07
-1.36779e-07 -3.84111e-07
7.21585e-07 1.31049e-07
3.9402e-07 -3.00241e-07
-1.02739e-06 3.05478e-07
-1.20929e-06 -5.8672e-07
-3.36075e-08 -5.1132e-07
-5.68348e-07 -9.30999e-08
-1.98355e-07 -5.30581e-07
-2.6983e-07 -3.3576e-07
3.96875e-07 3.20272e-07
8.25742e-09 6.37529e-08
1.04811e-06 4.40654e-07
-4.59925e-07 4.27022e-07
-2.66248e-07 -2.52698e-07
8.46839e-08 3.04129e-07
-8.6581e-07 -6.46869e-07
-6.56622e-07 2.97897e-07
-1.90352e-07 1.92545e-07
3.16469e-07 3.55277e-07
4.54349e-07 4.38007e-07
1.3809e-06 1.88113e-07
7.12496e-07 -5.96743e-07
1.79834e-07 3.92927e-07
-3.35759e-07 -2.97742e-07
1.52627e-07 7.85754e-08
-3.17828e-08 -6.38351e-07
6.29023e-07 -1.13748e-08
4.98688e-07 -7.54783e-08
-1.05956e-06 -5.36978e-07
3.14588e-07 -8.63138e-08
1.06724e-06 2.44082e-07
-2.00502e-07 1.37548e-07
6.30924e-07 2.74618e-07
7.09495e-08 2.59029e-07
8.80062e-07 -2.03499e-07
-7.71127e-07 6.93696e-08
-3.80443e-07 -3.23526e-07
-2.48117e-08 1.03283e-07
5.31231e-07 -3.12261e-07
-6.94769e-07 -4.80234e-07
-1.35461e-06 1.74973e-07
-7.35187e-07 -6.07873e-07
4.05136e-07 6.98508e-10
4.80192e-07 4.39889e-07
-2.45452e-07 -2.99968e-07
-3.72765e-07 -3.24113e-07
1.09278e-06 4.74849e-07
1.16816e-06 -4.7951e-07
-1.28821e-06 -2.61451e-07
1.04824e-06 5.63667e-07
-4.632e-07 -6.9775e-07
1.12465e-07 -4.17441e-07
1.21392e-06 -2.36604e-07
-8.034e-07 -4.592e-07
-1.26144e-07 3.79169e-07
-7.98159e-07 1.87148e-07
-1.28766e-06 5.75019e-07
-1.10205e-06 3.40465e-07
2.62518e-07 6.46601e-07
1.17764e-06 1.84747e-07
-6.56757e-07 -6.66977e-07
-3.27746e-07 4.40166e-08
-4.55534e-07 -6.51078e-07
4.40842e-07 6.52964e-07
-6.7634e-07 -3.43585e-08
-8.34961e-07 -2.1032e-07
4.73988e-07 -4.19766e-07
5.32291e-07 -2.60187e-07
-1.61678e-08 6.16124e-07
-4.87649e-07 4.78392e-07
2.40307e-07 -5.39629e-07
6.52465e-07 -3.5871e-07
-1.03291e-06 5.75261e-07
-4.05793e-07 -3.28253e-07
-7.83103e-07 -2.92791e-07
-3.05456e-07 -3.43671e-07
-7.48958e-08 -4.87963e-07
-1.08247e-06 2.57919e-07
8.07711e-08 1.09159e-07
1.12093e-06 -4.71447e-07
2.69359e-07 2.98495e-07
7.93238e-07 -2.52235e-07
1.05412e-06 1.87124e-07
1.38654e-06 -4.50788e-07
-5.29164e-07 1.7231e-08
-1.16981e-06 4.89868e-08
7.62776e-07 -2.23301e-07
-2.48786e-07 -2.38839e-07
-6.32869e-07 -4.63217e-07
3.79251e-07 2.34722e-07
6.89929e-07 3.9882e-07
3.26708e-09 5.36618e-07
8.99217e-07 1.56326e-07
-4.48471e-07 -2.40616e-07
6.53704e-07 -5.47585e-07
1.31502e-06 -3.70702e-07
8.03747e-07 2.94798e-07
-3.1465e-07 3.86581e-07
-1.08529e-06 4.20979e-07
-1.07807e-06 -6.52957e-07
5.3681e-07 -5.1825e-07
5.57707e-07 4.32677e-07
4.56232e-07 6.35474e-07
1.30464e-06 5.92919e-07
-6.69462e-07 -3.27864e-07
5.15436e-07 -5.29977e-08
5.50772e-07 -4.02534e-07
3.17804e-07 3.60071e-07
4.99314e-08 -4.6727e-07
-1.12979e-06 2.08879e-07
1.23227e-06 5.01377e-07
-1.41099e-06 9.12776e-08
-7.55729e-07 -5.7732e-07
1.22644e-06 -6.24992e-07
-1.31162e-06 -3.87886e-07
2.74637e-07 4.82164e-07
-8.41258e-07 -2.26534e-07
-1.14296e-06 -6.17682e-07
1.35089e-06 6.22854e-07
-3.97183e-07 3.07077e-07
5.94712e-07 -1.84768e-07
1.41825e-06 -5.2062e-07
-1.08242e-06 1.19626e-07
-9.52233e-07 -4.51632e-07
4.55886e-07 -6.54796e-07
1.39559e-06 -1.9732e-07
5.09342e-07 -4.51734e-07
-4.58165e-07 4.42136e-07
-7.47616e-07 7.94173e-08
-3.14731e-07 3.89279e-07
1.39778e-06 2.41187e-07
-5.55968e-09 2.27823e-07
-7.58104e-07 5.37463e-08
-1.28589e-06 -8.7875e-08
4.53161e-07 -1.78523e-07
-3.26998e-07 -2.99737e-07
1.44991e-06 -2.64555e-07
2.59922e-07 5.22197e-07
1.33695e-06 2.64704e-08
-2.63786e-07 4.18999e-07
4.02757e-07 3.49076e-07
5.20829e-07 4.36744e-07
-1.1532e-06 2.83233e-07
1.26531e-06 -5.62187e-07
-1.03382e-06 6.38766e-07
7.91727e-08 -6.72874e-07
3.12451e-07 6.89818e-08
4.47574e-08 3.14821e-08
-3.93458e-07 4.75799e-07
-1.42688e-06 5.69849e-07
-3.08934e-07 5.92619e-07
-3.30786e-07 3.33744e-07
-6.94954e-07 -5.34856e-07
-1.39277e-06 -3.16734e-07
-4.7784e-07 -6.07444e-07
-5.42388e-08 -1.95077e-07
-7.98028e-07 -5.99979e-07
5.13208e-09 -2.07986e-07
1.03229e-07 -6.02942e-07
-1.4188e-06 -9.42713e-08
-6.29758e-07 5.27761e-07
-1.15474e-06 -6.76948e-07
-1.05156e-06 6.72816e-07
-1.31736e-06 1.43154e-07
6.35021e-07 2.89625e-08
-1.06377e-06 5.57078e-07
3.25196e-07 1.69673e-07
-2.42367e-07 -6.67441e-07
-1.0437e-06 -1.05787e-07
-7.75527e-07 -1.59768e-07
8.53726e-07 -3.13056e-07
2.5126e-08 -1.68151e-08
8.00677e-07 -4.18037e-07
1.58707e-07 6.02438e-07
-2.22288e-07 -5.58731e-07
-1.18983e-06 1.27515e-07
-1.41855e-06 -5.25212e-07
-8.40908e-07 2.81962e-07
6.69819e-07 -1.87525e-07
-2.23862e-07 -7.46443e-08
-1.10329e-06 2.08648e-07
1.17473e-06 -1.10125e-07
1.06891e-06 -4.61499e-07
8.534e-07 -1.778e-07
8.56216e-07 3.7758e-07
1.09025e-06 -2.19727e-07
1.31836e-06 -6.5565e-07
8.14267e-07 1.29093e-07
8.7803e-07 -9.03332e-08
1.19278e-06 1.47015e-07
-8.6588e-07 5.24549e-07
-8.75512e-07 -1.90213e-09
1.14331e-06 -1.40771e-07
1.12912e-06 1.21846e-07
-8.31455e-07 -3.66103e-07
-5.37325e-07 -9.49341e-08
-1.32943e-06 -4.93465e-07
-8.91144e-07 2.92499e-07
-5.19643e-07 -4.16144e-08
1.54222e-07 -5.47471e-07
9.53694e-07 3.39086e-07
7.28262e-09 -1.90949e-07
-5.86585e-07 3.39229e-07
-3.97123e-07 5.32552e-07
-6.66374e-07 -3.59307e-07
-8.97563e-07 -4.62451e-07
8.74844e-07 6.05225e-07
-4.60452e-07 -1.98193e-07
6.9701e-07 -6.13766e-07
-1.6534e-08 1.70759e-07
-8.94668e-07 -3.43674e-07
-5.8237e-07 2.099e-07
8.70191e-07 6.05986e-07
-1.2804e-06 -4.98678e-07
-1.3953e-06 2.93543e-07
1.88048e-07 -1.1764e-07
-6.63727e-07 -6.65688e-07
6.10125e-07 -1.23264e-07
-1.10583e-07 -5.74825e-07
-9.10067e-07 -3.29292e-08
-4.95936e-08 1.62775e-07
6.04795e-07 6.25164e-07
8.08919e-07 -1.07e-07
1.19946e-06 -5.6005e-07
-5.05276e-07 -1.41062e-07
-1.22152e-06 3.8073e-07
-2.51724e-07 5.09461e-07
-4.25812e-07 -4.67365e-07
-9.5157e-07 1.2447e-07
1.14715e-06 5.2838e-07
-6.72957e-07 6.70716e-07
7.5483e-08 -5.71473e-07
7.11901e-07 5.99761e-07
5.0534e-07 1.55074e-07
-1.37393e-06 -4.8333e-07
-4.84598e-07 -4.52621e-07
-1.19774e-06 -8.81691e-08
5.05629e-08 5.32523e-07
1.15342e-06 -6.74203e-07
9.71304e-07 -2.45733e-07
-6.26399e-07 -5.05661e-07
1.53862e-07 1.53021e-08
2.27043e-07 2.72636e-07
-1.36055e-06 6.26469e-07
-5.15027e-07 -3.14525e-07
-1.23976e-07 -5.89577e-07
1.42561e-06 4.71802e-07
-1.08719e-06 -3.98765e-07
-2.7337e-07 -5.51504e-07
1.20986e-06 -1.73256e-07
-1.25556e-06 -6.74963e-07
-8.36434e-08 -3.65233e-07
-5.25787e-07 5.63939e-07
2.2786e-07 5.812e-07
-9.17185e-07 5.71565e-07
1.10803e-06 -5.95083e-07
-8.63516e-07 -5.88701e-07
1.08097e-06 -3.0766e-07
4.09471e-07 -4.35319e-08
1.01883e-06 -6.56491e-07
4.66095e-07 9.85099e-08
3.46934e-07 1.69637e-07
-3.25242e-07 -4.76749e-07
-1.43397e-06 -5.2717e-07
-5.59073e-07 3.89389e-07
1.24337e-07 -1.31197e-07
8.26053e-07 -4.12632e-07
8.94942e-07 -6.27992e-07
1.02748e-06 2.86362e-07
2.33403e-07 6.1846e-07
1.193e-06 6.53669e-07
6.4974e-07 6.26831e-07
5.27474e-07 -5.98639e-07
-1.2486e-06 -1.73022e-07
9.82254e-07 3.65465e-07
1.46498e-07 -2.27222e-07
-1.35566e-06 1.64749e-07
6.43484e-07 -6.59409e-07
-8.45951e-07 -4.78476e-07
8.92217e-07 6.34278e-07
5.12522e-07 -5.01469e-07
7.91693e-07 6.173e-07
7.3211e-07 -6.53258e-07
