-1.46445e-07 -1.50617e-07
1.00385e-08 3.42373e-07
1.31695e-06 -1.59082e-07
-1.35424e-06 -8.53842e-08
1.17399e-06 -3.11448e-07
-4.58676e-07 4.48512e-07
-4.7019e-07 -3.24335e-07
-1.40625e-07 7.69008e-08
4.12077e-07 1.19353e-07
-1.42521e-06 2.31293e-07
4.09213e-07 -5.20091e-07
3.75922e-08 -1.73593e-07
-2.06153e-07 -4.20413e-08
-9.6453e-07 5.70821e-08
-2.7952e-07 -4.21313e-09
2.2499e-07 6.19779e-07
-7.23585e-07 4.74249e-08
1.54952e-07 -2.77377e-07
6.53954e-07 -1.44142e-07
1.99421e-07 2.12043e-07
1.31266e-06 -4.63728e-08
-9.60017e-07 4.61788e-07
-3.37181e-08 6.13794e-08
2.66275e-07 2.30075e-07
2.68084e-07 3.62691e-07
1.09586e-06 -5.27093e-07
-1.1559e-06 3.14731e-07
-5.3219e-07 -1.86724e-07
1.09339e-06 3.53416e-07
2.36376e-07 -3.48622e-07
-1.25552e-06 1.62802e-07
2.0494e-07 2.07995e-07
3.89314e-07 2.45902e-07
1.36994e-07 5.38817e-07
-7.1633e-07 3.74254e-07
9.39286e-07 2.12316e-07
1.19473e-06 -5.712e-07
8.88363e-07 6.32265e-07
9.04972e-07 2.15669e-07
-1.44933e-07 -8.55591e-08
1.0776e-06 7.03924e-08
-1.06171e-06 7.14215e-08
1.32176e-06 -1.88546e-07
8.14486e-07 3.70312e-07
5.83466e-07 5.82386e-07
-3.07068e-07 4.29906e-07
-4.105e-07 -2.13956e-07
-4.13114e-07 3.09434e-07
-7.11886e-07 1.87894e-08
6.70993e-07 3.9667e-07
1.2374e-06 -3.39999e-07
2.0173e-08 2.03173e-07
1.21208e-06 -2.69697e-07
-1.10322e-06 2.39332e-07
6.49551e-07 4.5749e-07
1.34823e-06 7.60318e-08
1.06748e-06 -4.49278e-07
4.91136e-07 6.08197e-07
-8.05922e-07 -3.0783e-07
-1.12351e-07 -1.50109e-07
-7.05033e-07 5.63572e-07
-2.33286e-07 -5.19604e-07
6.49652e-07 -3.63343e-07
-5.98414e-07 3.63711e-07
4.08031e-07 6.71958e-08
-3.55283e-07 -3.59247e-07
-1.09561e-06 -6.58095e-07
6.05147e-07 4.01405e-07
-1.33874e-06 4.08175e-07
9.73326e-07 -5.3308e-07
-4.37228e-07 4.01178e-07
5.62007e-07 -6.48994e-07
-5.61726e-07 4.04046e-07
-9.72864e-07 4.85097e-07
3.23615e-07 -2.0593e-07
-8.99503e-07 -3.47424e-07
-2.75611e-07 3.63155e-07
1.73529e-08 -4.514e-07
-8.14463e-08 -2.04559e-07
4.70629e-07 -4.36216e-07
1.33776e-06 1.52151e-07
-5.53082e-07 -2.72096e-08
6.20518e-07 -6.88796e-07
-8.28509e-07 -3.47051e-08
5.76055e-07 -6.64825e-07
-1.31818e-06 2.83083e-07
7.94263e-07 -6.12602e-07
-5.17218e-07 3.90296e-07
1.16508e-06 -4.98645e-07
-3.24931e-07 5.23037e-07
6.85569e-07 -6.90436e-07
-4.48531e-07 4.74556e-07
-7.76309e-07 3.1687e-07
5.88431e-07 3.3574e-07
5.05017e-07 -5.7014e-08
1.22743e-06 2.20827e-07
1.00561e-06 -5.29774e-07
-6.53265e-07 -5.05549e-07
-8.73459e-07 -5.11769e-07
1.01716e-06 -3.67713e-07
-6.95897e-08 4.11234e-07
-2.33006e-07 -1.96999e-07
-2.46075e-07 -4.29852e-07
3.71931e-07 -2.48628e-07
1.40033e-06 6.40093e-07
7.49911e-07 -3.26169e-07
7.39147e-07 -5.89239e-07
-1.19292e-06 -4.92442e-07
-1.41672e-06 -1.02405e-07
1.85381e-07 -6.801e-07
-2.8669e-08 -1.92057e-07
1.379e-06 -6.44167e-07
5.85199e-07 1.91764e-08
-3.972e-07 -1.52925e-07
1.08464e-06 -4.30762e-07
1.54332e-07 -4.11223e-07
5.83279e-07 -6.29427e-07
4.18839e-07 3.56945e-07
1.42518e-06 -5.87683e-07
-1.33454e-06 5.39582e-07
-1.20481e-06 -4.50908e-07
6.68351e-07 -5.08967e-07
-5.45519e-07 6.69011e-07
-1.30935e-06 -1.66811e-07
-3.36948e-07 4.68809e-07
-7.22387e-07 -6.40723e-08
-6.24855e-07 4.60429e-07
-6.45793e-08 2.36315e-07
-7.25379e-07 -2.59314e-07
-1.91836e-07 4.80078e-07
1.39047e-08 2.31064e-07
3.12784e-07 -4.43651e-07
1.41677e-06 4.18488e-07
1.40627e-06 3.30646e-07
4.32632e-07 2.54931e-07
1.21161e-07 5.72527e-07
6.10115e-07 -4.90239e-07
-4.45846e-07 -4.06013e-07
7.36059e-07 1.78527e-07
-3.12736e-08 -7.73997e-08
-1.39039e-06 -4.07958e-08
-6.83119e-07 3.75011e-07
-4.97116e-07 -6.6817e-07
-3.3586e-07 5.23403e-07
3.73403e-07 -6.09579e-07
-1.04201e-06 3.92014e-08
7.11601e-07 5.39416e-07
-2.75704e-08 -1.24625e-07
-1.80693e-07 -6.28943e-09
6.54859e-07 -4.45673e-07
-1.01278e-06 3.87035e-07
4.58219e-07 5.52337e-08
-4.1251e-07 4.00468e-07
2.26797e-07 -4.43416e-07
-6.35759e-07 -3.16126e-07
-1.48414e-07 -5.04905e-07
-7.5898e-07 -4.55389e-07
-7.26988e-07 -6.29948e-07
9.48284e-07 -4.28887e-07
-4.9924e-07 -4.25782e-07
1.24616e-06 -1.36135e-07
-7.29887e-07 2.13075e-07
-5.62236e-07 6.23559e-07
-9.0837e-07 5.07289e-07
1.23491e-07 2.50037e-07
-9.39573e-07 -1.50023e-07
-5.99013e-07 2.48563e-07
-1.038e-06 6.77936e-07
1.07726e-06 -8.34655e-08
-4.8444e-08 -5.58471e-07
7.17812e-07 -2.10532e-08
1.54637e-07 6.51397e-07
-1.21402e-06 2.31913e-07
5.55165e-07 1.78294e-07
8.37337e-07 4.4746e-07
-1.38252e-06 4.53617e-07
-8.63075e-07 -3.00355e-07
1.38398e-06 -3.21722e-07
-8.80069e-07 -2.63145e-07
9.42543e-07 -4.00926e-07
-2.02725e-07 3.23818e-07
7.68662e-08 1.9922e-07
-3.56692e-07 5.4786e-10
-7.75792e-07 3.50386e-07
8.196e-07 -7.02632e-08
4.14701e-07 -6.11515e-08
-2.00698e-07 -2.0274e-07
1.02151e-06 6.95916e-07
3.04143e-07 4.6485e-07
-1.23589e-06 -6.74909e-07
3.87516e-07 -4.82405e-07
1.3972e-08 2.78663e-08
-1.00911e-06 -5.27853e-07
-8.91199e-07 -2.30905e-07
-8.82554e-07 3.16364e-07
1.22251e-06 -1.69902e-08
9.72656e-07 -4.69795e-07
9.7815e-07 -5.69592e-07
5.3093e-07 -1.50202e-07
2.91621e-07 5.81116e-07
-1.06822e-06 -4.95721e-07
-7.23752e-07 1.81498e-07
-4.46399e-07 -3.97561e-07
8.64119e-08 3.58848e-07
8.54019e-07 2.6831e-07
7.48648e-07 1.56851e-07
6.41782e-07 -5.18402e-07
7.14032e-07 -4.31716e-08
-4.84555e-07 3.50407e-07
8.15785e-08 4.38357e-07
1.64572e-07 2.02239e-07
-1.26649e-06 -3.55942e-07
-8.30168e-07 1.56508e-07
-8.52882e-09 3.28624e-07
1.18938e-06 -6.87842e-07
1.27213e-06 6.05295e-07
-1.06091e-06 -1.74579e-07
5.92326e-07 8.42923e-08
-5.3851e-07 5.08748e-07
-1.78522e-07 1.81418e-07
1.10988e-06 6.27984e-07
4.69845e-07 -3.5e-07
-1.21429e-06 -1.57103e-07
-3.33535e-07 3.1657e-07
-6.94877e-07 3.62493e-07
5.75774e-07 6.8433e-07
5.50189e-07 4.87626e-07
-1.40612e-06 -4.31295e-07
-3.28002e-07 6.16169e-07
4.75248e-07 -2.12912e-07
8.50427e-09 -5.93988e-07
4.69154e-07 -4.90647e-07
6.04967e-07 1.8769e-07
-8.7257e-07 -3.33066e-07
-4.87108e-07 -4.05544e-07
-5.34103e-07 -6.9615e-07
-2.27119e-07 4.49485e-07
-7.23067e-07 2.54278e-07
2.96367e-07 1.41433e-07
8.3676e-07 -1.11646e-07
1.17546e-06 -4.82628e-07
1.65571e-07 -5.83191e-07
-1.6641e-07 4.02994e-07
-5.05694e-07 5.83456e-07
1.33253e-06 3.46506e-07
7.24765e-07 -6.1989e-07
8.16037e-08 -3.81059e-07
1.44999e-06 5.75438e-07
-9.41462e-07 -6.29864e-07
7.50597e-09 6.65317e-08
1.01811e-06 4.72328e-07
-7.60149e-07 1.4289e-07
2.0825e-07 -5.69803e-07
-4.41841e-07 5.6603e-07
1.21969e-06 -4.81073e-07
-1.21648e-06 6.66805e-07
3.83457e-07 -5.01095e-08
7.4041e-07 -2.582e-07
-8.64339e-07 -3.90882e-09
-1.02847e-06 -1.02064e-07
-5.40555e-07 2.86105e-07
9.09189e-07 -2.2658e-07
-1.08091e-06 -1.93181e-07
-1.04629e-06 -1.32945e-07
-5.19032e-07 -6.89112e-07
-1.20582e-06 3.85373e-07
-4.33824e-07 4.33597e-07
1.01557e-06 1.31443e-07
-9.75228e-07 6.41239e-08
-7.22564e-07 -2.07503e-07
-4.85032e-07 -6.60552e-07
3.90849e-07 3.43185e-07
-7.00775e-07 3.5116e-08
-2.8537e-07 -5.06948e-08
6.15904e-07 2.52739e-07
-2.2038e-07 -6.09779e-07
-3.03782e-07 -2.83605e-08
9.05649e-07 4.43098e-07
-8.72046e-07 2.4761e-07
4.73779e-07 5.46783e-07
1.35094e-06 -1.2666e-07
6.26867e-07 -3.44068e-07
-2.76032e-07 -3.08556e-07
1.13771e-06 -2.1165e-07
8.70864e-07 2.94138e-07
-3.7297e-07 -3.10241e-07
-4.34791e-07 5.41703e-07
2.6746e-07 6.66723e-07
9.10772e-07 -2.57863e-07
1.0048e-06 2.72752e-07
-9.87188e-07 -6.73527e-07
-5.89468e-07 1.8224e-07
7.88826e-07 -6.59308e-07
5.41429e-07 -2.9818e-07
-5.36555e-07 3.16741e-07
-8.91211e-07 2.74043e-07
1.31477e-06 2.43122e-08
3.81281e-07 9.79081e-08
1.29366e-06 -3.93997e-07
7.31099e-08 3.95196e-07
-1.76051e-07 5.5259e-07
-1.3725e-06 6.4694e-07
-7.56078e-07 6.6446e-07
-2.70924e-07 5.22267e-07
1.09247e-07 -5.92322e-07
3.04793e-08 -4.48685e-07
8.27114e-08 -5.89387e-07
-1.27747e-06 4.87065e-07
-3.65907e-07 6.49803e-07
4.35579e-07 -5.02013e-07
-1.02706e-06 -2.25527e-07
8.1803e-07 5.81827e-07
5.57234e-07 6.12215e-07
8.10127e-07 2.54435e-07
2.8254e-08 -1.75419e-07
1.00579e-06 2.6854e-07
1.33901e-06 1.0336e-08
-1.28128e-07 5.5135e-07
-1.29759e-06 6.65501e-07
3.36029e-07 -3.95659e-07
-4.5799e-08 2.79324e-07
3.95852e-07 6.83636e-07
-2.591e-07 5.86579e-07
1.20557e-07 -1.17421e-07
-1.47549e-07 -2.378e-07
1.29217e-06 -1.74685e-07
-1.9067e-07 -6.31088e-07
3.89148e-08 2.43293e-07
1.29656e-06 -2.44847e-07
1.33736e-06 3.89398e-07
1.33171e-06 3.98954e-07
1.35936e-06 6.097e-07
1.86161e-07 -1.43538e-07
-9.86525e-07 -2.53097e-07
-4.79654e-07 -2.64074e-07
-7.38188e-07 2.50685e-07
-1.11878e-06 -3.52634e-07
8.70238e-07 2.26407e-07
1.12094e-06 8.76361e-08
-4.16151e-07 -1.62326e-07
-5.84008e-07 -2.53859e-07
-8.27884e-07 1.51632e-08
-1.20101e-06 -2.69907e-07
-2.06222e-07 -5.51277e-08
4.457e-07 -7.95816e-08
-1.7971e-07 -3.97236e-07
-1.0184e-06 -4.28602e-07
1.26138e-06 1.60147e-07
7.1577e-07 -3.57786e-07
-4.42564e-07 3.04893e-07
-5.34704e-08 -8.81022e-08
1.28286e-07 5.12562e-07
-1.57261e-07 -1.52716e-07
7.06774e-07 -6.73032e-07
1.09416e-06 5.47961e-07
1.19908e-06 -2.31454e-07
-1.32261e-06 -4.09777e-07
-5.79662e-07 -2.36071e-07
-8.98431e-07 6.29032e-07
5.86405e-07 3.66648e-08
-1.26986e-06 -2.17384e-07
2.96217e-07 4.46722e-07
-7.37635e-07 3.67165e-07
-1.32263e-06 -2.70299e-07
1.25916e-06 -1.43282e-07
5.87143e-07 -4.54048e-07
4.17479e-07 5.55357e-08
-1.65173e-07 -3.19653e-07
-2.22613e-07 3.28875e-09
-1.29184e-07 4.75575e-07
-2.94896e-07 4.81815e-07
-9.03123e-07 4.18227e-07
-4.17269e-07 -7.5497e-08
-1.08362e-06 -6.47792e-07
2.21696e-07 -4.08797e-07
5.43191e-07 -5.05984e-07
-1.13041e-06 -2.10429e-07
-6.30714e-07 2.42984e-07
-1.6895e-07 5.38197e-07
6.13517e-07 4.32399e-07
1.24622e-06 6.09377e-07
-5.26323e-07 -1.16635e-07
7.45586e-07 -6.87519e-07
2.49171e-08 -4.23703e-07
9.24505e-08 3.21427e-07
3.97187e-07 2.93545e-08
1.33662e-06 5.71969e-07
6.97687e-07 -3.23447e-08
8.07603e-07 -2.58112e-07
1.17489e-06 5.24133e-07
1.88426e-07 -2.50668e-07
1.80061e-07 3.84178e-07
1.36342e-06 -5.69028e-07
4.3609e-07 3.0186e-07
-1.07983e-06 1.13177e-09
2.24182e-07 -2.51869e-07
1.89818e-07 -4.79565e-07
3.82579e-07 -5.07636e-07
3.0469e-07 -2.7183e-07
-1.03492e-06 -3.0344e-07
3.96598e-07 6.03686e-07
2.57757e-07 -6.86048e-07
1.38258e-06 6.26292e-07
8.05855e-07 -1.53074e-07
-1.24574e-06 -6.09254e-07
-5.96366e-07 -2.54343e-07
-3.21615e-07 5.80046e-07
5.04491e-07 -2.58888e-07
5.57455e-07 -2.80105e-07
-8.10787e-07 -1.89775e-07
-3.12089e-07 2.70919e-08
-9.54414e-07 6.40377e-07
9.23658e-07 4.26847e-07
-1.12114e-06 -4.85899e-07
-9.40474e-07 1.52864e-07
-6.85578e-08 4.65521e-07
-1.01767e-06 -5.81643e-07
-6.8587e-07 -4.33438e-07
-4.21951e-07 -1.83501e-07
-1.16368e-06 2.81137e-07
-5.8794e-07 -1.73555e-07
-8.71451e-07 2.52184e-07
3.79744e-07 5.73914e-07
-1.47908e-07 -1.57833e-07
8.82889e-07 4.6192e-07
3.16833e-07 -4.37078e-07
7.83341e-07 3.49148e-07
4.16365e-07 -6.87415e-07
5.24084e-07 -4.69925e-07
-2.4908e-07 4.29298e-07
1.08393e-06 -6.18441e-07
-1.58834e-07 7.05081e-09
1.02531e-06 -2.10688e-07
4.00936e-08 5.3387e-08
6.15555e-07 2.16753e-07
5.23893e-07 -2.03641e-07
1.1648e-06 -1.69476e-07
-3.8016e-07 5.07613e-07
7.38743e-07 1.86028e-07
1.36658e-06 -8.85428e-08
-1.19451e-06 -5.23745e-07
-1.04376e-06 -2.63062e-07
-1.84878e-07 -1.05172e-07
-1.01882e-06 -6.07462e-07
-5.06636e-07 -2.91443e-07
-1.18389e-06 -3.09675e-07
1.30922e-06 -1.14974e-08
-6.93825e-07 -3.83676e-07
1.23552e-06 3.71199e-07
8.99554e-07 -4.84695e-07
-1.22393e-06 4.58318e-07
-9.96229e-07 -1.12368e-07
5.29551e-07 9.49176e-08
5.45705e-07 3.74793e-07
-9.1701e-08 -9.99062e-08
-6.5923e-07 2.96512e-08
1.02751e-07 1.21417e-07
3.54873e-07 -1.52752e-08
4.56293e-07 -1.10752e-07
-1.39619e-06 3.0501e-07
-1.41646e-06 6.5574e-07
-9.918e-08 -4.10115e-07
-6.63035e-07 3.73323e-07
5.89031e-07 -3.01509e-07
-7.11983e-08 1.57481e-07
-1.38297e-06 2.48604e-07
8.89923e-07 3.40935e-07
1.09435e-06 -2.06251e-07
6.71489e-07 -3.69182e-07
-4.65531e-07 6.04395e-07
2.56468e-08 4.80637e-07
1.20083e-06 1.01611e-07
-1.05807e-06 1.18326e-07
1.54764e-08 -5.89877e-07
-1.10086e-06 1.17493e-07
1.18371e-06 -5.73767e-07
-1.40683e-06 -2.1614e-07
1.06551e-06 2.87002e-08
4.01354e-07 -6.51728e-07
1.20743e-06 2.94584e-07
-2.47279e-07 6.43822e-07
9.76527e-08 9.97703e-08
3.88268e-07 4.62068e-07
-1.17523e-06 -5.64778e-07
-1.06513e-06 6.27684e-08
9.32374e-07 -4.33922e-07
1.04076e-06 3.16173e-07
-2.70881e-07 4.14639e-07
-1.24798e-06 5.88631e-07
1.01087e-06 -2.29369e-07
6.22309e-07 -3.55537e-07
4.44667e-07 -1.1597e-07
4.01004e-07 -9.21872e-08
-1.29746e-06 6.85183e-07
1.05537e-08 -5.78138e-07
-1.92576e-07 -5.14834e-07
1.37524e-06 2.44043e-07
5.23161e-07 -1.34746e-07
1.40037e-06 1.91809e-07
6.49287e-08 3.27928e-07
