-8.07451e-07 -5.93293e-07
4.31152e-07 -6.86038e-07
-9.15224e-07 -3.40924e-07
-1.03351e-06 2.8233e-07
8.3393e-07 -4.14166e-07
-1.21723e-06 -6.57906e-07
-2.94318e-07 -1.90025e-07
5.81339e-07 3.6801e-07
-7.74556e-07 2.7839e-07
1.26992e-06 4.25698e-08
1.80201e-07 1.2392e-07
-1.54883e-08 3.87126e-07
5.5873e-07 3.44822e-07
-6.93649e-09 1.08667e-07
1.24056e-06 -3.26168e-07
1.43514e-06 3.43835e-07
-6.80569e-07 -2.28512e-07
-4.19489e-07 6.25642e-07
-1.34701e-06 -2.21972e-07
-2.5211e-07 -1.93797e-07
-1.73628e-08 4.09324e-07
-8.39727e-07 -5.16444e-07
8.04843e-07 -1.85714e-07
8.08339e-07 -3.15712e-07
-9.42849e-07 -6.93936e-07
-6.12401e-07 1.71506e-07
-9.69358e-07 -3.05555e-07
7.61511e-07 -5.8162e-07
2.48288e-07 -1.32651e-07
5.57926e-07 -3.56271e-08
-4.39503e-07 1.8235e-07
6.44858e-07 3.97536e-07
1.3614e-06 -5.36091e-07
-9.59385e-07 -2.2614e-07
5.42649e-07 2.42807e-07
2.08587e-07 5.16811e-07
-8.76388e-07 6.51347e-07
1.10198e-06 1.81419e-07
-6.27492e-08 3.7379e-07
1.40539e-06 -4.91164e-07
-5.01684e-07 2.23247e-08
-3.82878e-07 -1.01425e-07
-9.16199e-07 1.20615e-08
3.52805e-07 1.19461e-07
-1.43823e-07 -6.27959e-07
5.5319e-07 2.45243e-07
-1.09737e-06 2.34191e-08
-3.58224e-07 5.34114e-07
1.29705e-06 -6.767e-07
1.20324e-06 1.85005e-07
-1.23068e-06 -6.7317e-07
-1.09509e-06 -5.07323e-08
-8.96224e-07 4.55357e-08
-1.06271e-06 -7.22504e-08
-1.28571e-06 5.1007e-07
2.42693e-07 -3.09982e-07
6.46175e-07 2.71676e-07
-1.97452e-07 3.03832e-07
-5.92466e-07 5.39028e-07
-1.54479e-07 -2.72403e-07
-7.94722e-07 4.75075e-07
-7.44399e-07 6.01341e-07
-2.99282e-07 -4.99619e-07
1.15393e-06 -6.16635e-07
7.40008e-07 6.50837e-07
4.59308e-07 -2.20524e-07
1.05944e-06 5.97246e-07
9.05043e-07 4.31801e-07
-8.44038e-07 3.53835e-07
3.79729e-08 -6.59436e-07
-6.21085e-07 2.75467e-07
9.61235e-07 6.67529e-07
-9.83584e-07 -6.61738e-08
-9.47123e-07 -7.37878e-08
9.72467e-07 -5.59385e-07
-9.31833e-08 6.04464e-08
1.04986e-06 -1.06451e-07
-1.05254e-06 2.51969e-07
-5.09003e-07 1.88044e-07
-1.00472e-06 5.20211e-08
-1.39216e-06 -2.85706e-07
-1.13193e-06 -6.47052e-07
1.30902e-06 -4.6375e-07
-6.1061e-07 -6.71529e-07
3.25627e-07 -5.56224e-07
8.09914e-07 -4.42319e-07
-5.83498e-07 -6.84542e-07
5.85581e-07 -1.5644e-07
-4.72266e-07 5.17654e-07
7.06016e-07 -2.11593e-07
1.31073e-06 -5.25791e-07
6.42356e-09 4.55068e-07
-4.20035e-08 4.22604e-07
1.17795e-06 5.48072e-07
6.51958e-07 -5.18148e-07
1.48169e-08 -4.89146e-07
5.00032e-07 -3.61711e-07
-8.45717e-07 6.10695e-07
-5.87846e-07 -6.13533e-08
-1.18625e-06 5.42361e-07
