1.35425e-06 -3.18916e-07
-8.57548e-07 3.24974e-08
-8.71184e-07 -8.12569e-08
-4.37809e-07 -1.59637e-08
-6.95037e-07 1.23489e-08
6.46677e-07 5.01196e-07
2.44614e-07 2.95808e-07
1.37843e-06 2.54942e-07
5.11638e-07 1.1655e-07
1.15911e-06 -6.98207e-07
-1.00313e-07 3.89865e-07
-8.01343e-07 5.39435e-07
-7.97961e-07 5.54906e-07
-4.29688e-07 -5.24032e-07
3.73552e-07 5.36847e-07
-7.14408e-07 -7.47857e-08
-5.68408e-07 1.02254e-07
-2.63725e-08 -7.08688e-08
1.19614e-06 3.26161e-07
-1.40477e-06 5.45892e-07
1.24481e-06 6.01353e-07
-2.43813e-07 7.7863e-08
1.08767e-06 4.28374e-07
-5.12598e-07 4.94927e-07
-1.23335e-06 -2.77839e-07
1.19863e-07 -4.40868e-07
-1.56301e-07 -5.66327e-07
3.36806e-07 3.07076e-07
1.0192e-06 -5.02469e-07
-3.08052e-07 3.96569e-07
-1.31678e-06 -4.2174e-07
9.29383e-07 1.3275e-07
-4.28353e-07 -6.16346e-07
1.13491e-07 -4.74992e-07
-6.51208e-07 4.32003e-07
1.09424e-06 -4.60054e-07
3.15787e-07 -1.48944e-07
-5.81909e-07 3.12812e-08
4.58558e-07 -5.54299e-07
-2.87458e-07 -3.01697e-07
4.97425e-08 5.74268e-07
-3.65763e-07 -4.40161e-07
-4.22705e-07 5.0722e-07
-8.31465e-07 -1.72793e-07
6.59347e-07 6.55088e-08
-4.80082e-07 -5.93684e-09
6.22409e-07 5.55187e-07
1.26211e-06 3.94203e-07
-8.75086e-07 -1.26511e-07
6.69196e-07 2.7626e-07
1.21828e-07 -6.29504e-07
-1.09996e-06 2.69575e-07
-1.12302e-06 -6.01336e-07
-7.9311e-07 1.10271e-07
-8.85981e-07 -3.66807e-07
5.8841e-07 5.49003e-07
8.88488e-08 -3.34152e-07
-4.81803e-07 -1.2219e-07
2.01494e-07 2.44976e-08
-3.19559e-07 4.90811e-07
2.16443e-07 6.68841e-07
-2.74541e-07 6.90813e-07
-4.86108e-07 9.0815e-08
2.81686e-07 -6.56342e-07
-9.38305e-07 6.12315e-08
-1.14734e-06 4.6728e-07
9.64443e-07 6.84045e-07
7.4659e-07 4.10322e-07
-1.22216e-07 4.15679e-07
-4.80118e-07 2.39856e-07
-1.27318e-06 -6.87811e-07
-2.66922e-07 2.54293e-07
-6.40766e-07 -4.12161e-07
-1.28668e-06 -6.68064e-07
-1.02187e-06 -5.23372e-07
1.04779e-06 3.72035e-07
8.0492e-07 4.02341e-07
2.95898e-07 1.62922e-07
8.11551e-07 5.10708e-07
-8.69614e-07 6.96421e-07
1.12954e-06 3.31424e-07
-4.9612e-07 -1.85995e-07
-5.62645e-07 -2.09063e-07
1.19924e-06 1.09026e-07
-1.25212e-06 3.31446e-07
3.35489e-07 4.39408e-07
4.37798e-07 1.40944e-07
-5.98407e-08 1.72501e-08
-2.02485e-07 1.90137e-07
1.07568e-07 5.23215e-07
1.11331e-06 -2.10632e-07
1.43915e-06 -2.58874e-07
-9.69589e-07 6.77047e-07
-1.44297e-06 3.53145e-07
-1.13557e-06 -3.31802e-07
4.03639e-08 4.7998e-07
9.84432e-07 1.01124e-07
1.17141e-06 -1.38906e-08
1.2734e-06 -7.96062e-08
-9.00448e-07 2.15384e-07
