-1.88803e-07 -3.80129e-07
1.53753e-07 1.05616e-07
-4.39004e-07 -3.76781e-07
-4.34654e-08 2.69108e-07
1.48252e-07 5.72837e-07
1.04455e-07 2.4439e-07
5.90655e-08 3.87944e-07
9.67572e-07 -4.07444e-07
-1.00117e-06 -3.08404e-08
-1.42936e-06 -4.12323e-07
-1.02452e-06 2.25018e-08
-9.7479e-09 5.61642e-07
-3.03448e-07 6.65504e-07
1.39287e-07 -3.32358e-07
-1.6443e-07 4.76973e-07
-4.26299e-07 3.32123e-07
-4.98745e-07 -5.6513e-07
-7.31378e-07 3.17495e-07
-1.15801e-06 -3.47812e-07
-7.60804e-07 1.22501e-07
1.17399e-06 6.71136e-07
-1.11232e-06 1.41239e-07
-9.18519e-07 4.16244e-07
-1.99372e-07 -2.84077e-08
-9.4976e-07 -7.52465e-08
3.85995e-09 1.65387e-08
-9.02516e-07 5.24439e-07
4.96807e-07 5.57226e-07
8.39854e-07 6.89989e-08
-4.58636e-07 2.17339e-07
-1.35176e-06 -4.37065e-07
1.55487e-07 5.9191e-08
1.40163e-06 5.82703e-07
3.36114e-07 -6.59603e-07
1.26189e-06 -1.00817e-07
-9.44604e-07 -3.88697e-08
-1.35435e-06 -6.75748e-07
-1.72047e-07 -2.90461e-07
-1.03636e-06 -5.48661e-07
7.75758e-07 -2.9092e-07
-4.32838e-07 -6.74249e-07
-8.86695e-07 -3.80466e-07
2.92887e-07 2.05571e-07
-1.3486e-06 -5.76543e-07
6.24371e-07 -5.98326e-07
-6.67335e-07 -9.63321e-08
1.73047e-07 -2.73772e-07
9.40779e-07 -1.57275e-07
9.58307e-07 4.24133e-07
-1.01182e-06 -3.16457e-07
-4.81949e-07 -2.2436e-07
5.69147e-07 3.61793e-07
-6.14638e-07 -3.53813e-07
-1.36113e-06 -6.06057e-07
9.99574e-07 6.17444e-07
-9.39002e-07 -1.18534e-07
1.80031e-07 -6.07621e-07
-5.25299e-07 3.55242e-07
1.38215e-06 6.82355e-07
-5.85885e-07 -4.98681e-07
1.14366e-06 2.5371e-07
-2.76377e-07 -4.71269e-07
6.28816e-07 6.59699e-07
-6.29059e-08 -6.98803e-07
1.26886e-06 5.50631e-07
1.22639e-07 -6.26373e-07
-5.53949e-07 4.19692e-07
6.7915e-07 -3.97506e-08
-9.96464e-08 6.63093e-07
9.6705e-07 -1.38041e-08
-8.83453e-07 6.33542e-07
9.96272e-08 -6.58778e-07
-1.29504e-06 1.48201e-07
4.00366e-07 3.75315e-07
3.28633e-07 6.36102e-07
-9.5278e-07 -1.0124e-07
-6.43293e-07 -4.31234e-07
8.43403e-07 -3.94244e-08
3.78345e-07 7.87011e-08
1.08212e-06 6.74103e-07
-5.2236e-07 2.61107e-07
7.6377e-07 -6.60591e-07
1.0333e-06 -5.62946e-07
8.68816e-07 3.864e-07
-3.67072e-07 -2.56899e-07
8.67214e-08 -3.91081e-07
-7.51972e-07 2.4737e-07
-2.19127e-07 5.27458e-07
1.13141e-06 -6.08771e-07
-9.87492e-08 1.14758e-08
1.03254e-06 4.61629e-07
2.01928e-07 1.48747e-07
9.01893e-07 2.96433e-07
8.00135e-07 -4.26727e-07
1.0234e-06 3.54671e-07
-1.16171e-06 -9.77708e-08
5.1908e-07 -1.52002e-07
-2.22119e-07 3.97166e-07
-9.79767e-07 1.19064e-07
-1.38122e-07 1.95579e-07
8.52127e-07 6.92126e-08
-3.87609e-07 -6.58799e-07
-5.55306e-07 -3.60337e-07
-8.67995e-07 2.19832e-07
3.67722e-07 -6.14175e-08
-5.89291e-07 -2.59868e-07
3.30788e-07 4.15461e-07
-3.43588e-07 -4.60697e-07
-3.81138e-07 4.37287e-07
3.12181e-07 5.70744e-08
1.23883e-06 -6.2064e-07
2.80543e-07 1.11719e-07
1.43347e-06 -7.73049e-08
9.85225e-07 -6.64357e-07
-2.58311e-08 -1.96254e-07
1.01032e-06 -3.08914e-07
-3.72661e-07 2.79194e-07
-1.11823e-06 -4.11501e-07
3.85826e-07 -6.27488e-07
6.64713e-07 -2.12585e-07
8.2719e-07 5.00533e-07
-1.24833e-06 -2.96145e-07
-8.24721e-07 -3.91986e-08
4.5651e-07 -6.72208e-07
9.35096e-07 -5.88804e-07
-5.05525e-07 -6.87772e-07
-5.83816e-07 1.74092e-07
-1.39784e-06 -9.89655e-08
-1.36936e-07 6.76377e-07
7.20238e-07 4.38668e-07
7.22318e-07 1.25496e-07
-8.2174e-07 4.43458e-07
1.40681e-06 7.90664e-08
2.04144e-07 -1.04484e-07
8.60965e-07 6.29333e-07
1.36012e-06 3.49058e-07
-6.04497e-07 3.87477e-07
-8.14096e-07 2.59041e-07
6.83094e-07 3.24486e-07
-4.05994e-07 3.20144e-07
1.92672e-07 6.47962e-07
2.85829e-07 -6.16089e-08
-8.72181e-07 1.19907e-07
8.58423e-07 -6.57841e-07
-9.74709e-07 1.6244e-07
-1.08973e-06 -4.93456e-07
3.56392e-07 6.42596e-07
-6.36959e-07 4.5809e-07
3.49443e-07 6.912e-07
-1.27119e-06 -4.43726e-07
1.05336e-06 -9.35944e-08
4.84083e-07 6.06846e-07
6.50742e-08 -1.76542e-07
-8.31369e-07 -3.10776e-07
6.74602e-07 4.08905e-07
7.0556e-07 -1.91179e-07
-7.74033e-07 -4.56532e-07
-8.96817e-07 1.82312e-07
1.35448e-06 -5.55707e-07
1.42285e-07 2.19559e-07
1.26806e-06 2.2561e-07
1.32104e-06 -4.17867e-08
-1.07984e-06 6.34583e-07
1.03225e-06 -4.51013e-07
-5.08671e-07 7.2519e-08
4.21563e-08 -8.23959e-08
6.44273e-07 -5.86443e-07
9.89783e-08 -2.38868e-07
-3.51085e-07 2.18883e-07
7.07791e-07 -3.07127e-07
9.97946e-07 -5.39826e-08
1.27185e-06 -5.23168e-07
1.41747e-06 -6.80172e-07
-6.17309e-07 6.511e-07
-1.11042e-06 6.78591e-07
9.2303e-07 -2.13749e-07
1.17324e-06 1.38067e-07
2.17747e-07 6.09889e-08
-8.15045e-07 4.13539e-07
1.29013e-06 -7.94557e-08
1.07867e-06 5.59912e-07
-1.43433e-06 5.45711e-07
-5.23231e-07 3.67383e-07
-1.17388e-06 -2.13814e-07
7.22728e-07 -6.56238e-07
5.12586e-07 3.43037e-08
-6.93323e-08 1.78245e-07
-1.41867e-06 2.68715e-09
-6.07532e-07 5.97793e-07
6.78701e-07 -3.0157e-08
-7.79914e-07 5.20235e-07
-2.31598e-07 5.37882e-07
-1.31656e-06 2.52996e-07
-7.77713e-07 1.3641e-07
-9.69026e-07 5.82444e-07
-8.16437e-07 -6.188e-07
9.14685e-08 -6.9752e-07
-1.08536e-06 -4.01503e-07
-9.91847e-07 -1.27875e-07
9.78576e-07 1.70226e-07
