3.82699e-07 -4.46074e-07
5.51617e-07 6.24158e-08
1.33509e-07 1.79718e-08
-1.2814e-07 4.98819e-07
1.80405e-07 6.26292e-07
-2.64105e-07 -3.0642e-07
-1.87368e-07 -2.6588e-07
8.41159e-07 6.51192e-07
-1.15022e-06 -7.64967e-08
-6.43403e-07 1.70435e-07
-3.17166e-07 -4.15416e-07
8.50709e-07 2.9979e-07
-3.2503e-07 5.35083e-07
-4.15432e-07 -4.70813e-07
7.23179e-07 1.5249e-07
-1.09902e-06 -4.56486e-07
1.22687e-06 -3.44134e-07
3.92421e-07 6.01119e-08
-1.19404e-06 8.61609e-08
5.31382e-07 -4.61732e-07
-1.26604e-06 -4.70152e-07
6.5192e-07 -4.08949e-07
9.23962e-07 4.58884e-09
8.06588e-08 -1.39087e-07
1.34695e-06 1.66602e-07
-4.41166e-07 2.50195e-07
-8.21316e-07 9.49787e-08
6.55329e-07 2.33252e-08
1.42836e-06 5.86469e-07
7.01993e-07 2.21681e-07
1.1941e-06 1.96925e-07
4.0338e-07 -2.24145e-07
1.19022e-06 -3.19076e-07
1.11088e-06 5.57609e-07
1.29009e-06 4.56829e-07
-8.51031e-07 -9.16036e-08
-1.39628e-06 1.64267e-07
8.63619e-07 -6.92578e-07
7.52884e-08 -2.09182e-07
-8.98049e-07 1.74393e-08
9.90451e-07 -4.99659e-07
-4.47055e-07 1.50672e-07
1.13902e-06 1.41339e-07
3.8005e-07 3.02362e-07
1.32078e-06 -6.37012e-07
1.12514e-06 5.78497e-07
-1.07097e-06 -6.38065e-07
-3.05223e-07 -3.23734e-07
1.29382e-06 -5.01779e-07
-8.71035e-07 -3.30396e-07
5.15067e-07 2.33704e-08
8.8012e-07 2.57689e-07
-4.8804e-07 -5.65633e-07
-1.0527e-06 5.25997e-07
2.22957e-07 -5.03857e-07
9.46202e-07 -4.76305e-07
-4.4619e-07 2.7834e-07
3.44373e-07 -3.68598e-07
4.08914e-07 3.98018e-07
4.00406e-07 -6.30392e-07
-2.93525e-07 6.11252e-08
6.80652e-08 5.43243e-07
1.41296e-07 5.89012e-07
-2.89432e-08 -1.63366e-07
8.6716e-07 5.21737e-07
-3.43795e-07 -4.52641e-08
8.10623e-07 -5.7827e-07
2.90993e-07 2.83404e-07
9.81493e-07 -3.51965e-07
1.00378e-06 1.7277e-07
-8.28164e-07 -2.89333e-07
7.74341e-07 -2.86758e-07
3.21976e-07 -1.99507e-08
-1.55347e-07 -1.54296e-08
-1.08193e-06 -5.65171e-07
-9.82219e-07 8.31035e-08
3.97447e-08 -5.20541e-07
1.07064e-06 -4.58601e-07
-2.34923e-07 -6.82956e-07
4.27092e-07 6.21781e-07
-8.74133e-08 -6.57804e-08
1.17579e-06 -6.44673e-07
4.30776e-07 -7.00015e-08
1.9136e-07 6.22807e-07
-1.08194e-06 6.05314e-08
5.10025e-07 6.00864e-07
1.30276e-06 3.33371e-07
-8.06819e-07 6.18606e-07
-1.16474e-06 4.01064e-07
8.36103e-07 -2.33271e-07
-4.18702e-07 1.25984e-07
-6.35292e-07 4.52885e-08
-3.1339e-08 -1.60423e-08
2.2427e-07 -2.86799e-07
7.87193e-07 9.30281e-08
-9.75818e-07 -5.17299e-07
-1.22877e-06 6.92727e-07
-1.23075e-06 -1.31747e-07
-1.35003e-06 1.10229e-07
-4.78199e-07 -2.03797e-07
4.49386e-07 -1.23856e-07
-2.99404e-07 -1.21973e-07
1.20684e-06 7.38897e-08
-1.13512e-06 3.24913e-08
1.0021e-06 1.7478e-07
-9.0408e-07 -4.21955e-07
4.67985e-07 -1.74448e-07
-3.67942e-07 -5.56343e-07
1.41792e-06 -1.06607e-07
-1.96997e-07 5.67288e-07
5.47214e-07 -9.20799e-08
-2.97246e-07 -3.62978e-07
4.47184e-07 -5.20301e-07
-1.30754e-06 -4.69286e-07
7.5314e-07 1.2662e-08
1.44614e-06 -3.65729e-07
-1.29288e-06 -2.81434e-10
4.13629e-07 -6.94041e-07
-7.84226e-07 -3.93751e-07
-4.73849e-08 -1.68587e-07
-1.35167e-06 -3.85219e-07
1.42342e-06 6.24222e-07
6.55628e-07 6.34331e-07
3.20853e-07 2.48114e-07
-6.06825e-07 1.53588e-07
-6.66105e-07 8.40725e-08
5.7599e-07 7.04824e-08
2.39306e-07 -4.90456e-07
-3.53254e-08 4.64121e-07
-6.09051e-07 4.54529e-07
-8.11909e-07 3.7747e-07
1.18611e-06 6.94363e-07
5.39947e-07 2.90864e-07
-1.2487e-06 3.17653e-09
7.21201e-07 3.69026e-07
-1.07485e-06 2.66449e-07
-7.93664e-07 6.25213e-07
8.39405e-08 3.58009e-07
2.82946e-07 -2.43686e-07
-8.99229e-07 -2.06021e-07
7.77496e-07 -9.03951e-08
-5.00441e-07 -1.53901e-07
1.10005e-06 -3.06785e-07
-1.04706e-06 -6.48524e-07
-4.45814e-07 -4.22857e-07
-9.96705e-07 3.89036e-07
-2.2262e-07 -5.59458e-07
-6.88098e-07 -4.58328e-07
1.1644e-06 -4.28663e-07
-1.35552e-06 -2.20296e-07
9.46675e-07 5.98491e-07
-5.6524e-07 -3.76478e-07
7.68757e-07 5.20531e-08
3.09113e-07 -6.58987e-08
-1.86068e-07 4.17665e-07
-1.11728e-09 -4.54061e-07
-2.68581e-07 -3.33467e-07
-8.55021e-07 -1.83575e-07
6.50921e-07 -5.41361e-07
1.43978e-06 5.88661e-07
8.23121e-07 3.00937e-07
3.49906e-07 -1.48671e-07
-1.08392e-06 6.8759e-07
9.07081e-08 -2.36405e-07
-2.05801e-07 -2.84484e-07
8.6449e-07 6.3195e-07
-4.97298e-07 -5.97317e-08
6.9699e-07 -5.95182e-07
1.42674e-06 -2.93769e-07
-6.70517e-07 1.90142e-07
1.08776e-06 -4.07857e-08
1.40484e-06 -4.81727e-07
6.24337e-07 6.75776e-07
7.9401e-09 7.71785e-08
5.28692e-07 -1.32416e-07
-4.32846e-08 -1.55838e-07
7.36076e-08 4.22913e-07
-1.32081e-06 -4.6093e-07
1.03944e-06 5.0367e-07
1.416e-06 6.51353e-07
-7.01361e-07 -9.37162e-08
-1.23696e-06 4.23517e-07
-6.80201e-07 -6.14017e-08
1.23636e-06 4.28616e-07
-8.35168e-08 -3.77374e-07
9.74729e-07 -3.77426e-07
-8.62561e-07 -6.71575e-08
1.37829e-06 1.86757e-07
-8.23305e-07 -4.46059e-07
6.90873e-07 5.17569e-07
-1.41188e-06 6.99395e-07
-1.06216e-06 -6.41726e-07
7.46436e-07 3.23074e-08
-8.26896e-07 -3.59831e-07
4.26183e-07 -6.16603e-07
6.10624e-08 2.31166e-08
1.59337e-07 2.00652e-07
-5.7379e-07 -2.43141e-07
-1.22354e-06 -1.808e-07
8.92381e-07 4.11322e-07
-9.90724e-07 -6.65875e-07
1.16463e-06 -2.77585e-07
-1.03697e-06 5.12856e-07
6.94331e-07 1.04423e-07
-1.59467e-07 2.30745e-07
-1.05324e-06 -1.98881e-07
5.89296e-07 3.96268e-07
-1.44914e-06 -1.00915e-07
4.4228e-07 -1.64769e-07
1.34957e-06 -5.16404e-07
-8.86187e-07 3.38962e-07
-1.12767e-06 -4.83076e-07
-7.20869e-07 -6.92574e-07
1.36311e-06 2.66572e-07
-3.95752e-07 3.70577e-07
-1.05582e-06 1.27516e-07
3.13349e-07 5.48818e-07
5.69547e-07 -4.80316e-07
4.39535e-07 6.61923e-07
1.2265e-06 -5.92116e-07
8.45978e-07 6.14505e-07
-1.24418e-06 -4.8002e-07
-1.0167e-06 -1.36483e-07
-1.13507e-06 -3.38336e-07
4.8946e-07 3.36385e-07
-1.42761e-06 -1.82443e-07
3.42561e-07 -9.11023e-08
-6.39181e-07 2.19549e-07
1.03415e-06 -6.08647e-07
-5.36294e-07 9.8228e-08
3.24476e-07 6.04598e-07
-8.32993e-07 2.00703e-07
4.30714e-07 1.77825e-07
-9.81269e-07 2.39362e-07
6.06465e-08 -1.09117e-07
1.95944e-07 2.94612e-07
-1.12418e-06 5.77929e-07
1.02702e-06 -4.82886e-07
3.83714e-07 -3.44033e-07
-1.35402e-06 2.45172e-07
-7.76698e-07 2.69182e-07
-8.25928e-07 5.17421e-07
-1.02548e-07 -2.96555e-08
8.47736e-07 5.32408e-07
1.54046e-07 -5.57723e-07
-5.02609e-07 4.73331e-07
9.49713e-07 3.05935e-07
1.09382e-06 -5.14824e-07
8.47652e-07 -1.25501e-07
-8.2251e-07 2.4102e-07
9.60694e-08 -6.14004e-07
-1.12883e-06 -1.68896e-07
-7.20013e-07 -5.08958e-07
-8.01131e-07 -6.81105e-08
-1.067e-06 -2.90047e-07
-1.11265e-07 -3.80491e-07
2.9277e-07 -2.1323e-07
1.10472e-06 4.42372e-07
-1.14751e-06 9.70573e-08
-1.06744e-06 5.77303e-08
3.22732e-07 2.60332e-07
1.01402e-06 5.59139e-07
-1.15192e-06 -5.77668e-07
-6.76347e-07 3.73009e-07
-2.01917e-07 1.05694e-08
-4.97688e-07 6.2476e-07
9.50531e-07 -5.28645e-08
4.62951e-07 3.15929e-07
6.11393e-07 3.04096e-07
-8.00883e-07 -4.70947e-07
1.21359e-06 -3.70898e-08
1.63068e-07 -1.56452e-07
-1.04879e-06 -5.80782e-07
1.20296e-06 2.10328e-07
7.96485e-07 -1.59902e-07
-7.36301e-07 -4.50965e-07
-1.28692e-07 -6.62195e-07
4.91851e-07 3.60104e-07
-1.36102e-06 -2.11897e-07
1.33408e-06 -6.59358e-08
9.09319e-07 -2.37895e-07
-1.33273e-06 -3.6981e-08
-4.51205e-07 3.13773e-07
4.90537e-07 -6.59862e-07
2.49876e-07 3.53903e-08
8.56238e-08 -5.75942e-09
-6.47279e-07 1.95296e-07
9.15283e-07 -4.31526e-07
-1.26842e-06 2.91681e-07
-2.75139e-07 -4.6433e-07
1.09968e-06 3.03576e-07
4.02259e-07 -5.42893e-07
1.32775e-06 -1.56433e-08
2.77786e-07 -2.79476e-07
-1.29574e-06 -1.8916e-07
5.005e-07 -2.42539e-07
-2.21741e-07 4.11172e-08
-1.10977e-07 5.81014e-07
-7.62832e-08 -5.55939e-07
-3.19435e-08 -2.55668e-07
-3.95489e-07 -1.65931e-07
-3.58232e-07 -5.6825e-07
9.91892e-07 -2.07761e-08
-2.81868e-07 -2.66839e-07
-2.4317e-07 6.11697e-07
-3.86197e-07 3.63482e-07
-1.34324e-06 -4.58028e-08
1.29202e-06 6.46859e-07
2.24737e-07 -6.51842e-08
4.48767e-07 4.06214e-07
-4.44639e-07 4.01852e-07
-1.10633e-06 6.54857e-07
-2.75994e-07 1.04233e-07
7.46717e-07 -3.31731e-07
-3.20343e-07 8.06022e-08
-6.784e-07 6.23739e-07
6.77274e-07 5.92453e-09
1.08701e-06 -1.46734e-07
-4.21142e-07 1.30532e-07
1.12213e-06 1.30224e-07
9.83283e-07 -4.05425e-07
-4.03822e-07 -5.80435e-07
1.28902e-08 -6.24001e-07
-1.38329e-06 1.39978e-07
-1.12607e-06 -6.83438e-07
7.411e-07 -9.36236e-08
-3.04272e-07 -2.76918e-07
-9.73513e-07 -3.53539e-07
-5.37828e-07 8.93731e-08
4.02203e-08 -1.76894e-07
1.36317e-06 -2.36146e-07
5.25398e-07 -3.9688e-08
1.98784e-07 -3.18815e-07
7.23762e-08 3.72085e-07
-8.19215e-07 -3.1569e-07
-9.38784e-07 4.86659e-07
-8.02972e-07 3.61399e-07
1.0734e-06 3.28878e-07
6.45604e-07 -5.13441e-07
1.04357e-06 -5.42298e-07
-9.13405e-07 -3.59041e-07
-3.76174e-07 2.03358e-07
6.45316e-08 9.98843e-08
1.46575e-07 -4.6136e-07
1.36411e-06 2.97172e-07
-1.36546e-06 -6.40339e-07
-1.12793e-06 -5.33125e-08
-1.02605e-06 -5.69829e-07
-8.14878e-07 6.65186e-08
6.17591e-07 1.38725e-08
4.83074e-08 2.76161e-07
-1.43077e-06 3.35071e-07
-1.72498e-07 1.68107e-07
1.18013e-06 -1.32828e-07
-5.55295e-07 1.59193e-07
1.20314e-06 -4.20572e-07
8.43029e-07 3.13604e-07
1.13165e-07 1.28361e-07
-5.81464e-07 -1.02483e-07
-1.25973e-06 2.88143e-07
-1.40583e-07 -9.37115e-08
-3.51718e-07 1.25727e-07
2.84814e-07 -3.777e-07
9.07681e-07 1.5059e-08
8.65121e-07 -6.81258e-07
1.24068e-06 6.86088e-07
1.4443e-06 -6.62029e-07
3.27284e-07 -3.54108e-07
-9.36022e-07 1.06139e-07
3.15464e-07 -4.95771e-07
1.03924e-07 2.80363e-08
-1.15179e-06 -1.40421e-07
2.15759e-07 3.75235e-07
-1.24524e-06 -6.79171e-07
-8.78313e-07 5.97491e-07
-8.47074e-07 3.48093e-07
-9.56594e-07 6.76939e-07
1.55249e-07 1.77275e-07
-3.72102e-07 3.68953e-07
1.04002e-07 3.53527e-08
-2.29316e-07 -4.88231e-07
3.88267e-08 -5.97928e-07
-6.31633e-07 5.07293e-07
1.44395e-06 6.33547e-07
6.40068e-07 1.73527e-07
-1.35207e-06 -6.63587e-07
9.38014e-07 -1.31619e-07
2.74987e-07 -2.4839e-07
-1.38274e-06 2.4228e-07
5.78573e-08 -1.11383e-07
2.88082e-07 -5.69721e-07
-1.14066e-06 -5.10141e-07
4.32178e-07 -3.81623e-07
2.54604e-07 5.55893e-07
-1.16199e-06 5.0742e-09
2.90953e-08 -5.96504e-07
-7.78384e-07 -1.32342e-07
9.85789e-07 -3.62184e-07
-1.18157e-06 5.2212e-07
-1.3231e-06 4.99376e-07
-3.788e-07 6.63985e-07
8.25156e-07 -4.48577e-07
-4.31735e-07 3.50768e-07
-8.02053e-07 -6.65385e-07
3.64983e-07 -1.14422e-09
-1.55745e-07 -5.79635e-07
-4.81979e-07 -5.81162e-09
-8.68731e-07 -3.58295e-07
-1.66442e-07 3.21746e-07
-1.1895e-06 4.9119e-08
-1.04571e-06 -6.64995e-07
-1.24876e-07 -4.93193e-08
8.01664e-07 6.33202e-07
-5.73551e-07 3.96751e-07
6.91206e-07 -8.75868e-08
3.82991e-07 -3.21579e-07
-8.19104e-07 3.83408e-07
-1.35335e-06 3.78663e-07
9.76686e-07 -3.86804e-07
-8.74048e-07 -6.98907e-07
1.41513e-06 2.41913e-08
-1.44234e-06 3.48018e-07
5.34031e-08 -2.76323e-07
1.14921e-06 -4.20105e-07
3.92207e-07 -2.47287e-08
-6.87174e-07 4.51622e-07
-1.24657e-06 -1.07488e-07
-8.46612e-08 -6.92017e-07
-1.23691e-06 4.09585e-07
1.1966e-06 -4.03476e-07
8.97301e-07 2.21668e-07
-1.32623e-06 -5.78311e-07
1.01748e-06 6.00845e-07
-9.55514e-07 1.65793e-07
-9.40386e-07 -3.23767e-07
-9.5803e-07 -4.10099e-07
-3.09751e-07 2.07614e-07
4.15806e-07 1.70732e-07
-1.34173e-06 -6.48492e-07
-2.79888e-07 6.30184e-07
5.99343e-07 -1.70759e-07
-7.98654e-07 4.75023e-07
4.53675e-09 2.57352e-07
-1.31419e-06 8.76905e-08
-8.27091e-07 5.49106e-09
-1.41528e-06 5.46943e-07
-7.12701e-07 1.30786e-07
-1.10671e-07 -4.89348e-07
-1.10041e-06 2.92503e-07
1.47251e-07 3.74241e-07
-1.1748e-06 -3.42251e-07
-2.91071e-07 -6.37373e-07
3.40773e-07 -2.28453e-07
9.30088e-08 5.37637e-07
-3.7306e-08 1.14814e-07
-1.36349e-06 -5.61545e-07
1.27365e-06 3.21253e-07
8.42671e-07 -4.85738e-07
3.62338e-07 4.41548e-07
2.97831e-07 1.21857e-08
6.1391e-07 4.34744e-07
-1.10189e-07 -1.36188e-07
1.44246e-06 -1.52607e-07
-4.60676e-07 -3.27628e-07
-1.26702e-06 -6.2826e-07
-6.98446e-08 -5.6585e-07
-8.90896e-07 -6.79993e-07
-1.08164e-06 3.06e-08
2.40559e-07 1.21695e-08
-6.59542e-08 9.44657e-08
-7.6971e-07 4.33198e-07
8.18977e-07 -4.60771e-07
4.8665e-08 -3.51371e-07
8.7741e-07 -4.12159e-08
-1.06967e-06 -3.90113e-07
8.17638e-07 6.23309e-07
-9.48339e-07 -7.64672e-08
-9.26654e-07 4.64645e-07
9.20852e-07 -4.08026e-07
-7.08842e-07 1.46797e-07
-1.22229e-06 7.76649e-08
1.37717e-06 -3.17593e-07
-4.33507e-07 1.73992e-07
-1.18313e-06 2.66212e-07
7.60523e-07 5.58528e-07
-7.99507e-07 3.14453e-07
-1.32113e-06 -1.24012e-07
1.09477e-06 4.23914e-08
9.10001e-07 4.12121e-07
8.29275e-08 2.26292e-07
6.43448e-07 -4.99387e-07
8.2748e-08 -6.82825e-07
6.13317e-07 1.35582e-07
7.43897e-07 -4.51472e-07
-7.38045e-07 6.38674e-07
-6.17239e-07 3.00405e-07
-1.18505e-06 -5.74953e-07
7.25782e-07 3.63516e-07
1.59171e-08 3.61923e-07
1.30083e-06 -6.53517e-07
-4.61562e-07 -5.01818e-07
9.88148e-07 6.09767e-07
9.7195e-07 -4.54208e-07
-1.20341e-07 -5.2578e-07
1.81573e-07 4.02646e-07
6.10249e-07 -1.50767e-08
2.5526e-07 -4.76836e-07
1.02872e-06 1.89907e-07
-1.22942e-06 -3.97113e-07
-8.22042e-07 -2.16489e-07
9.77114e-07 3.7158e-07
-1.38659e-06 -6.25191e-07
-6.06591e-07 2.4085e-07
-7.6239e-07 -4.08811e-07
7.54638e-07 5.33474e-08
1.41452e-06 3.95942e-07
1.21783e-07 3.4891e-07
-9.60505e-07 4.23023e-07
-2.78448e-07 6.69871e-07
1.1121e-06 3.52523e-07
1.18565e-08 4.07831e-07
1.20032e-06 2.49179e-07
-1.02101e-06 6.96224e-07
-1.17709e-06 -5.81381e-07
-4.42079e-07 1.73016e-07
3.02819e-07 3.76765e-07
3.15734e-07 -5.1591e-07
1.08154e-06 2.39334e-08
-2.36293e-07 -4.16607e-07
3.76957e-07 5.12684e-07
8.24084e-08 5.46423e-07
1.30499e-06 1.47672e-07
2.8058e-07 4.73854e-07
-2.07067e-07 -1.32629e-07
-3.4198e-07 2.31726e-08
-1.81635e-07 -2.35794e-08
-1.3422e-06 -5.10081e-07
1.1595e-06 4.84316e-07
7.30346e-07 -1.76218e-07
-6.77576e-07 -4.46707e-07
1.21671e-06 -5.51316e-08
-1.02448e-06 -5.87e-07
5.56527e-07 -1.06764e-07
-1.44625e-06 -5.60239e-07
-2.3268e-07 -1.67811e-07
7.98579e-07 7.97889e-08
1.33402e-07 1.09217e-08
-7.16911e-07 1.04569e-08
1.10978e-06 3.69958e-07
1.52602e-07 -6.20823e-07
1.17576e-06 -1.81344e-07
1.14146e-07 -3.23514e-07
1.35859e-06 -3.41139e-07
1.2831e-06 -6.85526e-07
-1.37287e-06 -3.17691e-07
9.26705e-07 -4.73921e-07
2.23193e-07 3.3918e-08
8.96698e-07 3.34181e-07
-1.06986e-06 -1.02222e-07
1.29779e-06 3.63606e-07
-1.2755e-06 5.05565e-07
7.37127e-08 3.08384e-07
-4.99575e-07 -5.29767e-07
-3.17715e-08 -1.93586e-07
1.38941e-06 -3.13108e-07
1.20597e-07 -6.9149e-07
-4.43853e-07 6.24679e-07
-2.1227e-07 4.46554e-07
-4.66605e-07 5.40751e-07
9.96146e-08 4.72681e-07
-5.74074e-07 9.47061e-09
-4.31975e-07 2.51242e-07
2.72183e-07 -1.65447e-07
-3.60028e-07 -3.85417e-08
-3.58259e-07 1.6954e-07
5.64273e-07 -4.06502e-07
-7.39406e-07 3.11442e-07
8.36337e-08 6.60851e-08
-1.44892e-06 6.815e-07
2.30865e-07 -5.45295e-07
1.28422e-06 1.04912e-07
-1.47899e-08 -5.35888e-07
5.21364e-07 3.09187e-08
7.96411e-07 -5.80487e-07
1.24407e-06 -4.84087e-07
1.4403e-06 -6.65955e-07
-8.75188e-07 4.59114e-07
-5.0731e-08 2.08105e-08
1.9374e-07 6.54972e-07
9.25334e-07 6.11943e-07
4.17544e-07 4.00959e-07
-1.01797e-07 5.45046e-07
9.30695e-07 6.47615e-07
2.64255e-07 -4.33484e-07
-4.20326e-07 -3.02116e-09
-5.09699e-07 -4.71974e-07
9.43289e-07 5.427e-07
-6.34112e-07 -5.40054e-07
3.07724e-07 -3.25841e-07
9.74403e-07 4.21956e-07
-4.59109e-08 -4.45482e-07
1.08874e-06 -1.54491e-07
-4.06104e-07 -5.21893e-08
-1.41075e-06 -5.33355e-07
1.05445e-06 3.99107e-07
2.14256e-07 -2.7615e-07
-3.70247e-07 3.43614e-07
6.49707e-07 1.10277e-07
-1.34238e-06 3.06173e-07
-1.36592e-06 4.43215e-08
-1.79302e-07 -1.50684e-07
1.65935e-07 6.26123e-07
-6.7062e-07 9.27796e-08
1.23753e-07 2.5846e-07
8.30595e-07 -3.85443e-07
-2.04339e-07 -4.39354e-07
1.34336e-07 -3.82366e-07
-1.94064e-07 4.88406e-07
1.35871e-06 6.40078e-08
-3.29188e-07 2.35875e-07
5.21896e-07 6.46753e-07
-3.13907e-07 1.6581e-07
1.63333e-07 -2.93359e-07
-7.7938e-07 -4.36619e-07
5.87701e-07 -5.55731e-08
-1.25663e-06 -5.59748e-07
-1.21608e-06 5.64606e-07
6.88055e-07 3.92551e-07
-1.33608e-06 -4.83174e-07
9.54632e-07 4.29589e-07
1.06145e-06 2.62227e-07
1.36033e-06 -5.1048e-07
1.42176e-07 -6.88274e-07
-1.20213e-06 -5.9478e-07
2.4132e-07 -3.57549e-07
-1.34009e-06 5.87454e-07
5.24609e-07 6.86755e-07
-1.40572e-06 -5.65661e-08
-9.24949e-07 -8.6519e-08
5.73179e-08 6.6016e-07
1.31124e-07 4.37009e-07
-2.22032e-07 7.42417e-10
4.54167e-07 6.02739e-07
-6.45609e-07 -6.85132e-07
-1.90702e-07 2.42942e-07
-9.45955e-07 -5.05458e-07
6.89945e-07 1.74259e-07
-5.21207e-07 1.14224e-07
2.69554e-07 7.18878e-08
-1.19246e-06 3.157e-07
3.81467e-07 3.147e-07
-9.76847e-07 5.27256e-07
-1.01429e-06 1.52409e-08
-6.15599e-07 5.5877e-07
-5.19062e-07 2.71935e-07
-4.65081e-07 -6.76141e-07
-3.51448e-07 3.69749e-07
3.96907e-07 -8.89324e-08
2.09887e-07 1.61532e-07
4.88047e-07 -3.26943e-07
7.42817e-07 -4.11825e-07
-8.19921e-07 -1.94148e-07
-1.06732e-06 -3.52142e-07
5.15389e-07 7.44804e-08
-4.72082e-07 -6.82733e-07
7.7271e-07 -6.56959e-07
-5.7825e-07 3.10378e-07
3.64356e-07 3.69974e-07
2.14237e-07 4.41025e-07
9.62905e-08 3.51857e-07
1.44069e-06 1.19527e-07
-1.08901e-06 1.48855e-07
-2.29402e-07 -4.83466e-07
-7.1466e-08 6.71378e-07
-1.61921e-07 -3.02473e-07
-2.0148e-07 -5.1826e-08
1.23993e-06 2.39054e-07
2.71367e-07 2.4909e-07
1.09404e-06 -2.19304e-07
-4.33066e-07 -3.70834e-07
9.33087e-07 -6.79344e-07
-1.17672e-06 -5.00684e-07
-2.26306e-07 4.79356e-07
-2.73769e-08 -1.64305e-07
-1.03524e-06 5.45505e-08
2.01592e-07 -6.38129e-07
-1.31627e-06 -4.40919e-08
1.39017e-06 1.31971e-08
2.17974e-07 2.67631e-07
-9.74889e-07 -3.60606e-08
5.08818e-07 -5.57078e-07
-1.78626e-07 5.55129e-07
1.08817e-06 9.37777e-08
7.67943e-07 -5.25186e-07
5.14809e-07 -4.76764e-07
-4.97682e-07 6.91545e-07
2.30212e-07 -8.18609e-08
1.14804e-06 3.45744e-07
5.53975e-07 -3.95354e-07
-2.30509e-07 -3.2897e-07
6.93976e-07 5.4538e-07
-5.43363e-07 -1.00558e-07
5.36393e-07 3.8296e-07
1.97083e-07 -3.83886e-07
-2.98027e-07 1.55893e-07
-1.20855e-07 -4.139e-07
1.33361e-06 6.96654e-07
8.29205e-07 -3.17082e-08
-1.00067e-06 -6.22821e-08
-2.61944e-07 1.44964e-07
-8.71791e-07 -3.07036e-07
-3.38258e-07 6.86081e-07
1.3397e-06 3.49186e-07
-1.23756e-06 5.9923e-07
1.661e-07 3.48609e-07
-1.179e-06 4.78611e-07
-2.4018e-07 -3.26648e-07
-1.36703e-07 3.46265e-07
-1.04435e-06 -2.19273e-07
-6.21859e-07 2.83575e-07
-6.5189e-07 2.12997e-07
7.29154e-07 -4.20593e-07
-3.13992e-08 3.42366e-08
1.20857e-06 -1.22676e-07
6.80237e-07 -4.49371e-07
-5.90167e-07 2.21247e-07
-1.17381e-08 2.59294e-07
9.02374e-07 1.85e-08
9.58291e-07 2.6373e-07
8.30395e-07 -5.16227e-07
-7.36198e-07 -5.75906e-07
1.1088e-06 2.45824e-07
-2.69803e-07 -4.53345e-07
-1.24578e-06 -1.98097e-07
1.20585e-06 3.4843e-07
-1.41345e-06 2.86328e-07
-3.54378e-07 -5.87086e-08
-7.45441e-07 -5.12389e-07
5.01941e-07 2.73063e-07
-5.59381e-07 -5.58895e-07
-1.12318e-07 3.36558e-08
-1.07057e-06 -5.2145e-07
-9.08012e-07 -5.43552e-07
2.63195e-07 4.64912e-07
6.61502e-07 3.53585e-07
4.14669e-07 -3.15228e-07
1.27052e-06 -3.5844e-07
-1.43793e-06 -1.91522e-07
-5.11743e-07 -4.91737e-07
7.85519e-07 6.37231e-07
9.15407e-07 -2.32057e-07
-5.5831e-08 3.2584e-08
-1.10572e-06 -3.33219e-07
-8.06288e-08 4.30837e-07
-6.18201e-08 -2.3023e-07
9.96847e-07 2.04202e-07
8.49669e-08 -3.51357e-07
1.36536e-06 4.69165e-07
-3.53713e-08 2.69813e-07
1.0072e-06 -2.67935e-07
-8.33545e-08 -3.11573e-07
8.77647e-08 3.45165e-07
-1.42076e-06 6.86275e-07
5.73343e-07 1.84231e-08
-1.0004e-07 4.12094e-07
7.26756e-07 3.12544e-07
1.09205e-06 -4.85931e-07
-7.39775e-07 -1.00641e-07
1.29511e-06 3.56602e-07
-2.99603e-08 -4.41819e-07
-3.11916e-07 3.94435e-07
-1.85512e-07 2.42086e-07
-7.91356e-07 -6.8733e-07
-9.50711e-07 6.54385e-07
7.05582e-07 -6.38196e-07
-6.47277e-07 3.72589e-07
-4.23435e-08 -2.24925e-07
-1.33454e-06 1.00063e-07
1.1123e-06 -2.35187e-07
9.44002e-07 -1.85524e-07
-4.5469e-07 6.88894e-07
-8.33964e-07 -2.53936e-07
3.03181e-07 6.5422e-07
1.28642e-06 1.61986e-07
9.09292e-07 -1.6503e-07
-1.12972e-06 -3.31943e-07
4.22016e-07 -5.00482e-08
-3.21381e-07 4.80321e-07
-1.36759e-06 -6.68455e-07
-2.84435e-07 4.00155e-07
-8.90887e-07 4.62211e-07
8.10951e-08 -4.31311e-07
-1.42418e-06 -3.72034e-07
-1.37769e-06 -3.87117e-07
1.01659e-06 7.76804e-08
-6.97316e-07 2.2959e-07
-9.44971e-07 -2.21955e-07
-4.37472e-07 6.85323e-07
1.16769e-06 -6.34791e-07
6.19808e-07 -2.4385e-07
-1.43793e-06 6.40236e-08
1.73345e-07 6.03476e-07
-1.27834e-06 6.81139e-08
-6.20588e-07 -3.68793e-07
-7.97654e-07 1.91604e-07
1.19859e-06 1.02081e-07
1.29764e-06 1.24872e-07
-1.41074e-06 4.603e-07
1.00622e-06 3.47686e-07
-7.96934e-07 3.88698e-07
8.25073e-07 -6.07837e-07
-4.97964e-07 6.88458e-07
-5.24778e-07 -6.6948e-08
1.25626e-06 4.78776e-07
-6.49685e-07 2.24986e-07
2.45087e-08 -3.66959e-07
-5.38429e-07 1.8138e-07
-7.84652e-07 1.0353e-07
-3.97245e-07 -1.5614e-07
1.20912e-06 3.12301e-07
-8.39706e-07 -6.16735e-07
-8.75642e-08 -4.83088e-07
-8.47994e-07 -6.51109e-07
-3.78239e-07 1.06242e-07
7.18445e-07 -2.94842e-07
4.79002e-07 -3.73136e-07
-8.68343e-07 -6.01443e-07
-1.02216e-06 6.5034e-07
-2.49531e-07 -5.1389e-07
-1.25643e-06 6.67584e-07
4.38635e-07 -6.02027e-07
7.5842e-07 1.7124e-07
-1.06595e-06 1.58814e-07
-1.36003e-06 2.15426e-07
1.19695e-06 -6.91519e-07
-3.34624e-07 2.50956e-07
-4.70372e-07 6.99989e-07
-1.40423e-06 -6.37118e-07
1.41466e-06 1.22672e-07
1.05719e-06 2.04126e-08
5.23572e-07 1.80809e-07
-1.12114e-06 -5.59989e-07
-6.14198e-07 1.77375e-07
1.04574e-06 1.30434e-07
7.28139e-07 2.98918e-07
-7.83817e-07 -3.0836e-07
1.25071e-06 -9.6591e-08
-3.28789e-07 5.86609e-07
-9.27429e-07 -4.36236e-07
-6.74418e-07 -4.32386e-07
-7.6266e-07 -6.57083e-07
1.06318e-06 7.75248e-08
6.3595e-07 3.99824e-07
-7.8424e-08 4.15867e-07
1.30901e-06 -1.35075e-07
8.20138e-07 -6.18233e-07
-1.05491e-06 -6.03167e-07
2.41968e-07 -4.32701e-07
4.48981e-07 -5.03569e-07
-1.1909e-06 3.30486e-07
-7.43633e-07 6.40648e-07
1.21628e-06 1.95386e-07
1.35417e-06 -2.66294e-07
2.52072e-07 4.91441e-07
-8.50319e-07 5.10574e-07
1.32583e-06 4.57773e-07
-1.24297e-08 -6.69233e-07
8.94316e-07 5.56481e-07
-4.42028e-07 -4.51306e-07
5.04023e-07 4.4912e-08
1.22471e-06 -2.90721e-07
-7.01418e-07 -4.50901e-07
-3.34073e-08 -3.69484e-07
1.31985e-06 -1.24422e-07
-9.85262e-07 -2.19636e-07
-4.34584e-07 2.69227e-07
-1.43904e-06 1.97834e-07
-1.05521e-06 6.42668e-07
1.35431e-06 -5.93329e-07
2.91083e-07 -3.3251e-07
9.41021e-07 -5.97257e-07
-9.81297e-07 -2.73897e-07
7.44662e-07 4.24788e-07
-1.22462e-07 4.96864e-07
-1.14316e-06 -5.93462e-07
-7.22095e-08 3.65368e-07
-4.83516e-07 2.06441e-07
7.72882e-07 -4.47368e-07
9.09772e-07 1.71597e-08
-1.01119e-06 -1.46868e-07
3.34324e-07 -5.66276e-07
-1.18732e-06 4.08954e-07
-1.19126e-06 -6.89853e-07
5.12776e-07 1.01726e-07
8.65359e-07 5.02379e-07
-2.76119e-07 -5.35368e-07
1.35186e-06 -4.38881e-07
4.15303e-07 -5.44619e-07
-1.5774e-07 1.7385e-07
-3.23223e-07 -6.47705e-07
4.26526e-07 -2.59404e-07
1.0856e-06 -6.98192e-08
-3.0088e-07 -4.72338e-07
1.341e-06 4.99067e-07
1.14672e-06 -8.39904e-08
-1.12019e-06 -2.5429e-07
-1.28194e-06 3.47665e-07
8.14306e-07 -6.0687e-08
9.59281e-07 -3.80512e-07
-1.21047e-06 -3.56127e-07
-1.08473e-06 3.24212e-07
9.74716e-07 1.25674e-07
1.22996e-06 -3.37831e-07
-6.99593e-07 -2.99297e-07
-6.15229e-07 -2.19233e-07
-6.1947e-07 -6.18202e-07
3.3167e-07 -1.6016e-07
-1.40762e-06 -6.50489e-07
1.1454e-06 -4.46845e-07
1.38247e-08 -1.98772e-07
3.98251e-07 -2.05305e-07
1.35966e-06 -4.33758e-07
5.89174e-07 3.1634e-07
-1.73349e-07 2.72298e-07
-2.43673e-07 4.69631e-07
5.21714e-07 2.01529e-07
-8.72693e-07 -2.06929e-08
6.58504e-07 -6.99917e-07
-1.28051e-06 -5.99627e-07
8.23958e-08 5.45635e-08
-4.39031e-07 2.04426e-07
8.29987e-07 6.10694e-07
1.17004e-06 -5.01813e-07
-7.76635e-07 3.00627e-07
1.13024e-06 6.92327e-07
8.91342e-07 6.82301e-07
-1.16947e-06 -6.26305e-07
-3.83277e-07 3.78516e-07
-8.9348e-07 -6.1051e-07
1.82857e-07 3.59295e-07
9.64573e-07 -6.73771e-07
-1.27579e-06 -3.42241e-07
-1.16194e-06 -5.78955e-07
1.4016e-07 2.19111e-07
1.25001e-06 -2.05035e-07
3.51963e-07 4.96453e-07
-1.0911e-06 4.99713e-07
8.36983e-07 -4.70841e-07
1.23899e-07 -4.10961e-07
-1.11633e-06 -2.02897e-07
4.71087e-07 2.65846e-08
1.00169e-06 5.1722e-07
-4.14113e-08 5.53277e-07
1.32376e-06 -5.8111e-07
-9.50664e-07 -8.78841e-08
-7.82453e-07 -1.81311e-07
-9.08858e-07 -3.7364e-07
-9.98599e-07 4.68203e-08
9.22763e-07 -4.22635e-08
-1.11385e-06 -3.89801e-07
9.75208e-07 8.35209e-08
-7.52609e-09 -2.94279e-07
-8.39777e-07 -1.18477e-07
1.09037e-06 2.039e-07
-7.75399e-07 -3.79165e-07
1.23411e-06 -6.33871e-07
-7.86821e-07 -5.36948e-07
7.83758e-07 6.68429e-07
1.17483e-06 -5.19971e-07
3.2051e-07 -3.36327e-07
-1.32926e-06 5.53967e-07
-1.01455e-06 6.47773e-08
1.38464e-06 5.68148e-07
5.55457e-07 -6.79366e-07
-1.56757e-07 -3.28148e-07
-7.13362e-07 -5.21722e-07
-3.62417e-08 -5.894e-07
1.39488e-06 -2.19392e-07
-9.58222e-07 5.61325e-07
-1.62647e-07 3.43975e-07
1.1894e-06 4.59996e-07
4.25833e-07 3.32915e-07
-8.24306e-07 -5.10954e-07
-1.14996e-06 -3.86498e-07
5.80337e-07 4.53265e-07
-1.02159e-06 -6.96986e-07
-1.21275e-06 -5.18675e-07
-2.02635e-07 -4.75587e-07
-1.02347e-06 -2.9717e-07
-1.29443e-06 -4.68725e-07
-6.35533e-07 -6.16746e-08
-3.22679e-07 -5.05018e-07
-1.42831e-06 3.04537e-07
-1.07677e-06 1.66543e-07
1.84067e-07 5.49528e-07
6.38699e-07 4.59736e-07
-1.16558e-06 -4.81055e-07
-1.09505e-06 6.78787e-07
1.92563e-07 -5.57713e-07
3.53549e-07 -6.0856e-07
1.02138e-06 4.11966e-07
-1.43396e-06 -5.38146e-07
4.99782e-07 -1.71379e-07
-5.555e-07 -3.66037e-07
6.0878e-07 3.0725e-07
-1.12009e-08 -3.99636e-07
1.23383e-06 4.90703e-07
5.72289e-07 2.53369e-07
-8.15441e-07 -7.90692e-08
-1.26667e-06 6.49083e-07
2.01265e-07 -2.65351e-07
1.52442e-07 6.75189e-07
1.08766e-06 -3.83084e-07
9.84758e-07 2.17088e-07
-6.76288e-08 -2.57701e-07
5.5654e-07 -6.57814e-08
1.35577e-06 6.65972e-07
-1.42684e-06 -6.03296e-07
1.28883e-06 1.13197e-07
6.31356e-07 6.41594e-07
5.58368e-07 1.67261e-07
-9.04277e-07 -1.85242e-07
2.6311e-07 4.16816e-07
9.07286e-07 6.01435e-07
-1.27593e-06 6.16335e-07
9.42816e-07 -6.85833e-08
6.46776e-07 1.16353e-07
-9.58928e-07 -2.82901e-07
-4.21276e-07 4.28494e-07
2.80892e-07 -1.47484e-07
-1.00754e-06 1.23816e-07
-9.89506e-08 4.11459e-07
-5.5465e-07 5.28305e-07
-3.3217e-07 3.21818e-07
-1.1768e-06 5.42539e-07
3.23519e-07 -3.97809e-07
-6.59914e-07 6.44869e-07
-1.21049e-06 6.38393e-08
-1.14898e-06 -4.47328e-07
8.76582e-07 -6.23372e-07
-3.18315e-07 3.11097e-07
-1.10475e-07 -4.04146e-07
-5.38317e-07 -5.97199e-07
1.44045e-06 3.80514e-07
-6.20499e-07 -4.05164e-07
1.61302e-07 5.47504e-07
1.39981e-06 6.88185e-07
-2.41869e-07 5.05297e-07
3.04984e-07 -2.03717e-07
1.40318e-06 -5.95463e-08
1.20186e-06 5.92386e-07
2.12455e-07 -3.54582e-07
-1.37284e-07 -5.04567e-07
7.28896e-07 4.31083e-07
-1.42809e-06 -1.45258e-07
-1.33922e-08 -8.47158e-08
2.96347e-07 -3.05759e-07
-4.92886e-07 -1.19411e-07
-1.82414e-07 -6.93126e-07
-1.26387e-06 8.11716e-08
-1.35589e-06 -3.4682e-07
-1.0181e-07 -1.69488e-07
-1.02692e-07 4.56312e-07
-3.063e-07 6.05566e-07
-1.18035e-06 -2.5061e-07
-1.14316e-06 3.87489e-07
1.25853e-06 -5.10085e-07
-1.42258e-07 6.77848e-07
-3.22357e-07 6.36835e-07
2.69674e-08 -4.62604e-07
-9.94372e-07 -3.32186e-07
4.09934e-07 3.87283e-07
4.60154e-07 5.31315e-07
-9.68183e-07 4.63133e-08
8.34131e-07 6.21293e-07
1.06149e-06 -1.0592e-07
-1.39205e-06 5.62322e-07
5.35418e-07 -4.14195e-09
6.2672e-07 -4.63617e-07
-1.33094e-06 7.4534e-08
-1.4346e-06 1.44351e-07
2.43938e-07 2.76061e-07
7.30733e-07 4.10001e-07
-5.82912e-07 4.81025e-07
1.31995e-06 -7.58699e-09
6.46952e-07 6.28434e-07
1.2482e-06 6.33572e-07
-1.22028e-06 -5.64595e-07
9.45874e-07 5.27603e-07
9.42422e-07 5.49673e-07
-6.33041e-07 4.92369e-07
-1.19924e-06 2.69888e-07
1.3609e-07 1.10737e-07
1.1167e-07 -6.42592e-07
2.98273e-07 -3.27206e-07
1.00917e-06 -1.67726e-07
-4.12528e-07 4.86653e-07
-4.55061e-07 -5.80594e-10
4.56126e-07 4.37912e-08
-1.31167e-06 3.78485e-07
-4.02246e-08 1.09445e-07
1.25855e-06 -6.88267e-07
1.22596e-06 -2.03274e-07
6.03218e-07 -4.36304e-07
-6.62062e-08 1.06313e-08
-8.38971e-07 -6.36667e-07
-5.1828e-07 -3.89966e-07
-7.48462e-07 6.74824e-07
-4.00907e-07 -1.28306e-07
-9.02699e-07 9.80571e-08
-6.28466e-07 5.58776e-07
3.16607e-08 -1.413e-07
-5.61344e-07 -5.6958e-08
-1.28159e-06 1.23365e-07
-1.4098e-06 -1.8449e-07
-1.35798e-06 -2.69433e-07
-1.22979e-07 5.91643e-09
1.09117e-06 -3.4269e-07
1.07253e-06 -1.72986e-07
7.29954e-07 3.78794e-07
-6.67547e-07 4.18983e-07
1.22253e-06 3.0258e-07
-3.21593e-07 4.99575e-07
-4.73118e-07 3.26373e-07
-1.15518e-06 1.46104e-07
1.15306e-06 -2.32049e-07
2.79551e-07 5.37e-07
-4.95316e-07 6.59302e-07
-1.0786e-06 -4.29195e-07
-1.03247e-06 -5.36061e-07
5.84059e-08 -1.76643e-07
1.30588e-06 -4.44398e-07
-1.1113e-06 -4.81662e-07
1.45523e-07 4.8993e-08
1.86741e-07 6.60268e-07
-9.63331e-07 -2.42008e-07
-8.19241e-07 -2.67287e-07
1.37997e-06 1.40137e-07
2.91297e-07 -3.08534e-07
-7.58143e-07 6.64973e-07
1.13408e-06 -3.69459e-07
1.73965e-07 -6.48767e-07
-5.19757e-07 2.16655e-07
-1.39758e-06 -4.90389e-07
-1.0609e-06 4.64876e-09
1.00317e-06 -3.18214e-07
1.23772e-06 -1.88074e-07
9.38136e-07 -2.74118e-07
-2.42718e-07 1.6606e-07
-7.17485e-07 1.11644e-07
9.84945e-08 -1.51616e-07
8.4116e-08 -3.96568e-07
-8.34068e-07 -6.19895e-08
7.85247e-07 1.67662e-07
-4.43408e-07 -9.81611e-08
1.18826e-06 1.5181e-07
3.88465e-07 -6.08538e-07
-1.35911e-06 3.16603e-07
-9.77129e-07 6.23021e-07
-7.59215e-07 5.6232e-07
5.65408e-07 4.0414e-07
-1.3252e-06 -3.04478e-07
-2.24428e-07 -3.90307e-07
-1.06723e-06 -1.883e-07
5.38241e-07 5.40814e-07
-9.28912e-07 6.32871e-08
-5.73561e-07 6.59848e-07
9.53307e-08 3.54215e-07
1.29708e-06 3.42011e-07
3.51508e-07 1.37105e-07
-4.15742e-07 5.35251e-07
4.19135e-07 -3.62724e-07
-1.38025e-06 6.51883e-08
1.13161e-06 -8.59445e-08
1.36929e-06 2.6992e-07
1.27357e-06 6.11938e-08
1.44273e-07 5.237e-07
-1.43672e-06 3.40059e-07
1.23628e-06 4.41892e-08
4.41815e-07 -4.69547e-07
1.18118e-07 3.18226e-10
6.29492e-07 -4.51296e-07
-9.6621e-07 1.14359e-07
5.74128e-07 -1.36438e-07
2.82157e-07 3.75787e-07
2.32803e-07 -1.20556e-07
7.25655e-08 -2.83456e-08
-5.23878e-07 -6.67801e-07
3.11333e-07 -4.19928e-07
7.03114e-07 1.02439e-07
8.43842e-08 3.51751e-07
-1.02151e-06 6.08989e-07
-3.6191e-07 -3.73843e-07
-2.58345e-07 1.3921e-08
1.33887e-06 -2.55067e-09
-9.48293e-07 2.34236e-07
-1.36235e-06 1.30801e-07
-9.81007e-07 -6.32166e-08
-6.60039e-07 1.38174e-07
-4.82796e-07 -1.32827e-07
-5.27162e-07 4.23472e-07
-6.04211e-07 2.38051e-07
-6.70888e-07 -2.15181e-07
-1.13887e-06 3.52019e-08
-5.77038e-07 2.82658e-07
2.61973e-07 -1.25621e-08
1.43437e-06 1.85427e-07
-8.86181e-07 2.86419e-07
5.04175e-07 7.40758e-08
-4.829e-07 -4.37955e-07
-5.07939e-07 -5.17881e-08
4.57649e-07 -5.58373e-07
3.81948e-07 -3.60748e-07
-2.33791e-07 -6.07388e-07
9.492e-07 -2.38761e-07
5.83997e-07 -2.66348e-07
4.00674e-07 -5.02547e-07
-9.97633e-08 -6.54925e-07
-3.86195e-07 -5.46781e-07
9.20976e-07 6.65813e-07
1.25474e-06 4.88641e-08
4.5807e-07 -1.89298e-07
-7.81047e-07 -5.64451e-07
-5.96317e-07 -3.78317e-08
7.89858e-08 -1.02364e-07
-1.44837e-06 -2.2319e-07
-6.24668e-07 -5.64969e-07
1.35691e-06 -6.48539e-07
1.34169e-07 -6.39964e-07
-7.02122e-07 -2.85773e-07
-4.26096e-07 3.8161e-07
-1.03598e-06 1.65598e-07
-1.3141e-06 4.75787e-08
-5.78884e-07 5.4415e-07
-3.20358e-08 6.43171e-07
-2.64397e-07 1.44949e-08
-5.32301e-07 5.41521e-07
3.7585e-07 2.18291e-07
-1.02135e-07 3.72118e-07
6.24521e-07 5.03446e-08
-4.83909e-07 6.78157e-09
-1.34973e-06 6.21632e-07
1.35478e-06 1.51753e-07
5.07737e-07 4.02585e-07
-6.83407e-08 -3.96934e-07
-4.24185e-07 -4.46516e-07
1.30017e-06 6.66139e-07
5.52037e-08 -4.39528e-07
-8.19055e-07 -5.01578e-07
1.44897e-06 1.12259e-07
-4.72976e-07 -5.14491e-08
5.0637e-08 1.9479e-07
-8.32646e-08 3.91019e-07
-2.77486e-07 1.48093e-08
9.19522e-07 -3.05958e-07
-1.33836e-06 4.84141e-07
3.88927e-07 -4.34897e-07
-8.76502e-09 2.34234e-07
-1.39629e-06 -3.2879e-07
-8.63327e-07 2.53075e-07
1.03872e-06 2.90446e-07
-7.42511e-07 -1.7061e-07
3.58669e-07 -1.3107e-07
4.15115e-07 2.40172e-07
1.02387e-06 -6.80176e-07
-1.40505e-06 -3.81108e-07
-4.08338e-07 7.45888e-08
-1.15973e-06 5.01637e-07
1.39722e-06 6.86158e-07
-1.35912e-06 -7.70041e-08
-4.04163e-07 2.60467e-07
-4.87158e-07 -1.73023e-08
8.43802e-08 -2.56619e-07
4.18471e-07 6.87518e-08
-1.88034e-07 -5.64278e-08
-7.82381e-07 -7.76283e-08
1.03856e-06 5.76282e-07
-1.15775e-06 -3.60501e-07
4.02577e-07 2.21157e-07
-3.99597e-07 -2.30146e-07
-7.37202e-07 5.77205e-07
2.48143e-07 -4.54238e-07
1.88667e-07 -1.56597e-07
-7.4293e-07 2.77354e-07
-1.11009e-06 -5.72157e-07
1.44681e-06 -3.7729e-07
-5.63124e-07 -5.29013e-07
2.18162e-07 -2.69276e-07
2.2207e-07 -5.23128e-07
1.28635e-06 3.80195e-07
4.88945e-08 -6.93616e-07
-9.96256e-07 -4.40486e-07
-8.45795e-07 -1.22125e-07
-8.10354e-07 3.35785e-07
1.14963e-06 -5.58001e-07
1.13033e-06 6.71189e-07
-4.68338e-07 5.5713e-07
-9.64101e-07 3.04019e-07
2.60368e-07 5.28521e-07
-5.85889e-07 1.7121e-08
2.20613e-07 -4.10483e-07
6.6619e-07 -1.92047e-07
1.15392e-06 8.05796e-08
-2.24731e-07 -6.81463e-07
-9.39818e-07 -4.51999e-07
7.10152e-07 2.45244e-08
-1.34749e-06 -1.58174e-07
1.04681e-06 5.92913e-07
3.74682e-09 -7.27193e-09
4.90044e-07 -6.60812e-07
-2.93608e-08 -8.31845e-08
4.20282e-07 4.73801e-07
5.49523e-07 -5.2747e-07
-1.99627e-07 -3.32448e-07
4.48772e-07 5.95783e-07
8.74194e-07 3.41615e-07
1.41117e-06 1.84527e-07
7.46765e-07 -5.74771e-07
8.59498e-07 -4.02554e-07
-2.50883e-07 3.2808e-07
3.86751e-07 -3.70722e-07
9.63988e-07 -6.27206e-07
7.69855e-07 5.5987e-07
8.6341e-07 -8.97302e-08
1.02488e-06 5.30084e-07
-9.08414e-07 5.80697e-07
8.8379e-07 1.53408e-07
6.99175e-07 3.13371e-07
-6.09385e-07 4.63041e-07
-5.28372e-07 -3.3692e-07
7.13849e-08 -6.74756e-07
1.13604e-06 -2.19995e-07
-9.79727e-07 6.14383e-07
1.71935e-07 -3.5571e-07
-5.35766e-07 6.42999e-07
-6.30962e-07 -5.17667e-07
-1.4116e-06 -7.04977e-08
-1.15408e-06 -4.82318e-07
-1.1535e-06 -1.47628e-07
4.69195e-07 5.27799e-07
-8.15339e-07 3.88233e-07
1.00577e-06 6.81057e-07
-1.41069e-07 -6.53809e-07
-8.45179e-07 -6.94831e-07
-1.40202e-06 6.79467e-07
-7.47003e-09 -6.82936e-07
5.27184e-07 -5.26177e-08
5.89145e-07 6.70301e-07
-6.15597e-07 -5.94728e-07
-7.42697e-07 -7.71157e-08
1.4126e-06 5.44261e-07
-1.24703e-06 -5.54727e-07
-1.32883e-06 -3.47639e-07
-8.36739e-07 5.10305e-08
5.63163e-07 1.24455e-07
-1.19679e-06 6.95096e-07
-9.36868e-07 4.96694e-07
-1.77698e-07 -5.80846e-07
-9.19117e-07 -1.15267e-07
-7.00757e-08 9.53383e-10
1.4016e-06 4.16337e-07
-5.60963e-07 -9.28696e-08
1.13354e-06 -7.55728e-08
5.61194e-07 -1.89716e-08
1.94775e-07 4.69426e-07
-4.37398e-07 7.88205e-08
-1.25804e-06 6.84182e-07
-6.90537e-07 4.86552e-07
1.29447e-07 -8.3512e-08
1.53598e-08 6.53693e-07
-2.81439e-08 4.26334e-07
4.58863e-07 -3.50935e-07
2.04173e-07 6.8086e-07
4.24756e-07 6.83047e-07
-1.38265e-06 -2.54363e-07
1.25794e-06 4.81365e-07
7.44415e-07 -6.14807e-08
-5.07981e-07 -2.77328e-07
-1.22421e-06 4.18824e-07
1.35904e-06 3.40031e-07
3.79122e-07 4.78621e-07
-4.54144e-07 -6.37377e-07
-3.71405e-07 6.86517e-07
6.85062e-07 1.6326e-07
4.49137e-07 4.04871e-07
1.15195e-06 -4.4098e-08
1.34171e-07 -3.02621e-07
-8.33289e-07 -1.48654e-08
9.15991e-07 -5.39459e-07
2.32773e-07 -3.58337e-07
7.81859e-08 -1.83338e-07
1.18472e-06 -2.78331e-07
-1.30504e-06 -5.36925e-07
5.2068e-07 9.84899e-08
-1.24611e-07 -2.01057e-07
9.45781e-07 6.01256e-07
-9.67815e-07 -5.52222e-07
4.34775e-07 -3.61732e-07
9.66155e-07 5.59421e-07
9.78487e-07 -4.6788e-08
-5.29287e-07 3.36016e-07
7.52277e-07 -6.20268e-07
-9.96117e-08 1.32382e-07
1.31758e-06 3.21078e-07
-8.67482e-07 3.36582e-07
1.64829e-07 -5.92007e-07
-8.05272e-07 6.51633e-07
-1.21285e-06 5.06933e-07
4.85064e-07 3.73828e-07
-1.52238e-08 3.75684e-08
-1.36592e-06 -2.66627e-07
-1.22215e-06 -5.92969e-07
-4.78797e-07 -9.09899e-08
1.4145e-06 -3.44631e-07
-2.18169e-07 -6.43288e-07
6.03625e-07 2.135e-07
-9.44467e-07 6.85109e-07
2.56955e-07 2.28391e-07
-1.11794e-06 6.45414e-07
-4.22688e-07 5.77013e-07
-1.20152e-06 -3.25787e-07
-4.70098e-07 -4.95729e-07
6.42066e-07 -3.36462e-07
7.20738e-07 -3.68079e-07
-7.29133e-07 -5.52049e-07
1.08252e-06 -2.5185e-07
-7.12681e-07 -6.02332e-07
2.79491e-07 -2.93103e-07
-7.75489e-07 -5.67709e-07
-1.30082e-06 1.69466e-07
-8.89089e-07 -2.82797e-07
7.24031e-07 -2.66808e-07
-2.95905e-07 -2.68964e-07
4.58029e-08 -3.08689e-07
5.21093e-07 -7.34378e-08
-7.81901e-07 5.04206e-07
9.85483e-07 -4.30674e-07
-5.78684e-07 -1.85414e-07
-2.0649e-07 3.3573e-07
-1.18101e-06 -5.94825e-07
1.12775e-06 -1.36315e-07
-9.3399e-07 6.94588e-07
-7.11927e-07 -5.27253e-07
-1.31285e-06 1.13426e-07
7.71953e-07 6.09536e-07
-6.98243e-07 4.77189e-07
-3.5431e-08 -1.89461e-08
-7.93805e-08 1.20086e-08
-6.35665e-08 -2.32963e-07
-5.61422e-07 -5.21778e-07
-1.01843e-07 -3.76099e-07
-3.02181e-07 6.33153e-07
-8.04383e-07 -6.09593e-07
-3.64644e-07 -6.94457e-08
-7.40889e-07 -1.52922e-07
7.59072e-07 -4.74471e-07
2.18116e-07 5.26744e-07
3.32877e-07 -5.61441e-07
3.23729e-07 -1.1341e-07
-9.53877e-07 6.86656e-07
1.08964e-06 -6.8113e-07
4.37128e-07 6.53712e-07
3.3215e-08 1.08556e-07
4.8344e-07 -5.03572e-07
5.5639e-08 3.14934e-07
-1.01665e-06 1.45936e-07
-1.08597e-07 -1.84244e-07
1.17986e-06 3.3922e-07
7.03571e-07 2.63432e-07
-4.31858e-07 -2.01219e-07
4.63617e-07 1.39012e-07
-1.00555e-06 1.46295e-07
7.78652e-08 -1.54586e-08
5.3769e-07 -2.53931e-07
1.14763e-06 -3.83246e-07
2.30382e-07 -1.68876e-07
-1.44412e-07 -6.30291e-07
1.12425e-06 6.92199e-07
2.96649e-07 4.39954e-07
-1.19615e-06 -8.2733e-08
8.09748e-08 -5.26933e-07
-6.65111e-07 -1.28441e-07
-1.26057e-06 3.17139e-07
1.01485e-06 6.01673e-08
-8.57497e-07 4.23539e-07
-6.51597e-07 3.36344e-07
-1.20689e-06 3.75883e-07
2.58134e-07 -1.45873e-07
9.00438e-07 -4.23225e-07
-1.55473e-07 3.24319e-08
-1.34549e-06 -4.06465e-07
1.277e-06 -6.11828e-07
-5.09669e-07 6.05486e-07
-1.42734e-06 -3.4878e-07
1.35133e-06 -9.97682e-08
8.45279e-08 2.55223e-07
5.52115e-07 -1.65487e-07
5.38936e-07 -4.06879e-07
4.70416e-07 5.46712e-07
1.4498e-06 4.85848e-07
1.31356e-06 -1.68786e-07
5.10061e-07 6.99972e-07
-8.81044e-07 4.04076e-07
-7.09367e-07 -6.35649e-07
1.11726e-06 2.63382e-07
-1.00629e-06 4.8706e-07
4.92492e-07 1.97441e-07
-1.11369e-06 3.2089e-07
-2.60074e-07 -4.16801e-07
6.62582e-07 -4.97263e-07
-1.25845e-06 4.95006e-07
-7.81315e-07 -4.50809e-07
5.34962e-07 -5.03634e-07
6.30459e-07 1.84629e-08
-9.2775e-07 1.20432e-07
9.52948e-07 -2.46254e-07
3.20326e-07 -2.31864e-07
1.94293e-07 -3.80454e-07
6.85197e-07 -3.81688e-07
-6.07078e-07 5.04522e-07
-7.25711e-07 -3.79993e-07
7.14991e-07 -5.8007e-08
-7.96008e-07 -6.67329e-07
1.07237e-06 -5.97055e-07
-1.50539e-07 3.8902e-07
8.75166e-07 -4.80054e-07
1.0438e-06 6.58818e-08
-9.73491e-07 -8.44488e-08
-1.29167e-06 -6.64465e-07
1.0874e-09 -4.12859e-07
-1.0932e-06 4.46022e-07
8.05104e-07 -2.03787e-07
-8.35147e-07 -3.56297e-07
-4.65112e-07 -3.92637e-08
8.72976e-08 3.15783e-07
-8.55002e-07 6.80752e-07
-2.4015e-07 1.02625e-07
8.94973e-07 4.88544e-07
5.14002e-07 -5.18188e-07
-1.08909e-06 4.83876e-07
7.37929e-07 2.49646e-07
-9.34378e-07 5.4025e-07
6.0012e-07 -1.53656e-07
7.57939e-07 6.44729e-07
-1.40379e-08 2.43933e-07
-6.89033e-07 -5.27122e-07
-6.63221e-07 5.37407e-07
4.17037e-07 6.46183e-07
-1.20938e-07 -3.52981e-07
1.00859e-07 -3.7701e-07
1.41603e-06 6.43468e-07
-1.09783e-06 -1.99595e-07
-4.52885e-07 -1.51043e-07
6.42794e-07 5.07585e-07
-1.40702e-06 6.63295e-07
-4.62392e-07 -2.13327e-07
2.83099e-07 -3.11351e-07
-1.15521e-06 1.75271e-07
-9.6567e-07 -5.51333e-07
-5.73802e-07 2.03722e-08
7.20135e-07 -3.68065e-07
-6.24036e-08 -3.36622e-07
1.19181e-06 4.07287e-07
-3.39658e-07 5.57475e-07
2.40388e-07 4.88735e-07
1.04835e-06 -5.14344e-07
5.42904e-07 6.44835e-07
-2.28162e-07 -5.42513e-07
-6.87081e-08 -8.20007e-08
-1.20386e-06 1.8322e-07
1.26954e-06 -4.48784e-07
-4.07333e-07 -3.2892e-07
5.83902e-07 1.48135e-08
-7.08015e-09 -5.59417e-07
7.13627e-07 -3.2558e-07
6.40824e-07 4.55306e-07
-4.68765e-07 2.94195e-07
-1.3644e-06 -3.49061e-07
7.7714e-07 5.95741e-07
4.75285e-07 1.56204e-07
1.07849e-06 -6.79415e-07
1.02689e-06 7.73996e-08
-1.19198e-06 6.2609e-08
8.7452e-07 5.84372e-07
-1.9315e-07 -7.03472e-08
5.59007e-07 8.82838e-08
7.48295e-07 -5.10033e-07
-8.66917e-07 5.41974e-07
8.40673e-07 4.69874e-07
1.33129e-06 -3.38776e-07
-8.99387e-07 -3.72805e-08
-1.11554e-06 3.89687e-07
1.12948e-06 -1.10413e-07
-1.22331e-06 -4.5259e-07
7.3433e-07 5.08784e-07
-6.09323e-07 -3.26276e-07
-1.3032e-06 -2.57238e-07
1.20428e-06 2.5677e-07
1.19111e-06 5.19371e-07
-3.28196e-07 -5.74753e-07
8.44781e-07 4.47642e-07
1.2085e-06 -3.32728e-07
-1.36328e-06 -3.68118e-07
8.36835e-07 -4.09136e-07
-4.68036e-07 -3.93042e-08
1.33458e-06 -5.15385e-07
7.67042e-07 3.46545e-07
-8.32309e-07 3.24212e-07
3.93928e-07 -1.43941e-07
-1.25116e-06 -5.55385e-07
4.20083e-07 -2.18783e-07
-7.74089e-07 4.70689e-07
-1.39953e-06 1.66368e-07
1.22472e-06 4.02661e-07
2.93861e-07 -5.32394e-07
9.83281e-07 1.09948e-08
2.93081e-07 -1.42483e-07
7.30587e-07 1.06064e-07
6.04303e-07 -3.71046e-07
5.11322e-07 -5.47946e-07
-1.04983e-06 3.6267e-07
7.03387e-07 -3.71568e-07
1.35934e-06 -3.09944e-07
-1.28839e-07 -1.28392e-07
9.99068e-07 3.10744e-07
1.13542e-06 -5.01767e-07
-8.41828e-07 -5.39469e-08
1.00088e-07 -2.45446e-08
-6.66073e-07 5.04978e-07
-4.71794e-07 2.73547e-07
5.38378e-08 4.01914e-07
-5.098e-08 -6.05961e-08
9.26882e-07 5.57113e-07
-2.73376e-07 -1.85465e-07
5.67207e-07 -5.95116e-07
1.35885e-06 -2.76675e-07
1.2165e-06 -1.71949e-08
-3.79293e-07 1.61344e-07
3.4646e-07 -4.26699e-07
-3.98693e-08 -4.45683e-07
-1.12587e-06 6.14548e-07
1.07453e-06 -1.34027e-07
-5.10434e-07 -2.43508e-07
-2.95996e-07 5.82881e-07
-1.19677e-07 3.40038e-07
2.36743e-07 -2.54324e-07
8.03176e-07 -4.31945e-07
6.34439e-07 -4.11362e-07
-7.51356e-07 5.52306e-07
2.3804e-07 4.50769e-07
4.04391e-07 -6.58865e-07
1.00365e-06 -4.77001e-07
1.78438e-08 -3.48098e-07
2.28745e-07 1.93878e-07
1.27171e-06 5.2272e-07
9.79004e-07 -2.21374e-07
1.3252e-06 6.78124e-07
6.65094e-07 1.906e-07
-1.20628e-06 -3.45515e-07
5.98704e-07 -3.12487e-07
-3.56052e-07 -4.52596e-07
2.06814e-07 -2.21202e-07
-1.37164e-06 -5.00171e-07
-1.31484e-06 -4.26768e-07
4.1765e-07 3.81958e-07
-1.02966e-06 2.80845e-07
7.15268e-08 1.86266e-07
-7.0053e-07 -3.14245e-07
7.32407e-07 -6.07088e-07
-7.28151e-07 9.63879e-08
-3.34264e-07 4.64285e-07
-1.08384e-09 -5.83099e-07
3.13665e-07 5.46892e-07
-1.43348e-06 1.32656e-07
5.43309e-07 -6.47326e-07
-1.07068e-06 -4.20483e-07
5.75839e-07 -1.33082e-07
1.2507e-06 9.69194e-08
1.43146e-06 6.20804e-07
-3.81412e-07 3.65119e-07
-8.68923e-07 -4.5683e-07
-9.31722e-07 4.07692e-08
-1.38955e-06 -1.86312e-07
5.86018e-07 3.53506e-07
-1.68365e-07 4.83828e-07
-2.93743e-07 6.89796e-08
2.34071e-07 5.20043e-07
-1.28896e-06 3.77399e-08
-4.4922e-07 3.27512e-07
-1.42197e-06 -2.60955e-08
5.23933e-07 5.40785e-07
3.95322e-07 4.99995e-08
1.19687e-06 4.41351e-07
3.6386e-07 4.80211e-08
2.20099e-07 -1.80749e-07
-4.88694e-07 3.14208e-07
-1.33666e-06 3.6343e-07
1.08868e-06 -6.6368e-07
-9.06477e-07 -6.04183e-07
-4.84705e-07 -3.94511e-08
-1.20978e-07 5.18008e-07
5.33e-07 -5.1739e-07
1.17782e-06 2.2397e-07
-1.12451e-07 1.73106e-07
4.25027e-07 3.87258e-07
1.24214e-06 4.93017e-08
7.23372e-08 -2.30453e-07
-5.60001e-07 -4.77221e-07
4.29358e-07 -9.86987e-09
8.57294e-07 -1.39519e-07
-3.71635e-07 -3.1568e-07
-1.28362e-06 6.79844e-07
-5.4326e-07 -2.95275e-07
4.36459e-07 6.87857e-07
-1.41031e-06 -5.71501e-07
-1.34287e-06 -2.3233e-07
-1.07672e-06 -1.2113e-07
-8.93422e-07 8.20568e-08
1.27937e-06 -5.39858e-07
-1.12953e-06 6.42283e-07
2.70724e-07 -2.9944e-07
-5.06756e-07 5.7566e-07
-4.08764e-08 -6.19795e-07
7.30389e-07 -4.08144e-08
1.93395e-07 -3.43065e-07
2.24371e-07 -6.06495e-07
-1.25351e-06 4.61908e-07
1.0012e-06 -5.62812e-08
5.25847e-07 1.45083e-07
6.86919e-07 -6.78012e-07
1.35461e-06 -7.82865e-08
8.04132e-07 -5.17414e-07
1.01927e-06 -6.20701e-07
-1.36323e-06 5.57895e-07
-7.50137e-07 5.53359e-08
-7.56888e-07 3.42494e-07
-6.97126e-07 6.09288e-07
4.37731e-07 2.89597e-07
6.68834e-07 3.88307e-07
6.16395e-07 2.51882e-07
1.1507e-06 -6.80322e-07
6.68348e-07 8.5127e-08
9.00067e-07 -2.30545e-07
-5.94834e-07 -2.95835e-07
8.5264e-07 -2.42404e-07
7.61823e-07 1.72587e-07
9.45758e-07 -3.28666e-07
5.36131e-07 -6.96955e-09
4.66574e-07 2.91875e-07
1.18115e-06 6.51679e-07
-1.06999e-06 -1.5326e-07
-8.26099e-07 -4.49625e-07
-1.00483e-06 -7.69744e-08
-6.14195e-07 -4.22103e-07
1.80498e-07 6.45456e-07
-3.47173e-07 2.79537e-07
5.26402e-07 -5.58872e-07
1.31247e-06 1.67073e-08
-6.3803e-07 -5.99309e-07
-7.87728e-07 -3.05668e-07
8.35185e-07 -4.61286e-07
-1.4582e-07 1.53173e-08
1.43343e-06 -6.84117e-07
5.61513e-07 -4.86522e-07
-5.06368e-07 2.86282e-07
-1.37091e-07 5.6621e-07
-3.64193e-07 -2.81076e-09
-4.78745e-07 -6.01472e-07
3.54044e-07 -3.66199e-08
-3.31521e-07 -6.47759e-07
-8.54671e-07 -4.03809e-08
2.10533e-08 -3.50186e-07
-8.15604e-07 4.18927e-07
-8.58362e-07 6.77398e-08
-9.32916e-07 -1.65867e-07
9.26237e-07 -6.29403e-07
-4.70905e-08 -1.37609e-07
2.48383e-07 -1.33838e-07
-1.37352e-06 -4.2063e-07
-5.99926e-07 1.62872e-07
-5.97431e-07 -6.83067e-07
9.42108e-07 -5.21011e-07
5.91981e-07 -4.4557e-07
-9.25283e-07 1.45919e-07
-4.15651e-08 -1.26322e-07
-1.08992e-06 1.28419e-09
1.42168e-06 -6.67926e-07
-7.95161e-07 -6.4374e-07
1.38324e-06 -1.64527e-07
2.8499e-08 -3.50048e-07
-4.41614e-07 -2.49465e-07
1.04252e-06 -1.40656e-07
-1.30499e-06 5.49035e-07
4.18683e-07 -2.64674e-07
-7.38609e-07 2.42244e-07
1.0116e-07 -6.24647e-08
8.19075e-07 5.93605e-07
1.36743e-06 5.27325e-08
-7.54249e-07 7.66222e-08
-8.87766e-07 -4.37368e-07
-9.00717e-09 -4.24121e-07
-1.38266e-06 9.57583e-08
9.24824e-07 -1.60142e-07
-1.10177e-06 -6.98185e-07
-6.47866e-07 1.21096e-07
2.61599e-07 -5.93774e-07
2.88297e-07 4.63568e-08
1.15223e-06 6.80413e-07
-6.33922e-08 -4.60042e-07
-1.36616e-07 1.53072e-07
-9.01282e-07 -9.14441e-08
-1.21439e-06 5.81885e-07
2.60502e-07 -2.72232e-07
-1.28523e-07 5.34651e-07
7.3291e-08 -6.05934e-07
-8.11983e-07 2.67755e-07
1.09975e-06 -4.20557e-07
1.61844e-07 -1.45188e-07
-1.27507e-06 -1.47349e-08
2.24005e-07 -6.25212e-07
1.17077e-06 4.44815e-07
4.35286e-07 -4.05002e-07
1.25123e-06 1.72883e-07
1.07198e-06 4.74528e-07
-1.19727e-06 -1.75211e-08
3.68369e-07 2.5253e-08
-3.62107e-07 4.2272e-07
1.22843e-06 -4.02657e-07
8.95893e-07 -4.38346e-07
-1.37573e-06 -4.8224e-07
9.04434e-07 4.99122e-07
1.19256e-06 -2.28425e-07
3.77206e-07 1.75809e-07
2.40587e-07 -9.54751e-08
2.91479e-08 -2.80988e-07
-3.8288e-07 -4.19217e-08
-1.18539e-06 5.38589e-08
-4.7621e-07 1.08906e-07
-6.23123e-07 -4.25541e-07
-3.38845e-07 5.68786e-07
1.34971e-07 -6.22963e-08
-7.3712e-07 2.43951e-07
-1.01065e-06 6.70982e-07
6.75484e-07 6.0309e-07
-5.6505e-07 -5.99285e-08
-1.3853e-06 8.58641e-08
-6.25803e-07 -4.26998e-07
1.13593e-06 5.43787e-07
8.32512e-07 6.70637e-07
7.06431e-07 5.30063e-07
1.12916e-06 -4.75522e-08
-9.07026e-07 1.2893e-07
8.20994e-07 -3.7031e-07
1.86656e-08 4.62028e-07
-1.73583e-07 6.79627e-07
-1.20733e-06 -5.2224e-07
2.75504e-07 6.16027e-07
-9.61084e-07 -3.35268e-07
4.96666e-07 -6.97013e-07
-9.75598e-07 -3.58468e-07
-7.2469e-08 4.01434e-07
-9.57398e-07 5.65284e-07
1.21087e-06 5.18886e-07
1.97887e-07 -5.1342e-08
-3.49293e-07 3.84553e-07
-1.12475e-07 1.92148e-07
-8.70818e-07 2.66217e-07
1.40545e-06 -2.06537e-07
-1.02274e-06 5.07387e-07
-5.26044e-07 4.65024e-07
1.33306e-07 -2.44293e-07
-1.15643e-06 5.66236e-08
3.57644e-07 5.05026e-07
-6.5974e-07 6.75617e-08
8.82773e-07 -4.3194e-07
1.34828e-06 -5.75736e-07
-1.17044e-06 4.80832e-08
-3.56005e-07 3.24073e-07
9.7393e-07 5.61196e-07
-8.31769e-07 -4.89297e-07
-3.41453e-07 5.40512e-07
1.16754e-06 1.71624e-07
6.1465e-07 -2.32948e-07
1.20343e-06 -5.81075e-08
1.32534e-06 -4.10986e-07
-6.18652e-07 -5.2876e-07
-7.20043e-07 2.43869e-07
1.3302e-06 -5.65085e-07
1.86491e-07 -6.19987e-07
-7.79703e-07 -3.88421e-07
-8.47197e-07 8.97804e-08
-4.94794e-07 1.53001e-07
-1.16478e-06 6.26315e-07
5.64526e-07 -6.88658e-07
-2.48999e-07 4.87485e-07
7.98291e-07 2.15916e-08
-1.20874e-06 -2.78814e-07
1.41264e-06 3.81173e-07
7.57885e-07 -5.21862e-08
5.05978e-07 5.06682e-07
6.64792e-07 4.42252e-07
9.03532e-07 -6.86524e-07
-3.0569e-07 2.27459e-07
-3.58207e-07 5.54103e-08
-1.16627e-09 3.01802e-07
5.04797e-07 3.6498e-08
7.04824e-07 -4.30331e-07
8.92441e-07 -4.65567e-07
-1.15081e-06 -5.31227e-07
9.55289e-07 -4.74019e-07
2.73772e-07 -4.81946e-07
2.65086e-07 -2.80127e-07
-1.12114e-06 -4.04574e-07
1.14267e-06 3.53611e-07
1.15458e-06 5.35593e-07
-1.02853e-06 -1.63237e-07
5.83841e-07 1.22903e-07
-1.41741e-06 -4.50274e-07
-9.89956e-08 1.52278e-07
-1.277e-06 6.39783e-07
-1.32199e-07 4.59706e-07
8.4342e-07 4.10012e-07
1.23709e-06 -9.17701e-08
2.51812e-07 -4.50741e-08
-1.18886e-06 -3.42096e-07
-1.22776e-06 3.67987e-07
1.58647e-07 1.19214e-08
-9.0143e-07 -4.88317e-07
2.44277e-07 -6.26545e-07
5.16576e-07 -8.11497e-10
-8.30501e-07 5.11681e-07
6.22454e-07 -5.11837e-07
-9.0321e-07 -5.45997e-07
-5.74267e-07 1.06493e-07
-1.18596e-06 6.97175e-07
4.88036e-07 -5.26427e-07
-1.09025e-06 6.55382e-07
-1.06939e-06 2.96712e-07
3.13155e-07 -4.7149e-07
-5.07781e-07 2.38398e-07
-9.28609e-07 -2.81295e-07
3.67431e-07 -5.15627e-07
-9.86662e-07 1.03765e-07
8.34191e-08 -1.8866e-07
-1.01737e-06 2.64926e-07
-1.34458e-06 -2.14951e-07
-4.18489e-07 3.66221e-07
4.7544e-09 -2.42414e-07
9.34033e-07 -4.13206e-07
1.23603e-06 -6.58926e-07
5.01105e-07 5.85972e-08
1.51692e-07 3.30762e-07
-5.74189e-07 -5.62207e-07
2.25492e-07 -4.86315e-07
-1.137e-06 -4.48213e-07
-8.86887e-07 -4.35243e-07
7.11305e-07 -3.7855e-07
-8.54597e-07 -2.61529e-07
1.87499e-07 1.3137e-07
3.50189e-07 -5.95167e-08
7.79887e-07 -6.63174e-07
7.84861e-07 -9.87202e-08
6.28761e-07 -5.26997e-07
-3.65864e-07 2.4475e-07
7.59277e-07 3.97902e-07
4.5997e-07 -3.25542e-07
1.61548e-07 -6.61106e-07
8.98095e-07 5.00897e-07
-1.22701e-06 -6.19147e-07
1.19304e-06 3.02834e-07
-7.6987e-07 -1.38682e-07
3.58881e-07 -5.28603e-07
7.98669e-07 -1.53924e-08
1.32829e-08 5.89605e-07
3.76458e-07 1.44553e-07
-9.43609e-08 -6.05426e-07
-7.45433e-07 -2.07264e-07
-5.67212e-07 -1.63766e-07
-7.1619e-08 4.77391e-07
4.34814e-07 -1.56228e-07
5.70796e-07 2.60164e-07
1.28443e-06 3.6106e-07
7.71851e-07 9.80761e-08
-3.83933e-07 -6.35884e-07
-5.32552e-07 5.98956e-07
-8.79003e-07 -6.45011e-07
-1.2925e-06 -4.77349e-07
-1.08042e-06 -6.32194e-07
4.24235e-07 2.14135e-07
-2.45331e-07 4.42657e-07
1.11272e-06 1.77426e-07
-1.18759e-06 5.06775e-07
-1.12516e-06 -2.63914e-07
1.05535e-06 -6.27526e-07
3.00186e-08 -6.7496e-07
1.19918e-06 -3.90006e-07
-1.54453e-07 4.40555e-07
-5.86814e-07 7.73621e-08
1.24049e-06 -4.73861e-07
2.69877e-07 4.16302e-07
