-1.88803e-07 -3.80129e-07
1.53753e-07 1.05616e-07
-4.39004e-07 -3.76781e-07
-4.34654e-08 2.69108e-07
1.48252e-07 5.72837e-07
1.04455e-07 2.4439e-07
5.90655e-08 3.87944e-07
9.67572e-07 -4.07444e-07
-1.00117e-06 -3.08404e-08
-1.42936e-06 -4.12323e-07
-1.02452e-06 2.25018e-08
-9.7479e-09 5.61642e-07
-3.03448e-07 6.65504e-07
1.39287e-07 -3.32358e-07
-1.6443e-07 4.76973e-07
-4.26299e-07 3.32123e-07
-4.98745e-07 -5.6513e-07
-7.31378e-07 3.17495e-07
-1.15801e-06 -3.47812e-07
-7.60804e-07 1.22501e-07
1.17399e-06 6.71136e-07
-1.11232e-06 1.41239e-07
-9.18519e-07 4.16244e-07
-1.99372e-07 -2.84077e-08
-9.4976e-07 -7.52465e-08
3.85995e-09 1.65387e-08
-9.02516e-07 5.24439e-07
4.96807e-07 5.57226e-07
8.39854e-07 6.89989e-08
-4.58636e-07 2.17339e-07
-1.35176e-06 -4.37065e-07
1.55487e-07 5.9191e-08
1.40163e-06 5.82703e-07
3.36114e-07 -6.59603e-07
1.26189e-06 -1.00817e-07
-9.44604e-07 -3.88697e-08
-1.35435e-06 -6.75748e-07
-1.72047e-07 -2.90461e-07
-1.03636e-06 -5.48661e-07
7.75758e-07 -2.9092e-07
-4.32838e-07 -6.74249e-07
-8.86695e-07 -3.80466e-07
2.92887e-07 2.05571e-07
-1.3486e-06 -5.76543e-07
6.24371e-07 -5.98326e-07
-6.67335e-07 -9.63321e-08
1.73047e-07 -2.73772e-07
9.40779e-07 -1.57275e-07
9.58307e-07 4.24133e-07
-1.01182e-06 -3.16457e-07
-4.81949e-07 -2.2436e-07
5.69147e-07 3.61793e-07
-6.14638e-07 -3.53813e-07
-1.36113e-06 -6.06057e-07
9.99574e-07 6.17444e-07
-9.39002e-07 -1.18534e-07
1.80031e-07 -6.07621e-07
-5.25299e-07 3.55242e-07
1.38215e-06 6.82355e-07
-5.85885e-07 -4.98681e-07
1.14366e-06 2.5371e-07
-2.76377e-07 -4.71269e-07
6.28816e-07 6.59699e-07
-6.29059e-08 -6.98803e-07
1.26886e-06 5.50631e-07
1.22639e-07 -6.26373e-07
-5.53949e-07 4.19692e-07
6.7915e-07 -3.97506e-08
-9.96464e-08 6.63093e-07
9.6705e-07 -1.38041e-08
-8.83453e-07 6.33542e-07
9.96272e-08 -6.58778e-07
-1.29504e-06 1.48201e-07
4.00366e-07 3.75315e-07
3.28633e-07 6.36102e-07
-9.5278e-07 -1.0124e-07
-6.43293e-07 -4.31234e-07
8.43403e-07 -3.94244e-08
3.78345e-07 7.87011e-08
1.08212e-06 6.74103e-07
-5.2236e-07 2.61107e-07
7.6377e-07 -6.60591e-07
1.0333e-06 -5.62946e-07
8.68816e-07 3.864e-07
-3.67072e-07 -2.56899e-07
8.67214e-08 -3.91081e-07
-7.51972e-07 2.4737e-07
-2.19127e-07 5.27458e-07
1.13141e-06 -6.08771e-07
-9.87492e-08 1.14758e-08
1.03254e-06 4.61629e-07
2.01928e-07 1.48747e-07
9.01893e-07 2.96433e-07
8.00135e-07 -4.26727e-07
1.0234e-06 3.54671e-07
-1.16171e-06 -9.77708e-08
5.1908e-07 -1.52002e-07
-2.22119e-07 3.97166e-07
-9.79767e-07 1.19064e-07
-1.38122e-07 1.95579e-07
-4.2237e-07 -1.81438e-07
9.36599e-07 1.26119e-07
-1.13694e-06 -2.11264e-07
9.58914e-07 1.27443e-07
1.04396e-06 -1.8483e-07
-2.0943e-07 1.64207e-07
-1.10191e-06 -4.24591e-07
-2.03615e-07 -1.03207e-07
-1.27136e-06 -4.71611e-08
-1.24888e-07 1.11602e-07
1.68807e-07 2.60046e-07
1.27483e-06 -6.33335e-07
6.53615e-07 1.84241e-07
1.20336e-06 -3.06465e-07
7.6133e-07 -6.82909e-07
7.03897e-07 -1.6831e-07
-6.8946e-07 4.68606e-07
4.28506e-07 1.6192e-08
7.13921e-07 -1.08485e-07
-5.07187e-07 -6.33031e-07
-5.91753e-07 3.69466e-08
6.25673e-07 -2.4064e-07
-6.62665e-07 -4.89765e-07
2.65924e-07 -4.01092e-07
-8.20121e-07 3.65538e-07
3.86374e-07 3.3458e-08
1.20522e-06 2.21943e-07
-1.1762e-06 1.80738e-07
1.37574e-06 3.39748e-07
-1.30831e-07 -5.81165e-07
9.58816e-07 -1.59283e-07
-1.20338e-06 -2.42896e-07
3.48784e-07 1.15022e-08
5.88034e-07 -1.90852e-07
1.12674e-06 3.77655e-07
-9.74694e-07 -2.29889e-07
-9.99762e-07 -3.92207e-07
5.0748e-07 -3.78605e-07
1.32204e-06 5.79311e-07
5.40135e-07 4.44855e-07
-2.76137e-07 -4.81221e-07
1.18803e-06 -6.36823e-07
-1.75831e-07 -4.40555e-08
1.22505e-06 2.29529e-07
-1.19304e-06 3.34533e-08
-5.71506e-08 4.38695e-07
7.59122e-07 4.89123e-07
-9.99244e-07 7.72544e-08
5.25812e-09 -4.38271e-07
8.47793e-07 2.02728e-07
9.50767e-07 6.76316e-07
-3.90672e-07 -1.93662e-07
-9.43666e-07 3.97351e-08
4.5397e-07 7.73829e-08
1.34647e-06 3.03321e-07
2.7314e-07 3.44339e-07
-1.11789e-06 -1.91652e-07
3.23777e-07 1.14715e-07
1.15015e-06 3.221e-07
2.70622e-07 -3.17608e-07
1.04908e-06 -2.20834e-07
1.07913e-06 -2.02816e-07
8.11367e-08 -2.47847e-07
-1.01849e-06 -2.31972e-07
-1.25929e-06 2.90342e-07
-1.02523e-06 -6.20481e-07
-1.24967e-06 4.24374e-08
1.0675e-06 -5.52192e-07
-1.1939e-06 6.81397e-07
7.585e-07 -1.59275e-07
8.78362e-08 -6.06919e-07
-5.79803e-07 1.51953e-07
-7.97946e-07 -9.42776e-08
-1.20179e-06 5.61895e-07
-8.30898e-07 -4.24632e-07
8.83241e-07 -2.86467e-07
2.53945e-07 -5.2895e-07
8.35309e-07 2.67893e-07
-1.321e-06 -3.29981e-07
6.46579e-07 -4.35211e-07
-1.24493e-06 5.73077e-07
1.72321e-08 5.46153e-07
-9.29157e-07 1.12538e-07
-5.03774e-07 -5.1712e-07
1.10391e-06 -1.28923e-07
7.24046e-07 1.49831e-07
-1.418e-06 -5.97786e-07
1.09941e-06 9.06531e-09
5.96698e-07 -1.84407e-07
1.2718e-06 3.83132e-08
1.30874e-06 -4.9068e-07
-3.4346e-08 5.13652e-07
1.32107e-06 4.99697e-07
8.12088e-07 2.00546e-07
-9.3272e-07 -3.5953e-07
9.29578e-09 2.55474e-07
-2.00148e-07 -6.65449e-07
-1.01882e-06 6.35423e-07
-6.9981e-07 -6.33386e-07
-1.05797e-06 8.26714e-09
-1.93229e-07 1.75747e-07
1.04554e-06 -2.44643e-07
6.22372e-07 -6.36064e-08
-8.87168e-07 3.43203e-08
-1.03707e-06 6.78854e-08
1.28432e-06 -4.5358e-07
-2.06303e-07 -4.56128e-07
1.31933e-06 6.23297e-07
-2.6887e-07 1.03314e-07
-1.04651e-06 -3.60928e-07
-1.41805e-06 6.69993e-07
7.10348e-07 1.97785e-07
7.91993e-07 3.0732e-07
8.22188e-07 -2.85052e-08
1.26297e-06 -5.15407e-07
1.41869e-06 -6.4133e-07
-5.12075e-07 2.69811e-07
-1.09658e-06 4.54604e-07
-3.83963e-07 2.37297e-07
-3.68006e-07 -5.77342e-07
7.57665e-08 4.56109e-07
-3.7162e-07 -4.98951e-07
9.20294e-07 2.30542e-08
3.89728e-07 -4.17949e-07
5.48099e-07 -3.9029e-07
-3.00385e-07 1.78134e-08
-1.20253e-06 -4.44521e-07
-1.40806e-06 3.26762e-07
-1.15396e-06 -5.13267e-08
1.27381e-06 -1.71032e-07
7.90293e-07 -4.84061e-08
-1.04012e-07 -5.79055e-07
-5.7261e-07 -4.64696e-10
-1.23133e-06 1.76599e-08
1.15655e-07 6.51698e-07
-1.14774e-06 -2.79412e-07
7.75775e-07 -6.87385e-07
-9.15431e-07 -3.90443e-07
6.41505e-09 -6.90161e-07
-5.08743e-07 3.20437e-07
-9.37558e-07 -2.45285e-07
1.06573e-06 6.06297e-07
-2.77399e-07 1.24064e-07
-1.39991e-06 5.31093e-07
-4.33883e-08 9.03009e-08
1.36815e-06 -6.41652e-07
1.8359e-07 -6.03351e-07
2.96716e-07 -4.92976e-07
1.34869e-06 3.85729e-07
-6.73537e-07 5.17935e-07
1.39856e-07 -5.92703e-07
-5.18295e-07 -6.68994e-07
-1.48382e-07 5.95547e-07
7.64978e-07 -6.1436e-07
3.68987e-07 3.44622e-07
3.46134e-07 -4.16589e-07
4.76834e-07 5.06756e-07
-3.91682e-07 2.52199e-07
-1.12871e-06 -5.09059e-08
8.06452e-07 -2.16115e-07
-4.14087e-07 -4.06135e-07
-3.17223e-07 2.94068e-07
-6.55969e-07 7.08432e-08
-6.10752e-07 5.87116e-07
7.03713e-09 -4.81398e-07
4.66638e-07 -3.09986e-07
-1.41187e-06 4.23121e-07
-5.01004e-07 3.33213e-07
-2.79656e-07 5.00382e-07
6.73516e-07 -5.60668e-07
-6.59889e-07 1.08443e-07
5.23446e-07 2.93374e-07
-5.9067e-08 -4.80506e-07
1.43967e-06 -4.34395e-07
-6.72202e-08 4.81788e-07
-1.38938e-07 -6.84475e-07
-6.59641e-09 1.63519e-07
1.26303e-06 -2.52501e-07
-8.14624e-07 -5.15786e-08
-1.4054e-06 -5.52899e-08
-4.54969e-08 4.19907e-07
-1.03431e-06 -1.94189e-08
1.33814e-06 -1.19163e-07
-7.97536e-07 -5.89403e-08
1.14929e-06 6.82059e-08
-1.12495e-06 8.69984e-08
1.31666e-06 -7.23243e-08
-6.09813e-07 8.73071e-08
9.13884e-07 1.05278e-07
2.95946e-07 -4.37159e-08
9.74461e-07 5.81318e-07
-1.00558e-06 -5.42775e-07
1.31966e-06 -4.2381e-07
-1.40284e-06 -2.4203e-07
-1.20429e-06 4.88645e-07
1.00207e-06 -8.18831e-08
1.71231e-07 4.79912e-07
4.13634e-07 7.26728e-08
-7.11732e-08 3.78277e-07
7.88888e-07 2.38825e-07
-9.71838e-07 -4.91993e-08
-1.39548e-06 6.76939e-08
1.08796e-07 -4.37781e-07
-3.35108e-07 -3.95435e-07
-4.58625e-07 -1.08635e-07
8.11426e-07 6.97841e-07
1.70646e-07 -1.78347e-07
4.81232e-07 -4.61984e-07
1.49816e-08 -5.05604e-07
-2.09286e-07 5.42781e-07
1.36709e-07 4.30483e-07
-9.32115e-07 -4.27397e-07
7.80438e-07 -5.82149e-08
-3.17214e-07 6.30541e-07
8.81117e-07 -1.96477e-07
-8.27852e-07 6.41423e-07
-2.42342e-07 -2.96088e-07
-1.62883e-07 -5.02841e-07
6.55727e-07 6.05955e-10
2.50909e-08 1.04421e-07
1.2464e-07 8.46509e-08
-3.87792e-08 -1.53833e-07
-1.13776e-06 -2.14476e-07
7.9798e-08 4.12856e-07
5.21223e-07 -5.88733e-07
-1.00921e-06 -1.33341e-07
2.57703e-07 3.54968e-09
1.14042e-06 -1.59897e-07
1.42061e-06 6.65177e-07
-4.99498e-07 1.4813e-07
-9.08337e-07 -4.40271e-07
-4.55683e-07 3.40747e-07
6.26413e-07 1.75793e-07
-1.32161e-06 1.81232e-07
-2.49007e-07 5.44791e-07
-5.29367e-07 5.68182e-07
8.60251e-07 -1.22489e-07
-1.23357e-06 -2.99056e-07
-5.27531e-07 3.35509e-07
2.06234e-07 -3.90724e-08
-1.18974e-06 -1.6597e-08
8.19175e-07 6.64348e-07
-1.10854e-06 -5.39678e-07
1.43103e-06 6.49034e-07
1.71958e-07 1.60884e-07
9.70133e-07 -5.36487e-07
-9.28653e-07 -3.32545e-07
-4.92485e-07 -6.39226e-07
-9.47573e-07 3.06945e-07
-5.61096e-07 4.00744e-07
-3.77864e-07 -4.02518e-07
1.0717e-06 3.60783e-07
-1.50209e-07 -5.61118e-08
-5.3055e-07 -1.13022e-07
-9.35759e-07 6.69167e-07
9.32892e-07 4.88975e-07
2.54553e-07 -5.29646e-07
-1.28021e-06 1.10097e-08
-9.26109e-07 -6.65926e-07
1.26282e-06 2.38866e-07
2.87032e-07 -3.45562e-07
3.6903e-07 -4.36962e-07
1.56686e-07 5.69375e-07
-7.43798e-07 -9.99975e-08
-3.82822e-07 4.42641e-07
-8.28794e-07 1.9286e-07
-1.03409e-06 5.07157e-07
-1.41775e-06 1.31471e-07
-1.25311e-06 1.67022e-07
3.31271e-07 -3.93334e-07
1.24593e-06 -4.38293e-07
-9.54693e-07 -9.89654e-08
-8.08059e-07 -4.05144e-07
6.21737e-07 2.10306e-07
7.95238e-07 -3.13757e-07
-6.57963e-07 -6.21359e-08
9.28608e-07 -6.39706e-08
8.40067e-07 -6.15011e-07
-1.0394e-06 7.98924e-09
-4.88842e-07 6.91877e-07
-1.16355e-06 -5.13037e-08
-1.15518e-06 6.84551e-07
2.05184e-07 -3.37956e-07
-3.06424e-07 -6.17996e-07
7.86162e-07 6.31867e-07
-4.7652e-07 -6.83286e-08
-1.31388e-06 1.33272e-07
-8.05771e-07 -1.92679e-07
7.20999e-07 -3.96601e-07
-1.0641e-06 6.31006e-07
-8.61804e-07 -2.07225e-07
1.43153e-06 4.87759e-07
-2.94065e-07 2.52387e-07
-1.25921e-06 -1.72893e-07
-1.72739e-07 3.96769e-07
-6.86296e-07 -2.09281e-07
-1.43837e-06 5.72891e-07
7.58983e-07 -4.96377e-07
7.70075e-07 3.84055e-07
-7.27085e-07 5.25807e-07
-1.32682e-06 -7.73262e-08
4.66653e-07 4.48239e-07
-7.46734e-07 6.78382e-07
-1.06241e-06 3.76304e-07
1.31156e-06 4.05381e-07
1.28429e-06 -5.54991e-07
5.13211e-07 4.65811e-07
-1.29788e-06 1.4818e-07
5.63178e-11 4.62945e-07
1.32498e-06 -3.56038e-07
2.73559e-07 5.00626e-07
3.42955e-08 -4.33076e-07
-8.9289e-07 1.53456e-07
-6.78761e-07 -1.99304e-07
-3.24312e-07 -2.58138e-07
1.71329e-07 -2.06033e-07
-1.62256e-07 1.83264e-07
1.1194e-06 -7.38164e-08
-1.35323e-06 4.42906e-07
-1.43771e-07 2.04502e-07
4.86e-07 -5.26918e-07
-1.32259e-06 5.73929e-07
1.34611e-06 8.19565e-09
4.89566e-07 -5.21316e-08
-1.98193e-07 5.97042e-07
1.51974e-07 6.62593e-07
1.17559e-06 6.56545e-08
1.32969e-06 -6.64146e-07
1.2735e-07 3.40848e-07
1.17894e-06 1.76959e-07
3.00806e-07 2.62892e-08
-8.62259e-08 -6.42948e-07
2.79854e-07 -2.7705e-08
7.34241e-07 2.88054e-09
5.39751e-07 6.21817e-07
6.72988e-07 -4.66013e-07
-7.7604e-07 8.05858e-08
-7.16485e-07 -6.92956e-07
-1.43121e-06 -5.72759e-07
6.18168e-07 6.64641e-07
-4.18092e-08 -5.4489e-07
6.97561e-07 -5.51021e-07
-9.44041e-07 -1.26033e-07
-8.7909e-07 -1.39832e-07
9.8946e-07 -3.46439e-07
-1.25396e-06 6.31052e-07
4.88613e-07 5.84131e-10
6.73579e-07 5.56004e-07
1.03168e-06 1.02038e-07
1.86691e-07 4.81324e-07
9.61659e-07 -4.48789e-07
-7.09268e-07 -6.23046e-07
-1.68361e-07 5.67535e-07
3.71205e-07 2.14872e-07
-1.32875e-06 -3.60342e-07
9.93088e-08 7.09735e-08
1.11578e-07 -9.74447e-08
3.50686e-07 -2.21161e-07
7.80035e-08 6.76516e-07
8.21416e-07 -1.42555e-07
-1.756e-07 4.71e-07
-9.68693e-07 6.65934e-07
2.5872e-07 -1.06275e-07
1.41151e-06 -2.64381e-07
-8.4503e-07 3.28786e-07
1.565e-07 -3.9078e-07
5.92177e-07 -2.15176e-07
-4.14165e-07 6.06107e-07
6.15607e-07 -3.16756e-07
9.36778e-07 -6.23156e-07
4.92028e-07 1.55395e-07
-2.26001e-07 -6.01753e-07
7.51688e-07 2.33989e-07
7.09596e-07 -3.77723e-07
-1.10468e-06 6.97825e-07
1.22924e-06 -4.86204e-07
-4.9558e-07 -3.40999e-07
1.22887e-06 6.9532e-07
-3.96512e-07 -6.38604e-07
-1.18008e-06 5.27019e-07
-1.22825e-06 3.56118e-07
-1.25713e-06 5.00419e-07
-1.27086e-06 -3.11579e-07
-1.20819e-06 3.41273e-07
-1.12649e-06 -1.96046e-07
-8.84019e-07 -2.45588e-07
-1.24619e-06 7.23594e-08
5.35956e-08 -3.15508e-07
-5.36055e-07 2.8555e-07
9.37525e-07 -6.41822e-07
-3.41529e-08 -6.68777e-07
-8.32422e-07 -2.69617e-07
5.3631e-07 -1.32292e-07
3.36676e-07 -5.50213e-07
-6.79186e-07 1.51247e-07
-1.40762e-07 -5.84527e-07
1.26751e-06 1.60711e-07
-1.05119e-06 1.34223e-07
4.72495e-07 -3.05615e-07
8.16591e-07 -5.15444e-07
-1.03314e-07 -9.88069e-08
-1.07066e-07 -8.30746e-08
-5.54888e-07 1.66214e-07
-1.29529e-06 4.68951e-07
-1.10363e-06 5.32731e-07
-6.16288e-07 6.16617e-07
-2.44638e-07 6.29305e-07
1.29203e-06 6.96841e-07
-8.82732e-07 -6.44949e-07
-3.97817e-07 -6.45823e-08
-3.41627e-07 3.7023e-07
7.78875e-07 5.97318e-07
2.40462e-07 2.38461e-07
1.34596e-06 -1.31053e-07
1.70093e-07 3.8451e-07
5.70007e-07 -4.45604e-07
2.40083e-07 -4.24426e-07
1.24318e-06 -6.2413e-07
-2.20393e-07 4.34795e-08
-1.84569e-07 2.3429e-07
1.44193e-06 -3.00006e-07
3.55136e-07 -3.33876e-07
-1.42986e-06 -2.74658e-07
-6.38037e-07 6.80425e-07
1.21379e-06 -2.41008e-07
-1.113e-06 -3.68666e-07
-9.72628e-07 5.22185e-07
-1.57976e-08 2.82405e-07
-1.12098e-06 -3.97569e-07
3.16164e-07 -3.27805e-07
-4.53516e-07 4.14534e-07
1.44728e-06 -4.33121e-07
-5.6961e-07 5.86233e-07
-1.11006e-06 -6.13678e-07
9.39813e-07 6.56061e-08
-6.4528e-07 2.36599e-07
-1.30222e-06 -5.0138e-07
-8.55124e-07 1.21638e-07
8.44021e-07 -2.6668e-07
3.7284e-08 -6.69502e-07
2.39884e-07 -4.78477e-07
9.87978e-07 4.63114e-07
-9.25738e-07 -1.03197e-07
-1.04671e-06 2.17636e-07
-3.34922e-07 8.91203e-08
-9.14622e-07 6.4146e-07
-2.62478e-07 -6.60532e-07
5.21839e-07 4.7052e-07
-1.0919e-06 -4.21799e-07
6.23848e-07 2.98845e-07
-3.63194e-07 4.15992e-07
-1.75958e-07 5.27165e-07
1.84901e-07 -2.25392e-07
-5.40435e-07 -1.34933e-07
1.07165e-06 6.21617e-07
8.5285e-07 5.22148e-07
4.77814e-07 1.74775e-07
1.26423e-06 6.14509e-07
-4.85388e-07 2.34876e-07
6.71787e-07 -3.86319e-07
1.41098e-06 2.28806e-07
-1.13715e-06 6.23634e-07
1.67692e-07 -4.73986e-07
4.57297e-07 -3.82416e-08
-1.21973e-06 -6.51619e-07
-1.15413e-06 6.63957e-07
3.76215e-08 2.60757e-07
-3.3308e-07 1.02099e-07
-7.29593e-08 2.92447e-07
-1.39476e-06 -4.68586e-07
-1.31999e-06 -6.17953e-07
-2.08729e-08 5.35006e-07
1.43913e-06 5.91685e-07
-8.54032e-07 -6.99216e-07
-2.72685e-07 -5.04072e-07
-4.04683e-07 -5.90784e-07
9.78439e-07 -5.7145e-07
-4.39792e-07 3.41762e-07
5.34982e-07 -5.67943e-07
-9.03837e-07 5.53342e-07
-1.12985e-06 4.41762e-07
3.35481e-07 -5.49302e-07
-2.99474e-07 1.45744e-07
7.00556e-07 -5.74895e-07
3.09003e-08 -2.27678e-08
5.51357e-08 5.14729e-07
1.18768e-06 -6.24129e-07
9.79202e-07 -3.08227e-07
1.11457e-06 -2.35547e-07
6.15631e-07 -6.02362e-08
3.1538e-07 2.27059e-07
-4.71825e-07 -1.81757e-07
9.17075e-07 3.04583e-07
1.26337e-07 5.04343e-07
7.08906e-07 -2.69831e-07
2.29775e-08 3.9929e-07
2.92994e-07 -4.10446e-07
1.06666e-06 -6.64939e-07
4.12554e-07 2.68286e-07
-1.30167e-06 2.55687e-07
1.17676e-06 -2.80302e-07
-9.80917e-07 2.70078e-07
-2.52313e-07 1.33423e-08
-1.14388e-06 -6.92899e-07
-2.6492e-07 -2.42072e-07
-1.1576e-06 3.59011e-07
1.09902e-06 -4.01647e-08
-6.33222e-08 3.99617e-07
2.93011e-07 -6.84484e-07
-1.39525e-06 -1.05114e-07
7.33571e-07 7.86753e-08
3.03566e-07 3.31703e-07
1.53809e-07 -2.0953e-07
5.51085e-07 -3.22918e-07
1.70631e-08 -6.90825e-07
1.01747e-06 5.67878e-07
-6.28403e-07 -2.71181e-07
1.00771e-06 -4.12553e-07
-6.77847e-08 -6.26723e-07
-5.40222e-07 -1.71183e-07
-2.66959e-07 -3.01641e-07
9.09036e-08 4.76646e-07
4.12046e-07 5.44792e-07
4.81015e-07 -5.14073e-07
1.08859e-06 -3.99566e-07
5.94696e-07 -2.09966e-07
-8.52283e-07 1.01663e-07
7.25854e-08 4.25019e-07
-2.25307e-07 -1.91649e-07
-7.23469e-07 -3.76148e-07
1.40976e-06 6.71529e-07
4.27749e-07 6.50269e-07
3.83507e-07 4.06553e-07
-7.27905e-07 -6.29825e-07
8.63194e-07 -3.21352e-07
-6.98319e-07 6.17227e-07
-4.00382e-07 1.10819e-07
7.14058e-07 -6.36103e-07
-8.06736e-07 -6.81251e-07
5.33673e-07 6.71998e-07
1.24184e-06 2.74083e-07
1.24875e-06 4.35251e-07
-1.17109e-06 -1.58546e-08
-1.28602e-07 -5.18915e-07
-1.25286e-07 3.87772e-07
1.14403e-07 -3.73039e-07
8.62194e-07 6.55564e-07
8.27305e-07 -9.71216e-08
1.06454e-06 5.00442e-07
-8.92907e-07 1.81423e-07
8.55394e-07 -4.885e-07
-1.30291e-06 2.7725e-07
5.92041e-07 3.80406e-07
-3.82554e-07 2.44787e-07
-7.8913e-07 -4.34901e-07
-8.89843e-07 1.26664e-07
3.48253e-08 -3.36714e-07
1.97722e-07 1.43664e-07
1.03466e-06 1.29088e-07
3.27369e-07 -2.59772e-07
-8.44718e-07 3.94436e-07
-7.53454e-07 -1.48091e-07
3.21572e-07 6.19776e-07
6.98572e-07 5.88263e-07
6.66639e-07 -5.06567e-07
-1.02997e-06 -4.22296e-07
2.7646e-07 4.2005e-08
-7.11496e-07 2.88869e-07
-5.47706e-07 -6.70406e-07
-8.35212e-07 -6.1305e-09
-1.37557e-06 3.49294e-07
-1.27005e-06 -4.61755e-07
-3.16465e-07 1.39875e-07
1.31204e-06 -4.90433e-07
-3.45593e-07 5.96361e-07
2.35124e-07 -1.81592e-07
4.45458e-07 1.04357e-07
-9.27934e-07 6.86058e-07
-5.54089e-07 -6.94506e-07
1.43521e-06 1.03032e-07
8.6617e-07 -1.28086e-07
-8.25465e-08 6.75957e-07
-3.02225e-08 1.2654e-07
8.89665e-07 -4.61217e-08
5.53695e-08 -3.66765e-07
6.11312e-08 9.7809e-08
-1.31803e-06 5.51093e-07
-3.21057e-08 5.38521e-07
6.50842e-07 -5.31251e-07
-4.2321e-07 3.4418e-07
-3.40282e-07 6.35039e-07
-7.94665e-07 4.90447e-07
-3.84579e-07 4.96925e-07
1.42671e-06 -1.45554e-07
8.3256e-07 -4.29012e-07
-1.17605e-06 -9.62889e-08
7.76671e-07 6.11732e-07
1.3085e-06 -4.50637e-07
1.17051e-06 -3.13679e-07
1.08212e-06 -5.42933e-07
7.39977e-07 2.84412e-07
5.5863e-07 5.3462e-07
-1.30066e-07 -4.04471e-07
4.28045e-08 -3.36052e-07
7.85262e-07 5.05893e-07
4.68341e-07 -2.21997e-07
-1.27539e-06 6.72474e-07
-9.77464e-08 -1.86055e-07
4.86313e-08 -2.83992e-07
5.87004e-08 5.52102e-07
2.37028e-08 -5.46164e-07
-8.90657e-07 4.90115e-07
-3.30832e-07 -5.09407e-08
7.43389e-07 -4.49581e-07
7.24666e-07 -5.81412e-07
-9.80412e-07 1.2161e-07
8.77799e-07 -6.09963e-07
9.7677e-07 2.17131e-07
-1.10709e-06 -1.51392e-07
1.28171e-06 -1.38095e-07
-1.381e-06 -5.52512e-07
-4.46792e-07 6.35041e-07
-4.73863e-07 -6.18618e-07
4.799e-07 -5.70587e-07
4.20581e-07 6.84171e-07
-8.58374e-07 -3.02229e-07
-1.27948e-06 2.47406e-07
-3.2754e-07 -1.44361e-07
-8.8578e-07 6.55518e-07
-3.36695e-07 -1.98645e-07
-1.35865e-06 6.16661e-08
-9.39012e-08 3.9011e-07
7.63427e-07 -4.24549e-07
5.36897e-07 -4.9328e-07
1.70395e-07 1.43994e-07
4.32377e-08 3.12629e-08
1.29556e-07 -6.94296e-07
-1.12108e-06 -2.58533e-07
5.90113e-07 2.97574e-08
-7.15378e-07 2.45436e-07
8.55828e-07 -5.94548e-07
8.22809e-07 -2.85816e-07
1.00216e-06 -1.49811e-07
-2.53509e-07 1.22332e-07
1.38127e-06 -3.18685e-07
1.35082e-06 -6.05875e-07
4.21238e-07 -2.85071e-07
3.72925e-07 3.19155e-07
1.41671e-06 -5.40384e-07
-1.27513e-06 -1.75101e-07
-4.68071e-07 2.25419e-07
-3.50457e-07 5.52312e-07
-3.22241e-07 -5.91814e-07
4.4229e-07 -1.66159e-07
-6.25296e-08 6.73689e-07
2.61709e-07 6.83999e-07
-7.33545e-07 3.33755e-07
-8.54049e-07 8.72459e-08
-1.08139e-06 1.14903e-07
4.96636e-07 -1.72442e-07
1.15387e-06 -1.75882e-07
-1.35371e-06 1.64543e-07
-1.1186e-06 2.69553e-07
-5.88506e-07 2.09814e-08
-1.87748e-08 -1.39045e-07
3.59487e-07 1.52529e-07
-1.09114e-06 -5.99469e-07
-3.385e-07 -2.33182e-07
-2.89319e-07 3.99176e-07
-1.28225e-06 -1.84285e-07
-7.28955e-07 -6.55542e-07
-5.22098e-08 -1.06653e-07
-3.42245e-07 5.95067e-07
1.19172e-06 6.20152e-07
1.38855e-06 -2.55032e-07
-1.40811e-06 1.18072e-07
1.362e-06 8.13566e-08
-6.67851e-07 -4.14322e-07
-5.06914e-07 -5.08541e-07
1.20607e-06 5.82185e-08
1.3534e-06 4.10338e-07
9.26827e-07 8.19754e-08
8.97487e-07 -2.70652e-07
1.25956e-06 4.17977e-07
2.03548e-07 6.41518e-07
1.1554e-06 3.42321e-07
-5.68729e-07 6.05955e-07
-8.39709e-07 4.3165e-07
5.40055e-07 4.37173e-07
-9.47962e-07 2.19164e-07
-1.3871e-06 5.9812e-07
-1.48345e-07 -2.29504e-07
-1.03538e-06 7.20625e-09
4.59704e-07 -5.66757e-08
-1.37318e-06 5.82337e-07
2.54238e-07 -6.32675e-07
2.46311e-08 -7.92831e-08
7.08166e-07 -6.37542e-07
1.12643e-06 6.55624e-07
1.38799e-06 1.68779e-07
3.53909e-07 -4.29906e-07
-9.49579e-07 -3.73815e-07
1.23113e-06 -2.16757e-07
-9.12216e-07 3.85801e-07
1.92951e-07 5.28987e-07
-1.07092e-07 3.19829e-07
-1.19937e-07 -4.52312e-07
6.49294e-07 6.67311e-08
-8.3756e-07 6.82733e-07
7.45003e-07 3.74858e-07
-4.90565e-07 -1.05747e-08
1.33918e-07 -4.05472e-09
3.1602e-07 -1.11055e-07
-6.75276e-07 7.53164e-08
1.41774e-06 -2.29961e-07
-8.80766e-07 -6.47031e-07
8.70431e-07 -2.8942e-07
5.73483e-07 -5.6117e-08
-4.0666e-07 -1.65239e-07
-9.07182e-07 7.5374e-08
-4.57587e-07 1.19279e-07
-7.2661e-07 -6.99301e-07
-5.06079e-08 -1.32757e-07
3.66166e-07 -4.59375e-07
1.00402e-06 1.96364e-07
5.89634e-07 2.19925e-07
-1.01715e-06 4.78484e-07
1.35887e-06 -1.54095e-08
3.58207e-07 4.20995e-07
4.75122e-07 -3.5137e-07
8.15607e-07 4.20608e-07
-1.42697e-06 2.34704e-07
1.48468e-07 6.60286e-10
1.31315e-06 2.57742e-07
3.96519e-07 -3.24925e-08
-1.29028e-06 4.26163e-07
-5.3455e-07 6.66948e-07
-9.47043e-07 6.27439e-07
8.55075e-07 -3.12e-07
-3.00427e-07 3.09231e-07
-1.43524e-06 -5.98125e-07
-1.32599e-07 3.95035e-07
7.31001e-07 -3.25789e-07
6.34596e-07 2.90151e-07
-4.99182e-07 7.2632e-08
1.71493e-07 3.49367e-07
7.92501e-07 4.36232e-07
1.29758e-06 3.61477e-07
6.86992e-07 3.55674e-07
5.60328e-07 -5.27873e-07
1.40074e-06 1.69181e-07
-1.11076e-06 -5.72744e-07
1.03619e-06 -2.51471e-07
-8.99118e-07 2.57625e-07
-6.43819e-07 2.78667e-08
-1.67169e-07 -2.78694e-07
-1.42612e-06 -2.92913e-07
1.19335e-07 6.96531e-07
6.333e-07 3.92602e-07
3.15554e-07 -1.38923e-07
1.16311e-06 -3.86525e-07
1.22466e-06 -6.71648e-08
6.35413e-07 2.83639e-07
-7.40642e-07 -1.82222e-07
-3.84673e-07 -6.78803e-07
-6.31322e-07 -3.86694e-07
-1.14773e-06 3.43055e-07
6.95813e-07 3.7236e-07
1.14611e-06 -1.19236e-07
1.00751e-06 -2.97628e-07
2.3951e-08 -5.66892e-07
9.14774e-08 7.03062e-08
-2.31111e-07 3.83033e-07
-3.77216e-07 -2.91574e-07
-8.09551e-07 7.04646e-08
-1.0548e-06 6.78664e-07
-1.24355e-06 4.34085e-07
-3.08826e-07 2.3273e-07
-8.4495e-07 -2.30652e-07
-6.02245e-07 -4.27656e-07
1.27469e-06 4.81474e-07
-9.75115e-07 5.71191e-07
-3.57222e-07 3.25175e-07
-1.47313e-07 -3.16987e-07
-1.34801e-06 5.20054e-08
-1.23027e-06 -8.16832e-09
1.38829e-06 -1.7401e-07
-1.64094e-07 5.15726e-07
5.05762e-07 -3.07479e-07
1.32986e-06 -1.96094e-07
-1.41447e-06 3.58543e-07
1.39665e-06 -4.58312e-07
-7.15219e-07 -6.44038e-07
8.48101e-07 -5.32834e-07
-9.07189e-07 3.1776e-07
-5.53179e-07 1.66348e-08
5.39027e-07 -4.61245e-08
-6.91186e-07 6.99827e-07
-1.42276e-06 1.83228e-07
8.79443e-07 -5.01117e-08
-1.09424e-06 -6.34529e-08
7.94516e-08 -9.64849e-08
7.71703e-07 3.12229e-07
6.63356e-07 -1.53612e-07
-4.75389e-07 -5.14466e-07
2.40171e-07 -2.65632e-07
-1.41942e-06 4.054e-07
-4.76002e-07 -2.00718e-07
-9.65378e-07 -1.27963e-07
1.32839e-06 -2.0504e-07
-6.61965e-08 9.5146e-08
-1.33925e-06 2.78241e-07
2.35278e-07 6.45072e-07
1.18801e-06 -4.18672e-08
-1.01235e-06 6.78534e-08
1.33499e-06 -1.54086e-07
-4.83675e-07 -4.47904e-07
-1.10098e-06 -3.43584e-07
7.94241e-07 -4.76289e-07
3.1508e-07 -4.43185e-07
-1.30305e-06 -5.67185e-07
-1.30503e-06 -9.24617e-09
-1.32492e-07 8.35019e-10
-1.00086e-06 -3.95396e-07
1.09157e-06 1.0455e-07
-1.14914e-06 -6.50411e-07
2.11627e-07 -4.75757e-07
1.27322e-06 6.41138e-07
-4.34487e-08 2.73601e-07
8.15125e-07 -6.44383e-07
1.17526e-06 -2.52487e-07
-4.55221e-07 -1.21411e-07
5.06433e-07 2.16299e-07
6.58009e-07 1.72714e-07
1.02549e-06 3.66047e-07
-6.76372e-07 -5.02803e-07
-6.57749e-07 -1.22785e-07
1.07405e-06 4.71036e-07
2.37338e-08 -6.12551e-07
-8.82092e-07 -3.00786e-07
-7.48168e-07 2.70812e-08
-5.53189e-07 -1.73945e-09
5.34404e-07 -2.97699e-07
-1.36636e-06 5.70145e-08
-4.16713e-07 6.65867e-07
-1.03638e-07 -5.74057e-07
1.20428e-07 -6.52323e-08
2.80568e-07 -2.52121e-08
-1.12102e-06 4.61095e-07
-1.4015e-06 -4.16604e-07
7.90987e-07 4.38117e-07
1.3172e-06 -6.22554e-07
9.30881e-07 -3.34679e-07
3.68086e-07 -5.96078e-07
-5.29656e-07 -2.04588e-07
-7.80448e-07 -6.51382e-08
1.14915e-06 2.27305e-07
2.33847e-07 -2.52008e-07
-4.56822e-07 -6.95902e-07
-9.49384e-07 -5.00538e-07
4.17329e-07 -2.50801e-07
6.87716e-07 -4.73125e-07
-5.63513e-07 1.48042e-07
-7.34993e-07 -3.83199e-07
-1.26615e-06 2.52529e-07
-2.29383e-07 8.39649e-08
1.85394e-07 -6.61575e-07
-6.57224e-07 -6.92912e-07
-8.76244e-08 5.1445e-07
1.39329e-06 5.46814e-07
-2.98599e-07 1.1303e-07
1.28044e-06 3.17003e-07
-5.41075e-07 5.41187e-07
1.36494e-07 -2.61295e-07
-2.23197e-07 3.74305e-07
-9.25549e-07 -2.55329e-07
-1.07681e-06 1.98431e-07
-7.2071e-08 6.03757e-07
9.57848e-07 -5.14798e-07
1.11707e-07 -1.44758e-07
-1.44699e-06 -6.85652e-07
-1.14336e-07 -1.24756e-07
1.74572e-07 2.65628e-07
1.40117e-06 1.3159e-07
-6.65316e-07 -3.16588e-07
8.56922e-07 -3.20041e-07
-1.81492e-07 6.44227e-07
-8.37405e-07 -2.51592e-07
-2.57627e-07 -5.40418e-09
-1.40026e-06 -5.39742e-07
2.17911e-07 2.83084e-07
3.92233e-07 -3.9249e-07
1.15962e-06 6.70054e-07
3.41565e-07 -4.37703e-07
1.15369e-07 -1.8184e-08
-6.13262e-07 1.88147e-07
-7.11648e-07 1.69639e-07
-6.75225e-07 4.40793e-07
-2.70304e-07 2.78428e-07
3.22545e-07 -1.76575e-08
1.37656e-06 -8.56685e-08
-2.15254e-07 -4.34197e-07
1.17694e-06 -1.85028e-07
9.512e-09 1.05199e-07
3.10657e-07 -5.57101e-07
-1.04945e-06 1.42317e-07
6.2786e-07 -6.975e-08
-3.23101e-07 -4.88509e-07
7.2028e-07 5.45071e-07
-2.31645e-07 -7.09723e-08
-3.38287e-07 -6.88767e-07
-1.59136e-07 7.7778e-09
6.61934e-07 1.46225e-07
-7.15153e-07 7.54215e-09
-1.28236e-06 4.87259e-07
1.26516e-06 5.44561e-08
-7.48201e-07 6.48537e-07
-1.87222e-07 2.22965e-07
-9.40293e-07 2.1977e-07
1.05169e-06 4.62315e-07
-9.59115e-07 -5.85487e-08
3.91451e-07 -1.08891e-07
-1.11851e-06 5.01502e-07
9.33873e-07 -6.22889e-07
-4.82277e-08 1.1497e-07
-4.91534e-07 5.42815e-07
4.62177e-07 -7.75158e-08
9.57001e-08 3.14627e-07
1.0785e-06 5.40691e-07
-4.83312e-07 8.41112e-08
6.52756e-07 2.95614e-07
1.95383e-08 3.78749e-07
1.0195e-06 2.72743e-07
-1.32245e-06 -2.88021e-07
6.63364e-07 4.02001e-07
-1.81334e-07 -1.56739e-07
-8.92807e-07 5.05147e-07
-1.98765e-08 -6.51608e-07
6.32592e-07 -3.28175e-07
-2.39969e-08 -3.77979e-07
8.07863e-07 -3.03656e-07
5.62365e-07 3.0018e-07
-2.39986e-09 5.08119e-07
4.28946e-07 6.42945e-07
-1.58206e-07 -1.44185e-07
-7.54815e-07 -4.658e-07
-2.21173e-07 -1.2568e-07
1.43543e-06 -5.28102e-07
1.15604e-06 3.74654e-07
-4.04059e-07 1.17783e-09
-1.02219e-06 3.08557e-07
1.31016e-06 -2.09679e-07
2.5419e-07 -1.06307e-07
8.14593e-07 -3.63985e-07
-9.58579e-07 5.43957e-07
3.08187e-07 -3.93568e-07
1.16116e-07 6.72448e-07
7.05933e-08 5.74865e-07
9.05656e-07 -9.52443e-08
6.33158e-07 -6.02315e-07
-3.71349e-08 2.74535e-07
3.15081e-07 -1.50219e-07
3.70722e-07 -4.52505e-07
-2.06288e-07 -6.50123e-07
1.38233e-06 5.27995e-07
-6.69595e-07 5.09742e-07
1.44866e-06 3.55351e-07
-6.72132e-07 -5.81177e-07
-8.32865e-07 6.76973e-07
-1.26631e-07 -1.77747e-07
-5.15434e-07 -7.12003e-08
1.35234e-06 -8.88544e-08
7.92881e-07 4.43097e-07
-5.44021e-07 -1.59275e-07
-1.11124e-06 2.56438e-07
-6.44434e-07 4.30539e-07
-1.42927e-06 -5.82572e-07
1.29637e-06 5.90886e-07
-9.58368e-07 -2.5428e-07
1.25186e-06 -5.72822e-07
1.02121e-06 -6.38675e-07
-9.32541e-07 -6.69194e-07
-9.7958e-08 -5.56565e-07
-8.64692e-07 -5.21617e-07
1.31287e-06 4.3406e-08
6.30284e-07 1.84987e-07
-3.37418e-07 3.51705e-07
9.52528e-07 -4.40921e-07
2.87336e-07 -3.11012e-07
1.06783e-07 5.90984e-07
1.22567e-06 1.18119e-08
2.14368e-08 2.03149e-07
-9.37137e-07 -1.67261e-07
-6.60738e-07 -6.42122e-07
1.15649e-06 1.16764e-07
-1.2271e-06 6.17464e-07
1.01536e-06 -8.51376e-08
3.45974e-07 1.81449e-07
-4.04623e-07 -3.56994e-07
-3.3592e-07 -4.07754e-07
-4.03039e-07 2.18418e-07
-1.33173e-06 5.00797e-07
9.73351e-07 2.14364e-07
-6.12834e-07 3.98676e-07
-1.00728e-07 -6.78109e-07
1.09679e-07 -6.47363e-08
-9.70967e-07 5.87107e-07
-4.33353e-07 3.3989e-08
1.19333e-06 2.66636e-08
-3.17568e-07 -4.4737e-07
-1.32043e-06 -4.68058e-07
1.13326e-06 5.98244e-07
-2.10602e-07 -4.89493e-07
-8.58985e-08 -1.64829e-07
-2.23263e-07 -1.67287e-07
7.89069e-07 3.97954e-07
1.07032e-06 -4.16228e-07
1.80406e-07 4.95335e-07
-5.21298e-07 2.96824e-07
1.23629e-06 -4.05131e-07
1.12697e-06 9.46118e-08
1.28441e-06 4.77414e-07
2.22081e-08 -6.20419e-07
-5.35796e-07 -2.04634e-07
-3.97348e-08 -4.07781e-07
2.4338e-07 4.62078e-07
-5.00753e-08 -3.6882e-07
9.86465e-07 5.26836e-07
1.19877e-06 -5.52786e-07
-8.86702e-07 2.72528e-07
6.65249e-07 -6.01708e-08
8.56561e-07 1.30758e-07
-1.21303e-06 -5.91462e-08
-8.96232e-07 -2.15505e-07
-4.67647e-07 1.01145e-07
1.1601e-06 -5.83139e-07
-7.95173e-08 -2.06422e-07
-2.52294e-07 -5.91616e-07
8.48755e-07 2.75424e-07
9.45126e-07 3.10511e-07
5.80923e-07 4.42698e-07
-5.00073e-08 4.35239e-07
4.88896e-07 -2.82483e-07
9.37023e-07 2.57676e-07
-5.45082e-07 4.37942e-07
-1.39383e-06 -4.03464e-08
-8.86817e-08 -1.61506e-08
-2.95509e-07 -4.0996e-07
-1.83763e-07 -1.753e-07
8.62438e-07 -5.49472e-07
9.64747e-07 -1.0322e-07
1.30782e-06 1.56578e-07
4.87963e-07 -3.86418e-08
6.56436e-09 -6.93589e-07
-3.60318e-07 -2.38239e-07
-5.24053e-07 -9.51112e-08
-4.44423e-07 -3.87958e-07
8.89621e-07 -6.09688e-07
7.55849e-07 2.14085e-08
1.07678e-06 -5.45242e-07
9.74365e-07 -6.10679e-07
-9.55057e-07 3.83847e-07
-7.94949e-07 -5.77764e-07
-1.15669e-06 -3.40961e-07
-1.01437e-06 4.08639e-07
5.28355e-07 6.29843e-07
-2.17237e-08 5.08127e-07
-7.70408e-07 -9.71047e-08
-1.09186e-06 -6.23471e-07
9.94015e-09 -3.44795e-07
5.18695e-07 4.82091e-07
2.71942e-07 1.56366e-07
-1.4218e-06 4.88822e-08
-8.2925e-07 6.0142e-07
-1.29126e-06 -4.79003e-07
1.31883e-06 -6.94694e-07
-3.99237e-07 3.27099e-07
-1.0508e-06 -6.58899e-07
-5.06758e-07 1.63719e-07
-1.27893e-06 2.04533e-07
-8.29026e-07 -6.56314e-07
-2.45993e-07 3.86069e-08
1.18577e-07 3.04576e-08
-1.32439e-06 -2.64483e-07
-1.41615e-06 1.73457e-08
7.91e-07 -5.4705e-07
1.55224e-07 -4.88613e-07
-2.96023e-07 2.50588e-07
-2.75691e-07 5.72216e-07
-1.65508e-07 -5.1892e-07
-4.96265e-07 4.62579e-07
-1.43681e-06 -3.26535e-07
-2.74239e-07 -4.2165e-07
4.44904e-07 -5.09532e-07
-1.16557e-06 5.7035e-07
-3.00777e-07 -2.64605e-07
1.63486e-07 2.54194e-07
-9.39047e-07 -4.05848e-07
2.0662e-07 9.95296e-08
-1.2616e-06 -4.97039e-08
-4.63131e-07 -3.55685e-07
1.28299e-06 4.35987e-07
7.1609e-07 6.67607e-07
1.3657e-06 6.89902e-07
5.51953e-08 -4.87637e-07
3.04993e-07 -4.23741e-08
5.68982e-07 -1.04387e-07
9.28739e-07 4.20101e-07
7.16718e-07 -2.36845e-07
-9.57962e-07 4.02162e-07
-1.30111e-06 4.30978e-07
7.16726e-07 -1.32932e-07
7.30277e-07 -2.338e-07
-1.43676e-06 6.36876e-07
-6.08528e-07 1.53126e-07
4.44368e-08 -3.7719e-07
-1.02318e-06 5.21523e-07
1.01003e-06 -5.4442e-08
2.9166e-07 -7.3194e-08
5.00974e-07 1.90412e-07
9.67622e-07 2.00904e-07
-1.31145e-06 3.02561e-07
-9.47068e-07 4.41994e-07
-5.50075e-07 -3.31947e-07
-9.3261e-07 2.1184e-07
-1.32579e-06 9.17283e-08
-3.53983e-07 5.62344e-07
-8.33303e-07 1.92252e-07
5.29709e-08 -6.62569e-07
-8.60958e-07 1.89194e-07
1.395e-06 3.68219e-07
-4.63603e-07 -1.58953e-07
-1.08256e-06 1.66898e-07
1.21353e-06 1.25513e-07
-7.89386e-07 5.43688e-07
8.16379e-07 -6.64101e-08
7.91521e-07 -6.84046e-07
-1.04668e-06 -6.3161e-08
1.28984e-06 -1.0706e-07
2.99718e-07 3.46877e-07
4.30333e-07 1.93456e-07
4.32866e-07 5.70693e-07
-8.46991e-07 -2.00586e-07
-2.67551e-07 5.35987e-07
-1.18946e-06 1.42865e-07
-9.61037e-07 6.36518e-07
-3.60484e-08 -5.15466e-07
1.35339e-06 -5.94596e-07
-1.3344e-06 2.49273e-07
-1.28961e-06 -4.40048e-07
-1.31705e-06 -6.44955e-07
-5.98311e-07 3.03961e-07
-8.6295e-07 -5.41549e-07
-9.28126e-07 -2.34244e-07
-1.10647e-07 -2.09581e-07
1.43238e-06 6.94133e-07
1.42606e-06 -4.91638e-07
3.37588e-07 3.2667e-07
7.30205e-07 3.3625e-07
-1.39457e-06 6.52957e-07
1.42624e-06 2.82051e-07
-4.56058e-07 -2.72763e-07
5.34888e-07 3.0079e-07
2.94438e-08 2.35386e-07
-1.42185e-06 3.99756e-07
-5.13665e-07 -5.37028e-07
-1.27312e-06 1.35603e-07
4.80416e-07 9.40718e-09
7.49995e-07 -4.18187e-07
-2.63125e-07 6.24746e-07
9.37077e-07 -2.73934e-07
4.31296e-07 -2.81033e-07
7.42025e-07 4.14013e-07
1.33748e-06 -2.31393e-07
-9.62384e-07 -1.66964e-07
-2.4787e-07 4.14841e-07
1.10838e-06 -5.25359e-07
1.25056e-06 6.4397e-07
1.4088e-06 4.30956e-07
7.70289e-07 -6.80179e-07
-8.98291e-07 1.30197e-07
1.30228e-06 3.53279e-07
6.95473e-07 -5.5919e-07
-6.29759e-07 6.75623e-07
-1.38155e-06 5.32617e-07
-4.43738e-07 5.80553e-07
-2.38659e-08 -9.06906e-08
-1.10614e-06 -4.54229e-07
-9.4009e-07 -5.49315e-07
6.09415e-07 6.00936e-07
-1.37191e-06 2.25348e-07
-4.61455e-07 -5.33577e-07
1.10865e-06 -4.73562e-07
1.034e-06 -3.41145e-07
8.39185e-07 2.99766e-07
1.19486e-07 -2.10374e-07
-1.49317e-07 -5.87805e-07
1.09184e-06 -5.6143e-07
6.49076e-07 -3.18415e-07
-3.93891e-08 -7.31355e-08
-1.42846e-06 4.74172e-07
4.81649e-07 -3.86107e-08
-1.39378e-06 -3.36881e-07
-1.17455e-06 9.47273e-08
-8.33672e-07 -3.40039e-07
-1.07435e-07 -3.98221e-08
8.06963e-07 6.14989e-07
9.57799e-07 2.28431e-07
-6.45265e-07 -5.87593e-09
4.06577e-08 2.04082e-07
7.27369e-07 4.43107e-07
-6.90101e-07 4.17948e-07
2.36465e-07 2.11552e-08
1.28269e-06 6.0607e-07
3.45364e-07 6.15115e-08
6.89446e-07 -1.58841e-07
4.07473e-07 2.65272e-07
9.70487e-07 -4.45754e-07
-5.42723e-07 -3.18327e-07
-8.08656e-07 -5.3505e-07
3.13277e-07 -4.96818e-08
-7.07896e-07 -4.76793e-07
3.87976e-07 -4.80774e-07
4.50448e-07 -6.69672e-07
-3.67917e-07 1.40206e-07
-9.24696e-08 -4.50424e-07
8.47923e-07 2.37998e-07
-6.01906e-07 1.10892e-07
-1.31539e-06 1.99704e-08
-1.38251e-06 -6.78961e-07
1.17226e-06 3.09027e-08
7.98802e-07 3.39152e-07
8.16541e-07 3.96986e-08
1.13491e-06 -5.13975e-07
-9.06609e-07 6.13903e-07
7.26768e-07 -4.92555e-08
1.14178e-06 -6.2908e-07
-8.64793e-07 -3.779e-07
-1.15688e-06 2.79569e-07
-2.11751e-07 1.64454e-07
2.84881e-07 6.28143e-08
1.20825e-07 6.91127e-07
-6.90096e-08 -5.43272e-07
3.45515e-08 1.70253e-07
-6.31627e-07 1.597e-07
6.67028e-07 -6.22534e-08
6.45428e-07 -5.60835e-07
-1.11852e-06 3.61997e-07
5.47076e-07 2.22695e-07
1.2031e-06 -4.75808e-07
3.99515e-08 3.78334e-07
-1.49953e-07 1.27183e-07
1.32675e-06 -1.62193e-07
-8.84766e-07 6.2345e-07
8.08676e-07 6.38131e-07
7.35651e-07 4.29075e-07
2.86132e-07 5.33202e-07
-6.38961e-07 -2.43535e-07
2.83445e-07 2.88463e-07
-7.49781e-07 -3.323e-07
6.00796e-07 6.13647e-07
-3.05664e-07 -3.06594e-07
1.19665e-06 1.65506e-07
-9.37068e-07 -4.23367e-07
7.60078e-07 3.46051e-07
7.82296e-07 -6.20886e-08
1.23763e-06 -2.01206e-07
4.5223e-07 -2.05838e-07
1.11207e-06 2.88887e-07
1.4208e-06 -1.85362e-07
-4.11707e-07 -6.51926e-07
5.25126e-07 2.49719e-07
-9.1059e-07 -1.1578e-08
-6.75098e-07 2.59391e-07
1.05974e-06 4.07948e-07
9.49088e-07 3.14226e-07
-1.64419e-07 5.9466e-07
7.99763e-07 -4.4025e-07
8.05939e-07 5.4395e-07
-5.69546e-08 3.81726e-07
-1.05603e-07 2.14699e-07
1.07295e-06 5.10122e-08
6.34298e-07 -1.57817e-07
1.12582e-06 -6.16259e-07
-8.18097e-07 2.94122e-07
-5.45385e-07 3.02369e-08
1.25663e-07 6.51098e-07
2.46502e-08 2.01026e-07
1.14858e-06 -4.65544e-07
1.43765e-06 -3.20321e-07
-3.99047e-07 -6.0619e-07
8.45142e-07 -1.58946e-08
9.14754e-07 1.23322e-08
1.03497e-06 -4.8968e-07
5.21177e-07 -5.42481e-07
-1.02463e-06 3.14398e-07
9.94857e-07 3.88249e-07
-1.04378e-06 1.46328e-07
-1.23593e-06 -1.90943e-07
8.81851e-08 -2.05609e-07
1.41203e-07 6.80013e-07
-1.37184e-06 4.78767e-07
-1.56711e-07 -3.64738e-08
5.33803e-07 6.20014e-07
4.01211e-07 6.04989e-07
2.98686e-07 1.8101e-07
2.14928e-07 4.92301e-07
6.25521e-07 -5.35608e-07
1.36079e-06 2.31719e-07
-7.6278e-08 -4.10039e-07
-4.60481e-07 -4.41273e-07
1.30132e-06 4.02553e-07
2.39563e-07 3.37715e-07
-1.40553e-06 -1.06589e-07
-1.10432e-06 -2.52887e-07
-3.75886e-07 4.39091e-07
-1.38941e-06 -6.535e-07
-7.32792e-07 2.72502e-07
-4.05838e-07 3.24257e-07
-3.03648e-07 -1.16669e-07
-1.36585e-06 2.66769e-07
-7.66084e-07 -6.1835e-07
1.18963e-06 3.90142e-07
6.39058e-07 2.8612e-07
-8.75251e-07 -6.02603e-07
8.36095e-07 -3.11474e-07
1.10919e-06 3.9244e-09
-1.10399e-07 5.72998e-07
-1.3109e-06 6.62461e-07
5.28571e-07 2.93625e-07
3.23181e-07 -3.2209e-07
2.98644e-07 -1.12211e-07
6.92669e-07 -8.36473e-09
1.23111e-06 1.24822e-07
-2.84846e-07 1.9032e-08
5.42941e-07 -1.4611e-07
-3.21718e-07 5.35311e-07
-4.42852e-07 6.49407e-07
6.43638e-07 -2.17697e-07
7.84235e-07 4.90456e-07
9.46896e-07 -4.82395e-07
-1.12409e-06 -4.63214e-07
-1.18627e-06 1.86196e-07
2.77442e-07 6.16296e-07
-8.8631e-07 -3.03776e-07
-1.24724e-06 -6.15816e-07
9.5452e-07 6.44116e-07
8.85375e-07 -9.46932e-08
8.67639e-07 3.38978e-07
5.83022e-07 3.5142e-07
6.14344e-07 5.06114e-07
-2.48164e-08 -4.2181e-07
1.74815e-07 5.30233e-07
-8.89949e-07 -2.5743e-07
9.87779e-07 4.23848e-07
-1.12641e-06 -2.37944e-07
-2.39916e-07 2.05928e-07
9.87446e-07 -3.26514e-07
-1.23346e-06 6.81969e-07
1.019e-06 -3.52203e-07
1.04608e-06 -4.75103e-07
-1.31402e-06 2.29673e-07
-1.42397e-06 1.74558e-07
-1.42677e-06 -5.34982e-07
-7.45883e-07 6.3012e-07
-3.32078e-07 -2.67736e-07
-2.89892e-08 -8.42985e-08
-2.7262e-07 1.36708e-07
9.78314e-07 -2.30507e-07
8.27532e-07 -1.83424e-07
-1.17039e-06 2.36992e-07
8.3066e-07 7.88328e-08
1.12223e-06 2.41686e-07
1.05239e-06 3.91407e-07
1.11526e-06 3.08989e-07
6.41892e-08 -3.57003e-07
1.24007e-06 -6.4616e-07
-8.71932e-07 -5.97916e-07
-1.29668e-06 4.12374e-07
-8.69648e-07 -4.45894e-07
-1.97468e-07 5.09238e-07
-7.19895e-07 -4.8155e-07
-1.20879e-06 6.75156e-07
8.01135e-07 5.57162e-08
1.36579e-06 5.1863e-07
-9.63607e-07 -3.55546e-07
6.10789e-07 1.12597e-07
2.11767e-07 5.80285e-07
4.44596e-07 3.91988e-08
-6.62423e-07 1.74802e-07
-6.16083e-07 -2.64092e-07
6.56676e-07 -5.44777e-07
7.68558e-07 -4.85285e-07
-1.08703e-07 -4.46656e-07
1.39913e-06 -3.40274e-07
-3.46627e-07 -5.47479e-07
1.16813e-06 3.08608e-07
1.42628e-06 9.9456e-08
8.0027e-07 3.02183e-07
2.74181e-07 2.35326e-07
1.37208e-06 -3.37875e-07
-1.26821e-06 5.32126e-07
8.20574e-07 4.40629e-07
3.50269e-07 -6.705e-07
2.33389e-07 -1.6151e-07
-1.22187e-06 -3.49676e-07
9.02676e-07 -3.62354e-07
1.21495e-07 3.05148e-07
7.87645e-07 -3.29903e-07
4.40354e-07 -5.62906e-07
-1.36175e-06 -3.76549e-07
1.13025e-06 6.45816e-07
1.94812e-07 -4.24846e-07
-8.88407e-07 6.94617e-07
8.71233e-07 5.1165e-07
-6.89176e-07 1.72919e-07
-8.02798e-07 -5.16173e-07
1.11415e-06 4.53044e-07
1.1945e-06 -5.37551e-07
-1.37124e-06 -3.90454e-07
9.6615e-07 5.11189e-07
4.87971e-07 6.57978e-07
9.77136e-08 2.15879e-07
-1.37764e-06 -2.49663e-07
-1.14406e-06 6.70829e-07
6.9067e-07 2.93789e-07
1.33094e-06 1.18887e-07
-2.53534e-08 -2.35176e-07
7.01622e-07 -4.8749e-07
1.37868e-06 4.69873e-07
6.62942e-07 -3.82668e-08
1.23715e-07 -5.97082e-07
-3.2508e-07 -6.85542e-08
3.17043e-07 -2.94309e-07
-2.31376e-07 4.55945e-07
1.38818e-06 6.40691e-07
-1.43853e-06 -1.61257e-07
-1.2588e-06 -5.18193e-07
-4.55463e-07 -1.32489e-07
-2.4906e-07 1.60415e-07
2.34629e-07 -3.85833e-07
-1.68357e-08 -4.46681e-07
1.3826e-06 -4.96031e-07
-9.34591e-07 -3.41187e-07
1.41792e-06 -8.21828e-08
4.15268e-07 -5.38448e-07
-1.36431e-06 1.17597e-07
3.1785e-07 6.43371e-07
5.15913e-07 -2.03111e-07
3.16857e-07 6.22172e-07
1.23514e-06 1.24575e-07
9.31656e-07 1.72219e-07
6.00935e-08 1.08154e-07
-1.30508e-06 -2.02177e-07
-1.15447e-07 -5.99549e-07
5.69773e-07 1.31785e-07
-1.25379e-07 -6.59564e-07
2.46619e-07 -2.8881e-07
-8.06511e-07 -2.91602e-07
-1.19206e-06 2.84058e-07
5.41986e-07 6.50542e-08
4.73759e-07 -3.4955e-08
-4.46752e-07 4.04164e-07
-3.20154e-08 1.18772e-07
-9.13832e-09 5.17443e-07
-9.45977e-08 -4.02199e-07
-1.13922e-06 3.39414e-08
-8.40342e-07 3.70796e-07
4.28084e-07 4.85209e-07
7.06025e-07 3.30225e-07
-2.89017e-07 -6.19457e-07
-3.60347e-07 -1.01319e-08
-3.75322e-07 1.59939e-07
-3.35447e-07 -5.68121e-07
1.24244e-06 -1.51292e-07
2.91502e-07 4.60614e-07
-1.19922e-07 -3.38048e-07
9.40035e-07 4.28989e-07
1.36585e-06 -1.91914e-07
-1.28331e-06 6.21006e-07
-8.92425e-07 -3.29016e-07
1.36517e-06 3.33294e-07
9.73064e-08 -5.11846e-07
2.14151e-07 3.64556e-07
2.83223e-07 8.67759e-08
-6.40931e-07 -3.85713e-07
-8.04795e-07 4.08091e-07
9.89119e-07 -5.33531e-07
4.39102e-07 2.17169e-07
-3.37842e-07 5.80016e-07
8.95299e-07 2.08543e-07
-4.10896e-07 -5.37075e-07
-1.2677e-06 -3.37608e-07
-5.96467e-07 1.83043e-07
7.31084e-08 4.0201e-08
5.51189e-07 3.66193e-07
-5.69725e-08 1.37303e-07
8.88176e-07 6.39529e-07
1.06318e-07 -2.90405e-07
-1.843e-07 -4.57702e-07
8.29427e-07 4.99901e-07
3.54288e-07 1.35609e-07
4.50317e-07 4.79606e-07
1.67677e-07 -4.49503e-07
8.48615e-07 5.21183e-07
-1.18841e-06 1.83817e-07
7.7316e-07 6.51927e-07
8.54545e-07 1.35181e-07
-1.51856e-07 3.96768e-07
-9.27462e-08 -6.0423e-08
-1.37534e-07 2.98678e-07
-1.03132e-06 8.47657e-08
-1.23837e-06 -7.59356e-08
-1.21707e-06 3.53078e-08
-1.21218e-06 -1.03747e-07
5.95355e-07 -4.16131e-08
-8.41494e-07 4.1288e-07
1.62332e-07 5.64251e-07
6.6289e-07 -3.43887e-07
-4.99219e-07 -4.38094e-07
9.05101e-07 2.93574e-07
-1.01332e-06 2.1315e-07
-7.8356e-07 4.12314e-07
9.77186e-07 -4.74059e-07
3.03863e-07 -5.08963e-07
8.32219e-07 1.82786e-07
1.65595e-07 -1.9342e-08
-6.72651e-07 5.00062e-07
1.44121e-06 1.26978e-08
-1.07105e-06 1.13507e-07
1.06679e-06 5.15594e-07
1.00019e-08 4.89837e-07
1.01996e-07 6.49288e-07
-1.09306e-06 -1.11501e-07
2.90973e-08 2.00695e-07
-1.83728e-07 -1.28618e-07
2.89512e-07 -1.72281e-07
-1.41231e-06 3.57251e-08
6.3514e-07 -5.4851e-07
7.52544e-07 3.97433e-08
9.58274e-07 -3.70512e-07
-6.11364e-07 -2.90806e-09
-8.41248e-08 9.8699e-08
-7.46453e-07 -5.87276e-07
-1.24868e-06 -4.0007e-07
2.94977e-10 -1.91834e-07
1.38602e-06 5.85847e-07
-5.32246e-07 -2.93857e-07
1.40606e-06 -1.11623e-08
-1.86836e-07 1.66161e-07
3.9693e-07 -3.40601e-07
-2.97246e-07 -5.77364e-08
-1.66639e-07 -6.63083e-07
-7.95654e-07 4.06109e-07
-5.06103e-08 2.2014e-07
-2.89127e-07 -3.77526e-07
5.39411e-08 2.32029e-08
-7.26622e-07 4.94159e-07
-3.99833e-07 6.08767e-07
9.5525e-07 -3.5051e-08
1.18944e-06 3.10854e-07
-1.36561e-06 3.9701e-07
1.38479e-06 4.76642e-07
-3.86274e-07 3.43481e-09
3.77905e-08 -2.91186e-07
-9.07581e-08 -4.37751e-07
-6.04506e-07 1.21708e-08
6.00842e-07 -7.14848e-08
-7.15318e-07 2.38755e-07
7.87612e-08 3.34738e-07
8.34636e-07 -1.3233e-07
1.51522e-07 2.06391e-07
2.95542e-07 -5.24768e-07
7.25883e-07 3.54446e-08
-1.32505e-07 9.22272e-08
6.27772e-07 2.51453e-07
-1.16786e-06 1.33984e-07
-2.1476e-07 5.43704e-08
3.71926e-07 -1.91975e-07
-1.33345e-06 4.0564e-07
-8.32066e-07 -1.76102e-07
1.23658e-06 -6.45984e-07
1.37623e-06 5.61484e-07
1.38924e-06 -2.73143e-07
1.06007e-06 -2.97032e-07
3.02747e-07 -7.87072e-08
-1.58474e-08 5.64674e-07
2.59219e-07 4.52985e-07
9.39518e-07 3.21992e-07
-1.19292e-06 -9.54818e-08
1.02544e-06 4.66129e-07
-5.55961e-07 -2.81863e-07
-1.13047e-07 -5.799e-07
-7.69051e-07 -6.55364e-07
-6.57615e-07 1.21082e-07
-1.42304e-06 6.5093e-07
9.17744e-07 6.68688e-07
-3.86874e-08 6.55309e-07
-7.36245e-07 -2.44689e-08
1.30726e-06 -1.22909e-07
7.93752e-07 6.15976e-07
6.96391e-07 -3.67796e-08
-1.86133e-07 3.40255e-07
7.49783e-07 5.88226e-07
9.34273e-07 3.51163e-07
1.23642e-06 -3.47861e-07
-1.41354e-06 -5.79381e-07
-1.09084e-06 3.05974e-07
-7.22058e-07 2.88055e-07
-1.18949e-06 -4.22968e-07
-7.26245e-07 -5.87869e-07
-1.83778e-07 3.75562e-08
1.04053e-06 6.17223e-08
1.21107e-06 -9.85505e-08
-4.39373e-07 -6.75475e-07
5.79841e-07 -4.3295e-08
1.18414e-06 6.50082e-07
7.65633e-07 4.74388e-07
-8.47769e-07 2.92992e-07
-1.4419e-06 5.25751e-07
9.49373e-07 -1.68635e-07
-2.69149e-08 -4.14057e-07
8.7754e-09 2.06001e-07
-1.62216e-07 6.54014e-07
-1.2329e-06 4.47071e-07
9.45772e-07 -5.46394e-07
-1.1904e-06 -2.78394e-07
-2.38499e-07 3.23813e-07
1.31493e-06 -3.88152e-07
8.6185e-08 4.82411e-07
-1.9224e-07 3.43705e-07
6.47629e-07 5.69984e-07
1.12476e-06 5.74611e-07
2.45104e-07 1.85187e-07
-5.25462e-07 -3.70461e-07
-5.05469e-07 -2.40558e-07
1.31534e-06 2.01139e-07
-9.19919e-07 -1.03026e-07
-1.01173e-06 6.77199e-07
1.17683e-07 5.52046e-07
-2.2835e-07 -2.22127e-08
1.41438e-06 -4.33296e-07
-1.35497e-06 -4.55944e-07
-5.44891e-07 1.00841e-07
-1.24527e-06 -8.59857e-08
-1.19976e-06 -4.13e-08
-2.00467e-08 -3.62464e-07
2.49223e-07 -5.53885e-07
-1.33705e-06 2.57437e-07
1.00733e-06 -5.55797e-07
9.4297e-07 1.35716e-07
-5.94911e-07 -4.64849e-07
-5.77182e-08 4.29889e-07
-1.3689e-06 5.09628e-07
-5.31788e-07 -4.97108e-07
-6.99764e-07 -1.77164e-07
-1.78821e-07 -3.74805e-07
5.02701e-07 -1.50606e-07
-9.94859e-07 8.69013e-08
4.37514e-07 1.64966e-07
1.45973e-07 -5.06085e-07
-5.94382e-07 -2.42233e-08
1.21102e-06 6.34676e-07
1.72475e-07 -5.10001e-07
-1.18e-06 4.54247e-07
-2.32803e-07 -8.54214e-08
-5.64959e-07 6.07606e-07
8.25764e-09 -2.37513e-07
-2.97584e-07 -4.424e-07
-1.40971e-06 6.1075e-07
3.31611e-07 -1.19981e-07
-8.65956e-07 -8.51714e-08
-1.03262e-06 -1.90224e-07
2.69325e-07 -4.55243e-07
4.29182e-07 4.25732e-07
1.44624e-07 4.20769e-07
-6.01424e-07 -7.47196e-08
1.01874e-06 2.20764e-07
-6.45701e-08 -2.90254e-07
-6.242e-07 4.66944e-07
3.72544e-07 6.43467e-07
1.78346e-07 6.4808e-07
6.31783e-07 -2.87427e-08
-1.19239e-06 2.3939e-08
-9.73585e-07 -3.37776e-07
-1.4491e-07 5.16161e-07
-7.41381e-07 4.24303e-07
9.48044e-07 -3.59208e-07
-1.42327e-07 -5.69458e-07
6.60201e-07 -3.67862e-07
1.15128e-06 8.16632e-08
5.70478e-07 -1.01985e-07
5.07316e-07 2.13787e-07
-4.90402e-07 6.95795e-07
1.36541e-06 -2.57477e-08
2.97507e-08 1.90133e-07
-1.64872e-07 -6.77195e-07
-9.52917e-07 6.58107e-07
9.74788e-07 1.86066e-07
8.96027e-07 1.84641e-07
7.17592e-07 -2.66029e-07
-4.06922e-07 6.17859e-08
7.16254e-07 -4.82876e-07
1.78216e-07 9.90858e-09
-6.78387e-08 6.94067e-07
1.34582e-06 -5.0696e-07
1.28671e-06 -7.20525e-08
-1.18258e-06 5.52485e-07
-1.04195e-06 -3.48893e-07
9.70907e-07 -8.2289e-08
-7.74329e-07 -4.67221e-08
6.77469e-07 3.87848e-07
1.08405e-06 -4.96121e-08
-3.38869e-07 -1.47969e-07
1.4136e-06 -1.20171e-07
1.25893e-07 1.82281e-07
-1.36657e-06 -1.48316e-07
-7.15674e-07 5.31955e-07
-2.05865e-07 8.10348e-08
-1.06817e-06 -2.41317e-07
-7.62289e-08 4.25357e-07
7.25167e-07 7.85969e-08
3.27358e-07 2.04462e-08
-1.30015e-07 -6.62493e-07
-1.04925e-06 5.63428e-07
5.79323e-07 -3.80637e-07
-7.35114e-07 5.1231e-07
2.64767e-07 -6.56073e-08
1.31814e-06 3.41092e-07
3.15653e-07 2.73739e-07
1.74057e-07 4.27877e-07
-1.0518e-07 -6.34633e-07
-5.71476e-07 5.85284e-07
-8.03639e-07 -5.57869e-08
2.68416e-07 5.34048e-07
2.43513e-07 5.31142e-07
9.38999e-07 2.22202e-07
-5.89333e-07 -5.78448e-07
-5.80119e-07 1.54891e-07
-6.73983e-07 6.82186e-07
-4.86229e-07 1.64214e-07
8.71559e-07 -3.60587e-07
-4.8251e-07 1.19932e-07
1.95142e-07 -6.85483e-07
-1.28692e-07 -3.09678e-07
4.35936e-07 1.51878e-08
6.82027e-07 -5.9176e-07
-5.3619e-07 -3.10506e-07
-1.31171e-06 9.97293e-08
1.35568e-06 -5.51581e-07
-1.42598e-06 5.52818e-07
6.6489e-07 4.16239e-08
-8.10884e-07 -6.50798e-08
1.41548e-06 1.53985e-08
6.01428e-08 4.39431e-07
-1.25914e-06 5.76137e-07
-5.94085e-07 2.23832e-07
1.18406e-06 -6.30203e-07
-1.7793e-08 -5.9235e-07
5.86416e-07 6.06826e-07
5.564e-07 3.0761e-07
1.28623e-06 -6.16522e-07
-1.44147e-06 1.47084e-07
8.1464e-07 5.54712e-07
9.71189e-07 3.48945e-08
1.32362e-06 -5.84895e-07
-6.99703e-08 1.40448e-07
1.00948e-06 -3.11461e-07
-9.81178e-07 -4.75634e-07
-7.31108e-07 -7.94329e-09
-1.03557e-06 -3.38911e-07
7.39372e-07 -3.68928e-07
8.00782e-07 1.91995e-08
5.87763e-07 1.14055e-07
1.06515e-06 -1.01588e-07
-2.55915e-07 -5.64049e-07
-4.65888e-07 -3.11101e-07
-5.08176e-07 5.16803e-07
-3.15183e-07 -6.95984e-07
-2.28151e-07 -5.51686e-07
-4.51779e-08 1.12416e-07
-7.8801e-07 6.27474e-07
8.52154e-08 5.55302e-07
-1.00251e-06 5.57268e-07
-1.38691e-06 1.13926e-07
-1.01897e-06 -2.32503e-07
-1.27609e-06 -6.24739e-07
1.29006e-07 6.94951e-07
4.751e-07 2.59738e-07
-5.23945e-07 -2.35816e-07
8.58417e-07 3.91568e-07
-3.78776e-07 -2.28967e-07
-8.63793e-07 1.41615e-07
6.24735e-07 -1.55369e-07
-1.13134e-06 2.62754e-07
1.19766e-06 1.30885e-07
1.16361e-06 6.60467e-07
4.60373e-08 -4.84135e-07
4.15914e-08 2.66222e-07
-4.50871e-08 1.78517e-07
1.48284e-07 6.86344e-07
8.05334e-07 3.57835e-07
8.04735e-07 9.81601e-08
-4.66728e-07 6.29192e-07
-7.44199e-07 -4.85405e-07
-1.49704e-07 6.71885e-07
4.26452e-07 -2.2357e-07
3.58415e-07 4.65839e-07
-9.35403e-07 -4.24088e-07
2.38173e-07 -4.2039e-07
-1.09064e-06 -6.79333e-07
-3.35246e-07 -4.26792e-07
-6.6734e-07 3.06093e-07
1.19598e-06 -5.28237e-07
-6.74776e-07 -2.47614e-07
-6.42392e-08 -3.52831e-07
7.36358e-07 6.25821e-07
1.65276e-07 -6.10136e-07
-1.81008e-08 6.62551e-07
5.13397e-08 6.76688e-08
2.1915e-07 -4.25544e-08
1.1956e-07 -6.24955e-07
1.02352e-06 -6.78311e-07
4.43393e-07 4.60099e-07
1.28736e-06 6.89822e-07
-1.42815e-06 8.45178e-09
4.35171e-07 1.19899e-07
-1.19231e-06 1.03492e-07
1.29799e-06 -1.34915e-07
1.00892e-06 5.21331e-07
-8.1508e-07 -6.35552e-07
-3.67905e-07 5.13906e-07
-8.74019e-07 6.858e-08
7.14146e-07 -5.63989e-07
-5.81989e-07 3.01225e-07
-4.3154e-07 -6.9643e-07
-1.62961e-07 -2.13338e-07
-7.85796e-07 6.58499e-07
1.07926e-06 6.15734e-07
1.26771e-06 -5.0237e-07
1.43896e-06 -6.91843e-08
-7.36015e-07 2.2332e-07
-2.30798e-07 -4.15568e-07
-1.43017e-06 -5.14241e-07
-4.52419e-07 4.28989e-07
-1.3693e-06 5.21216e-08
-4.55178e-07 1.37934e-07
8.47827e-08 4.87044e-07
1.48137e-07 2.28437e-07
4.75118e-07 4.74301e-07
-2.90079e-07 2.65449e-07
1.24549e-06 2.18032e-07
-6.97858e-07 1.53708e-07
5.66528e-07 1.36061e-07
7.95612e-07 -3.31655e-07
-1.38699e-06 -4.71888e-07
-2.25549e-07 5.34027e-07
-4.75443e-07 -2.85423e-07
2.47727e-07 6.99134e-07
-1.00786e-06 3.99217e-07
5.97958e-07 -5.39858e-07
-6.91543e-07 -2.10041e-07
1.79798e-07 1.85215e-07
-3.07248e-07 -6.09938e-07
-1.37783e-06 -4.69845e-07
-1.03488e-07 -3.03597e-07
1.18793e-06 -6.3102e-07
1.43183e-06 -6.1948e-07
7.84739e-07 -5.86572e-07
-6.3503e-07 -3.07361e-07
1.07144e-06 1.52886e-07
-1.40199e-06 -2.84806e-07
-1.04715e-06 -2.18947e-07
1.15121e-06 -1.78143e-07
-1.22437e-06 -6.32637e-07
9.96218e-07 6.5174e-07
-1.00341e-06 -1.87733e-07
-1.30574e-06 4.87615e-07
-1.40534e-06 4.07943e-07
1.23475e-06 -6.89113e-08
-1.31294e-06 3.38032e-07
-1.16496e-06 5.15019e-07
-2.56352e-07 2.42844e-08
-6.48204e-07 -1.87148e-08
8.32145e-07 -2.21541e-07
1.10045e-06 6.73737e-07
-1.41242e-08 -8.0355e-08
1.19458e-06 -5.30462e-07
-2.71296e-07 -4.67585e-07
-3.78578e-07 6.62123e-07
-8.60969e-07 -4.96075e-07
1.18993e-06 -3.52056e-07
6.29247e-07 -1.33775e-07
1.2044e-06 1.82342e-07
-2.1973e-07 5.46112e-07
3.56077e-07 -2.07981e-07
2.99209e-07 4.14967e-07
9.63253e-07 -4.99215e-07
-5.85012e-07 2.41703e-07
4.8018e-07 4.96915e-07
