2.96988e-07 -6.35947e-08
3.36324e-07 1.95116e-07
5.1814e-07 6.18151e-07
1.29379e-06 1.91903e-07
3.79003e-07 -3.59079e-07
-1.81358e-06 -8.08011e-08
-1.28727e-06 2.66064e-07
-1.17154e-08 2.71619e-07
-1.51333e-06 3.77078e-07
-4.24752e-07 -2.3987e-07
-1.49129e-06 -4.5904e-07
-1.68058e-06 -3.73895e-07
8.7305e-07 5.29624e-07
-1.07404e-06 4.41708e-07
-1.54679e-07 -4.1546e-07
1.35821e-06 4.63298e-07
1.69631e-06 4.04474e-07
-6.26118e-07 1.53725e-08
-1.66079e-07 -4.4304e-07
6.13338e-07 6.60493e-07
6.64276e-07 -6.76411e-07
-5.94026e-07 -5.96062e-07
-1.4172e-06 2.85494e-07
1.03468e-07 7.38556e-08
1.34628e-06 2.87189e-07
2.29064e-07 -5.49757e-07
7.79919e-07 4.84954e-07
2.37632e-07 4.22105e-07
-1.19915e-06 9.66944e-08
-2.61853e-07 1.97526e-08
-1.6525e-06 -3.6687e-08
-8.06961e-07 1.46456e-07
-1.02348e-06 5.41589e-08
1.72072e-06 -2.83391e-07
7.09582e-07 5.05365e-07
4.65157e-07 -2.25302e-07
6.61396e-07 -6.67149e-07
9.1804e-07 3.60165e-07
-6.23398e-07 -1.52175e-07
3.46825e-07 1.33574e-07
-1.1792e-06 3.29715e-07
1.07405e-06 3.90282e-07
5.95654e-07 3.11918e-07
2.82715e-08 3.6993e-08
1.95605e-08 -3.97663e-08
-1.1925e-06 -2.36773e-07
-1.19383e-07 -1.22432e-07
1.51785e-06 3.93336e-07
-2.19014e-07 -3.74768e-07
-9.98613e-07 2.48771e-07
-1.78637e-06 -2.26481e-07
9.62305e-07 -1.07739e-07
1.16466e-06 -3.22208e-07
-1.68282e-06 1.03084e-07
-9.27981e-07 1.67157e-07
1.78521e-06 6.8636e-07
-8.5772e-07 6.29808e-07
1.30626e-06 -2.67255e-07
1.71829e-06 5.86473e-07
-1.76882e-08 -3.05878e-07
1.23621e-06 -6.1177e-11
1.63551e-06 6.67487e-07
1.11495e-06 5.70167e-07
-1.09884e-06 -2.69011e-07
-1.67025e-06 -5.53946e-07
7.43794e-07 -7.10076e-08
-3.49304e-07 -6.0881e-08
6.8741e-07 -1.59454e-07
-8.76387e-07 -3.75631e-07
-9.91652e-07 -3.00271e-07
-7.77998e-07 3.53722e-07
-1.25991e-06 4.96687e-07
1.02676e-06 1.90738e-07
1.00428e-06 5.14751e-08
-1.49284e-06 -1.53576e-08
-1.52247e-06 3.87568e-07
-1.64022e-06 5.4987e-07
-1.00953e-06 2.56906e-07
-4.01644e-07 -1.79396e-07
5.838e-07 4.02649e-07
8.45887e-07 5.95725e-07
9.47551e-07 6.0214e-08
-5.95292e-07 7.67585e-08
1.73542e-06 -5.09077e-08
-1.45535e-06 -5.23215e-07
6.45313e-07 3.04385e-07
-7.46843e-07 -3.63846e-07
1.53532e-06 -6.91754e-07
-1.71668e-06 -7.34225e-08
-1.48618e-06 -2.40843e-07
6.2366e-07 -1.43141e-08
-4.6563e-07 5.30775e-07
1.604e-06 -2.96135e-07
-1.72693e-06 -1.60833e-07
1.09078e-06 3.55723e-07
-1.308e-06 4.36216e-07
1.07715e-06 -5.43927e-07
-9.20834e-07 6.91182e-07
1.90417e-07 6.47255e-07
1.56339e-06 3.01547e-07
-7.15056e-07 -1.27393e-07
4.68615e-07 -1.50464e-07
5.4584e-07 -4.16402e-07
-1.31634e-06 -5.28306e-07
-4.9013e-07 9.63563e-08
1.3179e-06 -4.36344e-07
-1.30488e-06 6.83452e-07
-1.7532e-06 -1.16381e-08
-8.36416e-07 2.25162e-07
1.6934e-06 -4.98727e-07
1.11271e-06 -5.86913e-07
6.55123e-07 6.58518e-07
-1.55772e-06 -6.65624e-08
-8.25557e-07 -1.42798e-09
-1.2118e-06 4.08244e-07
-6.1407e-07 -1.04978e-07
1.69172e-06 -4.19742e-07
-9.22446e-07 3.73904e-07
1.63039e-06 -5.21798e-07
-1.28301e-06 -2.13517e-07
4.01258e-07 6.40767e-07
-1.45984e-06 3.81598e-07
1.65078e-07 -5.11257e-07
-1.64825e-06 5.73356e-07
1.35531e-06 -1.50022e-07
6.66368e-07 -3.35648e-07
6.98518e-07 3.19097e-07
1.03293e-06 -4.14129e-07
-1.07354e-06 -5.38822e-07
-1.424e-06 -3.74833e-07
1.62759e-06 -1.07457e-07
-1.45251e-06 4.88296e-07
-1.28337e-06 7.04396e-08
-9.3924e-07 -1.17837e-07
-4.29652e-07 -6.7214e-07
4.00893e-07 -3.33042e-08
1.11846e-06 6.49803e-07
8.6105e-07 -4.26558e-07
-6.10927e-07 2.92034e-07
-1.4429e-06 -5.05631e-07
-1.09698e-06 5.03867e-07
5.23344e-07 -2.70935e-07
-7.94295e-07 -1.7793e-07
1.2198e-07 1.68063e-07
1.32908e-08 -4.61329e-07
-9.31042e-07 5.29439e-07
-1.26922e-06 6.7991e-07
3.01112e-07 6.70574e-07
-1.58e-06 -1.76665e-07
4.3427e-07 -6.5244e-08
2.35427e-07 -3.98758e-07
1.0472e-06 -6.7049e-07
-6.47133e-07 6.53715e-07
2.1581e-08 -5.16609e-07
7.79382e-07 5.03487e-07
1.72072e-06 1.7335e-07
6.16301e-08 -5.5437e-07
-7.63169e-07 -3.88798e-07
-1.74778e-06 5.43023e-07
1.51795e-06 -3.82039e-07
2.49761e-07 -2.94847e-07
-9.94131e-07 4.39852e-07
-7.4513e-07 6.67601e-07
1.17393e-06 -3.02827e-07
4.15217e-07 -1.378e-07
-1.51493e-06 -4.59901e-08
6.19172e-08 -1.47501e-07
3.68515e-07 6.76608e-07
9.54824e-07 3.36537e-07
1.58237e-06 5.3413e-07
1.825e-06 -2.22533e-07
-1.0156e-06 1.00088e-07
-1.47856e-07 5.82039e-07
9.76225e-07 6.02631e-07
-1.14302e-06 -4.17894e-07
1.4334e-06 3.53251e-07
3.04455e-07 5.79841e-07
-1.37826e-06 1.55859e-08
-1.36154e-06 -1.09267e-07
9.94545e-07 2.2366e-07
7.41696e-07 5.44566e-07
5.17389e-07 1.75266e-07
-6.13729e-08 -4.22242e-07
1.55202e-06 6.45611e-07
-1.58474e-06 2.95199e-07
9.20852e-07 -1.12028e-07
-4.31512e-07 -2.94119e-07
9.69833e-07 -1.94583e-07
-9.76785e-07 -3.95399e-07
8.8166e-07 -6.98073e-07
-1.7953e-06 4.40537e-07
-1.16973e-06 -2.206e-07
8.90262e-07 1.62987e-08
-1.27011e-06 -7.3607e-09
7.72085e-07 5.57072e-07
-1.54522e-06 4.98514e-07
-9.8212e-07 1.03076e-07
1.5919e-08 -6.82682e-07
-1.51476e-06 6.06362e-07
-1.40631e-06 -1.60323e-08
1.70585e-06 -2.96843e-07
-1.52514e-06 -2.53236e-08
-6.65334e-07 2.27262e-07
-1.48291e-06 2.91347e-07
1.18354e-06 1.05648e-07
-8.96255e-07 4.90011e-07
-5.50993e-07 4.66277e-07
8.89262e-07 6.31547e-07
-8.87581e-07 -4.07429e-07
9.76677e-07 -4.20844e-07
-3.0876e-07 5.80868e-07
-4.61654e-07 -3.81561e-07
1.23584e-06 2.71026e-07
1.06584e-06 -5.98265e-07
1.21997e-07 -9.72188e-09
9.41402e-07 6.22029e-07
1.34933e-06 -3.32386e-07
-6.15627e-07 1.04461e-07
-1.37424e-06 1.63489e-07
-2.23854e-07 -6.36496e-07
-4.49576e-07 1.48031e-08
-9.79506e-08 -1.93611e-07
1.54009e-06 9.83844e-08
9.12667e-07 -8.00287e-08
-1.3171e-06 4.2525e-07
8.64199e-07 3.18392e-08
-1.51657e-06 1.91411e-07
-7.1688e-07 2.74675e-07
1.5578e-06 -5.07417e-07
4.68427e-07 1.90018e-07
1.54535e-06 4.61087e-08
-2.322e-07 6.52698e-07
1.17225e-06 -3.86277e-07
-2.33653e-07 -6.25688e-07
1.03002e-06 -3.09596e-07
3.60796e-07 -1.70566e-07
9.00107e-07 -5.44474e-07
-1.27773e-06 -1.70732e-07
-7.43545e-07 -1.93658e-07
2.45808e-07 3.28246e-07
1.0561e-07 2.62766e-07
-1.35757e-06 9.47957e-08
-7.71911e-07 4.11299e-08
6.00741e-07 -6.06697e-07
-8.07355e-07 1.20225e-08
1.26379e-06 -3.21057e-07
-1.53354e-06 -3.93659e-07
1.45914e-06 -1.42713e-07
1.02418e-06 -4.31928e-07
-7.4553e-07 -6.89962e-07
6.49535e-07 -1.80895e-07
4.55853e-07 4.55298e-07
-4.70341e-07 -1.32623e-07
1.59399e-06 6.42404e-07
1.38723e-07 4.80202e-07
-2.85954e-07 -6.04427e-07
1.36143e-06 -5.13062e-07
-8.86965e-07 -5.82833e-07
1.81255e-06 6.33034e-07
-1.41856e-06 5.60425e-08
-4.18055e-08 5.6604e-07
-4.30372e-07 2.73591e-07
-5.03157e-07 -6.45702e-07
-1.65788e-06 -2.02987e-07
1.04673e-06 6.42057e-08
-3.01523e-07 -5.28809e-07
6.77567e-08 2.83483e-07
8.21536e-07 5.97532e-07
1.05975e-06 -3.72308e-07
-1.45125e-06 -3.61648e-07
1.47335e-06 -4.76989e-07
8.85958e-07 6.44025e-08
4.26952e-07 4.30153e-07
-8.84531e-08 -4.40292e-07
-1.19958e-06 -3.44702e-08
-8.54694e-07 2.16401e-07
1.67775e-06 3.54988e-07
4.11281e-07 -7.5107e-08
-6.6296e-07 3.36556e-07
3.88681e-07 1.64108e-07
-1.22346e-06 4.49592e-07
4.59358e-07 -5.49288e-07
-4.12728e-07 -4.87621e-07
-6.31218e-07 6.34655e-07
1.02575e-06 -3.63064e-08
1.69457e-06 6.85174e-07
8.27721e-07 2.45599e-07
5.25149e-07 5.69479e-07
1.39139e-06 6.98679e-07
-1.07483e-06 4.31885e-07
1.03759e-06 2.30705e-07
-1.45939e-06 3.36737e-07
1.22706e-06 -4.2392e-08
-1.07261e-06 6.11055e-07
-1.22616e-06 -5.92794e-07
8.47036e-07 4.39706e-07
-1.78584e-06 -2.02888e-07
7.83408e-07 5.10009e-07
-1.23614e-06 -5.24415e-07
-9.10475e-07 1.96592e-07
9.49825e-08 -2.80994e-07
-3.1189e-07 -6.06843e-07
4.84349e-07 5.89928e-07
1.52456e-06 -6.87021e-07
-1.21838e-06 3.14005e-07
1.37087e-06 -1.61587e-07
-3.10344e-07 -6.43007e-09
4.20942e-07 -1.79095e-07
-1.17255e-06 -1.59447e-08
9.95967e-07 -6.27591e-07
-3.00022e-07 1.23183e-07
-4.46523e-07 1.88566e-07
1.05408e-06 -6.93705e-07
2.04188e-07 -6.30147e-07
5.97838e-07 -1.66691e-08
8.21369e-07 3.92138e-07
1.52718e-06 -6.76808e-08
1.29512e-06 -7.0967e-08
-1.70798e-06 8.75994e-08
1.71784e-06 1.41467e-07
-6.59868e-07 -4.14093e-07
6.76375e-07 -7.98078e-08
-1.13003e-06 -2.05709e-07
-9.46106e-07 -1.3477e-07
3.05487e-07 -9.28332e-08
8.59179e-07 -1.4107e-07
-1.43967e-06 7.7253e-09
2.92843e-07 -5.81674e-07
3.37842e-07 -2.90027e-07
-1.81705e-06 5.49822e-07
-1.74331e-06 6.26964e-07
1.56081e-07 -7.85276e-08
1.41444e-06 6.23765e-07
1.34022e-06 1.54959e-08
1.62188e-06 4.31877e-07
7.06129e-07 -1.03073e-07
1.17575e-06 4.33956e-07
-1.62975e-06 -3.34838e-07
-1.50488e-06 5.78097e-07
-6.1597e-07 -4.87655e-08
-4.94355e-07 -5.32565e-08
6.97388e-07 -4.72902e-08
1.68653e-06 -6.26601e-07
-1.23041e-07 5.79577e-07
8.54032e-07 -2.28448e-07
-1.45615e-06 3.4018e-07
1.52005e-06 -3.63567e-07
1.1924e-06 -6.92423e-07
1.26375e-06 -1.12815e-07
-4.44884e-07 -3.25211e-07
-1.78346e-06 -2.28996e-07
-7.21784e-07 -3.57724e-07
1.55735e-06 4.58188e-07
3.05696e-07 -4.53943e-07
1.75646e-06 6.81134e-07
1.79889e-06 -5.85348e-07
-2.7497e-07 4.95193e-07
-1.14958e-06 8.91264e-08
2.45665e-07 -7.31309e-08
8.81124e-07 -4.03076e-07
-7.7858e-07 3.00936e-07
1.06657e-06 4.81472e-07
-1.08171e-06 -1.18017e-07
-6.76989e-07 6.57101e-07
-1.37042e-06 -3.22137e-07
-1.58105e-06 6.44386e-08
-1.56299e-06 -2.65897e-09
-1.56097e-06 6.2566e-07
-2.17299e-07 9.14265e-08
1.07814e-06 -7.0981e-08
7.77261e-07 -4.84192e-07
-2.50489e-07 5.27971e-07
1.02647e-06 -4.97335e-07
1.19611e-06 3.58163e-07
-7.03886e-07 4.92824e-07
1.14736e-07 -1.25035e-07
5.41829e-07 6.26263e-08
-2.91844e-07 3.65942e-07
-9.65445e-07 1.71068e-07
-3.14715e-07 5.44004e-07
1.25174e-06 -3.80714e-07
-1.43328e-06 1.63569e-07
-3.83544e-07 5.64107e-07
3.84687e-07 -4.19282e-07
1.75935e-06 2.82787e-07
1.68742e-06 6.47802e-07
-5.10722e-08 -4.46506e-07
-1.07363e-06 -6.01261e-07
4.46133e-07 5.70814e-07
1.76167e-06 -6.83425e-07
-8.19314e-07 -4.35962e-07
-8.04167e-07 -1.25063e-07
-1.34098e-06 1.68034e-08
-8.12146e-07 4.39048e-07
-1.62243e-06 -6.55888e-07
2.34892e-07 -2.60331e-07
-1.72198e-06 -2.59807e-07
1.1246e-06 -5.20972e-07
-6.00075e-07 -5.47581e-07
1.77754e-06 -9.27541e-08
-1.00995e-06 6.29464e-07
-1.02464e-06 -1.98615e-07
-7.12164e-07 6.84885e-07
-4.74583e-07 6.46468e-07
8.74393e-08 5.86231e-07
-3.17033e-07 6.42902e-08
1.31007e-06 4.92349e-07
6.66079e-07 4.07743e-08
-1.51253e-06 -5.35656e-07
1.51143e-07 6.93477e-07
-4.11347e-07 1.44827e-07
1.37274e-06 -6.03507e-07
4.53115e-07 -2.62475e-07
5.963e-07 -6.38471e-07
8.1042e-08 6.87982e-07
-3.13716e-07 5.34578e-07
1.22131e-06 -1.79279e-08
1.24937e-08 1.72644e-07
-4.88105e-07 1.55904e-07
4.46258e-07 -3.5831e-07
-1.08339e-06 5.62402e-07
-1.19377e-06 6.50003e-07
1.22803e-06 -7.69043e-08
-1.75517e-06 4.68384e-07
6.29597e-07 -3.77699e-07
1.0954e-06 -1.31806e-07
9.30803e-08 6.03407e-07
4.02485e-07 -4.18958e-07
-1.30115e-06 5.86687e-07
-1.49431e-06 5.20912e-07
-1.06925e-06 -6.74193e-07
-7.79154e-07 5.04288e-07
-1.25171e-06 -3.90819e-07
3.69174e-07 -1.79521e-07
-1.54275e-06 5.69219e-07
-8.07779e-07 -5.43168e-08
1.64253e-07 -2.8997e-07
-1.37578e-06 4.68585e-07
1.80232e-06 -4.6043e-07
-1.18426e-06 2.9772e-07
-5.03094e-07 -1.35945e-07
1.09744e-06 -1.5219e-07
-9.77804e-07 -3.2549e-07
-1.1806e-06 -4.02969e-07
-3.24272e-07 -6.57501e-07
-2.85277e-07 6.06013e-07
-1.22094e-06 4.92728e-07
6.24152e-07 2.7671e-07
-6.41473e-07 -6.71302e-07
-1.06694e-06 3.14914e-07
-2.92348e-09 5.85699e-07
5.70477e-07 -7.3296e-08
1.32271e-06 1.42701e-07
1.41096e-06 -2.54192e-07
8.97436e-07 5.8961e-07
-1.44697e-06 -2.66751e-07
-5.14621e-07 9.64944e-08
-1.81495e-06 -3.10856e-07
-4.17327e-07 6.30093e-07
1.13864e-06 -5.50406e-08
-1.60713e-06 1.37942e-07
1.66945e-06 5.64135e-07
2.98824e-07 -1.08473e-07
-2.44931e-07 5.93508e-07
1.62862e-06 -1.06971e-07
-1.07371e-06 3.31678e-07
4.68835e-07 -1.85702e-07
-1.07973e-07 2.95971e-07
1.50902e-07 -2.24893e-07
-8.43386e-07 3.44452e-07
-6.74223e-07 1.35148e-07
1.96583e-07 5.88691e-07
1.76206e-06 -5.65647e-07
1.01887e-06 -6.15674e-07
6.93608e-07 6.48707e-07
1.41126e-06 2.87254e-07
1.52691e-06 -4.4724e-07
-1.56297e-07 5.82999e-07
1.47398e-06 -3.8029e-07
-6.36461e-08 4.73243e-07
7.23912e-07 -1.7336e-07
-6.3418e-07 2.92823e-07
-3.9169e-07 -3.0765e-07
-8.35403e-07 -3.7383e-07
-1.53273e-06 5.67225e-07
6.30417e-07 2.1338e-07
1.51129e-06 5.02959e-07
1.65092e-06 5.15258e-07
-3.74778e-07 7.25265e-08
-2.78389e-07 6.69525e-07
4.6005e-07 -6.67759e-07
-3.42132e-07 2.4908e-07
6.27473e-07 -2.49208e-07
8.33872e-07 -3.02232e-07
-4.06932e-07 4.66149e-07
-3.45942e-08 9.9672e-08
-8.74917e-07 -4.65708e-07
1.67895e-06 -1.70867e-07
-1.72776e-06 6.0463e-07
-1.56789e-07 -2.47146e-07
1.77887e-06 -4.54692e-07
-1.28203e-06 -1.62984e-07
-1.42752e-06 9.81817e-08
-5.81092e-07 6.81772e-07
9.44563e-07 -2.53451e-07
-1.62636e-06 -6.62137e-07
5.37293e-07 6.20137e-07
-1.58298e-06 -2.43767e-07
-6.76922e-07 3.60763e-08
9.05241e-07 6.72536e-07
3.18757e-07 6.24008e-07
-1.61206e-06 -2.29668e-07
-5.77464e-07 -4.00555e-07
6.87153e-07 -4.44755e-08
-1.02607e-06 5.41582e-07
-5.13362e-07 5.2154e-07
-1.6185e-06 -4.5113e-07
-2.73798e-07 4.41538e-07
-8.15542e-07 2.07945e-08
8.03964e-07 4.78893e-07
7.3093e-07 6.7354e-07
-7.15296e-07 -1.97461e-07
-9.21873e-07 3.36072e-07
-7.73827e-07 5.06083e-07
-7.21922e-07 -6.12608e-09
7.94332e-07 5.09702e-07
-6.70104e-07 1.1036e-07
1.15238e-06 1.55493e-07
1.70206e-06 -1.92247e-08
-1.21195e-06 6.61702e-07
1.41987e-06 4.03299e-07
-3.15261e-07 -2.48197e-07
1.50843e-06 2.78272e-07
-1.5763e-06 -5.90278e-08
-5.43935e-07 -2.90026e-07
2.44763e-07 1.21177e-07
-1.54649e-07 2.67917e-07
-8.85e-07 6.39261e-07
1.37227e-06 -5.40825e-07
-1.65395e-06 1.39928e-07
-1.77303e-06 -6.50739e-07
5.6867e-07 -6.48595e-07
-2.16958e-07 2.18748e-07
-1.2407e-06 1.90926e-07
1.49182e-06 2.14845e-07
-1.55382e-06 5.84025e-08
-1.48857e-06 3.78385e-07
9.74158e-07 5.60386e-10
-9.66036e-07 -2.73887e-07
2.95643e-08 5.25491e-07
5.13843e-07 3.1059e-07
-1.15328e-06 -1.23482e-07
-6.08957e-07 5.34798e-10
6.26643e-07 1.5926e-07
-1.01025e-06 1.91046e-07
-1.6835e-06 -2.64969e-07
-1.07775e-06 1.92231e-07
-1.19123e-06 5.29098e-08
2.77232e-07 -4.3449e-07
3.94127e-07 -6.30815e-07
-3.05939e-07 -3.15242e-07
9.05022e-07 6.41349e-07
-1.5444e-06 -4.29146e-07
1.48805e-06 4.79125e-07
-5.81052e-07 1.92235e-07
-9.10024e-08 1.65266e-07
1.41707e-06 -4.52675e-07
-6.45429e-07 -1.85207e-07
-8.44327e-07 2.09307e-07
1.58456e-06 -3.94842e-07
3.24043e-07 -1.34394e-09
-1.14267e-06 1.56834e-07
-8.26491e-07 -1.29678e-08
5.81606e-07 3.61009e-07
-6.29747e-07 2.99094e-07
8.68203e-07 1.28082e-07
1.08266e-06 -4.96911e-07
8.59488e-08 -2.52993e-07
7.96506e-07 1.24794e-07
-3.35549e-07 -5.51875e-08
3.49693e-07 4.56059e-07
-1.02962e-06 -4.14493e-09
2.02751e-08 3.61146e-07
-1.72725e-06 2.51305e-07
-8.78598e-07 1.16837e-07
1.48502e-07 8.99271e-09
-2.3321e-07 6.41577e-07
-1.70305e-06 -6.04482e-07
6.6335e-07 -9.06062e-08
9.02308e-07 -1.1364e-07
1.36041e-06 -2.68434e-07
-1.39105e-06 -1.60676e-07
-6.65479e-07 1.21898e-07
-7.87501e-07 -3.346e-07
1.43283e-06 -3.02452e-07
-5.99521e-07 -6.08876e-07
1.69802e-06 3.7952e-07
1.76561e-06 -3.045e-07
-4.67137e-07 3.81468e-08
-6.20883e-07 -2.08422e-07
6.54634e-08 5.8836e-07
-1.66942e-06 5.16562e-07
-1.36584e-06 -3.12875e-07
8.10659e-07 7.79877e-09
-1.53963e-06 -1.04394e-07
1.539e-06 5.14045e-07
5.82048e-07 -2.46705e-08
1.63801e-06 -3.2262e-07
-1.12428e-06 -2.42151e-07
-1.51912e-06 -5.56168e-08
-1.37146e-07 -3.76235e-07
-3.69512e-08 6.95546e-07
-2.59918e-07 -5.46664e-07
-7.83954e-07 -1.01296e-07
1.77685e-06 -4.24725e-07
-7.40375e-07 2.50413e-07
4.03696e-07 -5.12472e-07
6.59006e-07 -2.78582e-07
-1.10116e-06 3.93247e-07
3.53147e-07 -5.36725e-07
3.89803e-07 -1.65546e-08
-6.20275e-07 -5.11524e-07
1.1583e-06 -2.2977e-07
1.4487e-06 -2.17798e-07
7.79135e-07 4.15974e-07
1.67474e-06 -3.54456e-07
-1.76666e-06 2.13162e-07
9.00706e-07 -6.63693e-07
-1.39753e-06 1.70755e-07
-1.0142e-06 6.48778e-07
-2.37644e-07 -6.22088e-07
1.08939e-06 1.42679e-07
4.89806e-07 1.11815e-07
-9.74091e-07 5.45063e-07
-1.25332e-06 -5.02352e-07
-1.62938e-07 5.98762e-07
-1.16335e-06 -2.60307e-07
-1.44279e-06 -3.26489e-07
-1.02568e-06 3.68987e-07
-5.57136e-07 4.93653e-07
6.64109e-07 -5.99089e-07
-7.56971e-07 3.98397e-07
1.15317e-07 -2.5529e-07
-1.11709e-06 3.85638e-07
7.99678e-08 6.10854e-07
-4.1075e-07 -6.6395e-07
3.1743e-07 5.02057e-07
-2.756e-07 -2.60718e-07
-1.20085e-06 -2.43321e-07
1.62956e-06 1.12225e-07
9.24311e-07 3.22885e-07
-1.17759e-06 -3.23051e-07
-1.11234e-06 -5.48231e-07
6.20392e-07 -2.32025e-07
-4.8478e-07 -1.86367e-07
1.02946e-06 9.9522e-08
-1.06629e-06 1.27543e-07
2.35909e-08 6.73308e-07
-2.89419e-08 -4.34698e-07
6.4306e-07 1.50933e-07
1.4374e-06 -5.864e-08
-1.48131e-06 6.47676e-08
-3.76743e-07 -4.14609e-07
-7.30704e-07 -1.13873e-07
6.86851e-07 -5.62346e-07
-6.66421e-07 -5.21995e-08
8.72432e-07 5.81323e-09
-1.69303e-06 4.75144e-07
2.90748e-07 6.19935e-07
3.89927e-07 7.01882e-08
-1.14837e-06 -3.42862e-08
1.47981e-07 2.78787e-07
1.85539e-07 -1.98309e-07
5.12814e-07 -5.76491e-08
-2.36914e-08 4.33365e-07
1.02434e-07 -2.64113e-07
5.22265e-07 -5.29751e-07
-1.71461e-06 -4.80142e-07
-1.2178e-07 -6.29707e-07
1.75027e-06 5.01266e-07
2.47636e-07 6.529e-08
7.17932e-07 5.98047e-07
-7.54794e-07 -7.53812e-08
-4.78239e-07 2.49352e-07
-1.27659e-06 -4.9419e-07
-9.28622e-07 1.317e-07
1.71245e-06 -5.30835e-07
6.63648e-07 4.31965e-08
-5.08006e-07 4.77783e-08
1.60944e-06 -1.20556e-07
-4.16724e-07 1.80567e-08
-8.08361e-08 -1.98132e-07
1.05978e-06 -5.65776e-07
1.33309e-06 5.90669e-07
-1.43474e-06 -3.05523e-07
1.58896e-06 3.63466e-07
-1.71987e-06 1.0216e-07
2.34637e-07 -2.27935e-07
9.94644e-07 -8.01573e-08
1.38358e-06 5.75591e-07
-6.11227e-07 3.36881e-07
-1.23559e-06 -2.3791e-07
9.53297e-08 -3.80846e-07
8.05654e-07 6.63454e-07
-5.7499e-07 -4.15986e-08
-1.82265e-06 1.56538e-07
7.6212e-07 -4.73937e-07
1.34512e-06 -7.62744e-08
4.41958e-07 1.40524e-07
5.76772e-07 -5.06515e-07
-1.45388e-06 -6.49493e-07
-3.4145e-07 3.74779e-07
-2.66565e-07 -2.19999e-07
5.16996e-07 -6.71081e-07
-1.68941e-06 4.41257e-08
3.31429e-07 4.78515e-07
1.7855e-06 4.37734e-07
-2.8329e-07 -9.93244e-08
8.30151e-07 8.10581e-10
-5.68678e-07 -4.71345e-07
4.14879e-07 6.1679e-07
1.59076e-06 1.85787e-07
1.60944e-06 2.43772e-07
-4.28415e-07 -5.50249e-07
1.14656e-07 -4.90652e-07
-1.07822e-06 4.68842e-07
1.01912e-06 -4.41704e-07
4.20546e-07 5.00346e-07
-7.37919e-07 2.26467e-07
1.1461e-06 2.56031e-07
-1.81229e-07 1.49835e-10
-1.43635e-06 -3.08526e-08
-1.18432e-06 -4.18241e-07
1.45921e-06 -5.33038e-07
1.38727e-06 -2.32683e-07
-1.0889e-06 -4.03079e-07
-1.24736e-06 -6.93876e-07
8.01361e-07 4.81236e-07
-1.28216e-06 4.90714e-07
9.87477e-07 5.08027e-07
-1.81863e-06 -3.50599e-07
1.18913e-06 6.57944e-07
1.38655e-06 -2.66336e-07
-1.67621e-06 5.849e-07
1.4948e-06 -3.95185e-08
-3.47771e-07 5.91722e-08
-1.18732e-07 -5.28825e-07
-1.48816e-06 -6.62835e-07
5.1129e-07 -5.29862e-07
1.63822e-06 -7.54345e-08
2.64329e-07 -3.96269e-08
-5.69859e-07 -6.63858e-07
-1.14e-06 -3.98312e-07
-1.3765e-06 6.74151e-07
1.80591e-07 2.65456e-07
7.66314e-07 -6.15301e-07
-1.21375e-06 2.09085e-07
1.78813e-07 -5.23064e-07
-1.27798e-06 5.81999e-08
1.06988e-06 -4.18513e-07
3.52728e-07 5.30075e-07
1.26389e-06 -6.84405e-07
5.137e-07 4.17451e-07
-3.61087e-07 6.76617e-07
9.54854e-07 1.96841e-07
-4.27963e-07 -3.09933e-07
-5.11804e-07 5.335e-08
3.77563e-07 -9.67262e-08
-6.36277e-07 4.78102e-07
-7.212e-07 5.83304e-07
-2.08286e-07 1.4232e-07
-6.96153e-07 -1.13626e-07
-1.70738e-06 1.93911e-07
-1.26792e-06 -3.77348e-08
3.6266e-08 -5.63244e-08
-1.73526e-06 -3.12433e-07
-7.47168e-07 -1.23125e-07
-1.29529e-06 -6.78579e-07
9.93953e-07 -4.36828e-08
-2.04618e-08 2.37081e-07
-1.79053e-06 6.79985e-07
4.48113e-08 -1.37957e-07
1.56184e-06 -4.53461e-09
3.19946e-07 2.74538e-07
7.56528e-07 -5.27241e-07
-1.31479e-06 -2.20878e-08
-1.53678e-06 -6.26251e-07
3.71678e-07 5.14902e-07
-6.34309e-07 -2.75595e-07
9.16078e-07 -2.98791e-07
1.09025e-06 1.30387e-07
3.28519e-07 -2.00652e-07
-1.24577e-06 -2.60315e-07
1.23969e-06 -5.531e-07
1.34255e-06 6.4784e-07
-4.68721e-07 -2.39481e-07
-6.10122e-07 -9.35315e-08
-1.29133e-06 -3.56929e-07
-3.57265e-07 4.63069e-07
8.72352e-07 -2.13708e-07
-1.07882e-06 2.73906e-07
1.05861e-06 3.66612e-07
-1.07444e-06 2.7647e-07
1.58971e-06 4.48578e-09
6.13563e-07 6.63075e-07
1.79757e-06 -5.09093e-08
2.26917e-07 -5.76677e-07
-1.06809e-06 2.2542e-07
-1.33807e-06 -1.24818e-08
-1.6441e-06 -6.18674e-07
1.29815e-06 7.51831e-08
-4.68031e-07 -5.65124e-07
2.71013e-07 2.10484e-07
-5.30317e-07 -3.4217e-07
8.33545e-07 -8.48576e-08
1.14891e-06 5.62941e-07
8.77446e-07 -3.7896e-07
-1.60191e-06 -5.79667e-07
1.64226e-06 -6.94458e-07
-5.05377e-08 -1.7811e-08
6.28746e-07 5.88759e-07
-9.47329e-07 -4.16629e-08
-6.12136e-07 -1.57153e-07
-1.35806e-06 -1.39882e-07
1.16149e-07 2.52565e-07
-2.00327e-07 -2.94654e-07
-3.28489e-09 9.88153e-08
1.17995e-06 1.63053e-07
-1.60418e-06 -3.13321e-07
6.06425e-07 4.26097e-08
-1.01764e-06 6.79208e-07
5.45292e-07 -3.35154e-07
6.75451e-07 2.08902e-07
1.119e-06 -6.52648e-07
-4.96009e-07 3.05362e-07
1.52172e-06 -5.19738e-07
-9.02701e-07 3.80736e-07
-1.60984e-06 -7.4696e-08
8.43528e-07 -6.02833e-07
1.08311e-07 2.65189e-07
-7.19766e-07 1.45601e-07
9.46528e-07 7.50311e-08
-1.01927e-06 -6.58064e-07
-6.70902e-07 -5.02283e-08
5.88608e-07 -5.96443e-07
1.70386e-06 4.64014e-07
-1.34489e-06 1.0094e-07
-9.20021e-07 -1.19136e-07
7.09896e-07 -4.16897e-07
-1.44551e-06 -1.08217e-07
9.91751e-07 3.49944e-07
-2.57179e-07 -5.55716e-07
3.32546e-07 -3.38145e-07
-1.70443e-06 3.62626e-07
-4.6826e-08 6.10426e-07
-1.13235e-06 3.92673e-08
1.65774e-06 4.49771e-07
-1.71296e-06 2.55932e-07
1.52318e-06 5.6418e-07
2.0843e-08 -7.0076e-08
4.08146e-07 2.33674e-07
-1.17064e-06 -6.86782e-07
-2.90975e-07 1.35539e-07
5.50382e-07 -6.70528e-08
-2.75101e-07 4.52251e-07
1.45762e-06 -6.49275e-08
-7.99008e-07 5.71218e-07
5.00173e-07 2.86978e-07
-1.13829e-06 3.30062e-07
-1.27012e-06 -2.0558e-07
2.74048e-07 6.8316e-08
4.00225e-07 -6.80085e-08
-4.30121e-08 1.14339e-08
-1.11951e-06 4.44214e-07
-6.28432e-07 -4.87908e-07
8.07606e-07 3.65106e-07
1.7504e-06 4.18111e-07
1.78107e-06 1.94654e-07
-1.22912e-06 1.64775e-07
-7.14077e-07 2.25816e-07
3.91405e-07 -4.78258e-08
3.51452e-07 1.61107e-07
1.50829e-06 1.42621e-07
-9.77359e-07 2.79241e-07
-3.57482e-07 5.14022e-08
-8.12682e-08 -1.58611e-07
-1.67976e-06 -5.45454e-07
3.51937e-07 3.39451e-07
-3.00913e-07 3.34713e-07
-1.05974e-06 -6.83215e-07
-1.04486e-06 5.34386e-07
7.66897e-07 -4.13983e-07
6.42286e-07 -5.68273e-07
-5.81758e-07 1.21366e-07
-9.74625e-07 1.78993e-08
-1.05521e-06 -4.12705e-07
-2.27028e-07 2.75525e-07
-8.64119e-07 -3.95393e-07
-7.87612e-07 2.41741e-07
1.42888e-06 5.34302e-07
8.59194e-07 5.81931e-07
3.88121e-07 5.58894e-07
4.72617e-07 -3.76881e-07
-7.03214e-07 3.59102e-07
-8.34831e-07 -4.07941e-07
-1.30306e-06 8.42378e-08
-1.81216e-06 -3.43791e-07
4.87077e-07 1.2528e-07
-6.78538e-07 5.91508e-07
-1.45857e-06 -2.95427e-08
-1.61993e-07 1.96032e-07
1.35062e-06 6.0567e-07
1.48646e-06 3.28642e-07
7.36531e-07 -3.41233e-07
-1.34388e-06 -5.18417e-07
-1.80282e-06 -2.59236e-08
-1.3398e-06 2.40997e-07
-2.20162e-07 -4.05121e-07
-1.02468e-07 2.81674e-07
6.964e-07 -4.03854e-07
6.31037e-07 -4.72521e-07
-9.33377e-07 -7.94411e-08
1.78501e-07 -6.61977e-08
1.80307e-07 -4.97277e-07
-9.61136e-07 -1.63287e-07
-1.01646e-06 3.91968e-07
-1.21227e-06 1.70697e-07
6.22574e-07 3.94883e-07
-8.2547e-07 3.62061e-07
4.82744e-07 -4.6818e-07
1.34465e-06 5.6206e-07
5.68392e-07 2.62664e-07
6.31746e-07 4.27791e-07
-1.00504e-06 -3.31242e-07
-6.57867e-07 -5.41253e-07
-1.50256e-06 2.15103e-07
-1.50094e-06 -6.79246e-07
1.64595e-06 -1.53357e-07
-6.61042e-07 -2.15171e-07
-1.2555e-06 1.5447e-07
2.10422e-07 -4.06787e-07
1.25172e-06 6.14697e-07
-8.50336e-07 5.19337e-07
-1.60694e-07 5.43778e-07
7.1605e-07 -6.89861e-07
-5.82813e-07 3.59017e-07
-4.70961e-07 4.04516e-07
1.64169e-06 -6.34046e-07
-1.43102e-06 -5.54256e-08
3.04909e-08 -3.62404e-07
2.7283e-07 3.05841e-08
6.61766e-07 1.8335e-07
5.49063e-07 -2.15681e-07
3.28577e-07 1.98764e-08
1.75026e-06 8.47232e-08
-7.24879e-07 5.34899e-07
-4.35959e-07 5.86863e-07
4.21833e-07 3.86755e-07
1.61205e-06 -6.99355e-09
-1.69643e-06 -1.6544e-07
9.45322e-08 3.11894e-07
-1.25692e-06 5.2156e-07
1.52826e-06 -4.1426e-07
5.37259e-07 5.20054e-07
1.25625e-06 -3.08351e-07
-5.49373e-07 -1.33139e-08
5.0277e-07 -1.13937e-07
3.22633e-07 2.86358e-07
3.50016e-07 -2.40074e-07
1.73598e-06 6.08103e-07
6.33436e-08 -1.27968e-07
1.48003e-06 5.53009e-07
-1.5462e-06 2.2994e-07
-2.40937e-08 5.83025e-07
2.60092e-07 -5.7763e-07
6.82984e-07 -9.89322e-08
-1.51306e-06 2.82788e-07
4.62411e-07 2.37273e-07
3.74665e-08 2.85368e-07
-1.81153e-06 -4.21193e-07
-1.76157e-06 6.43952e-07
9.57668e-07 -3.43282e-07
-1.26101e-06 2.68082e-08
9.57581e-07 1.85167e-07
5.86348e-08 -1.09962e-07
-1.95152e-07 9.92367e-08
1.58069e-06 -5.11259e-07
-5.45034e-07 -2.46728e-07
9.17074e-07 -5.39984e-07
1.4917e-06 4.56854e-07
-1.32435e-06 -4.94063e-07
-1.35702e-06 5.51679e-07
-7.57994e-07 -1.57079e-07
1.21247e-06 -1.50236e-07
-3.04644e-07 -5.30715e-07
-5.4965e-07 6.41633e-07
-1.70656e-06 5.63126e-08
-1.31224e-06 -4.72525e-07
1.47714e-06 5.02251e-07
4.79285e-08 -6.19511e-07
5.50516e-07 5.69662e-07
-1.04292e-06 5.58788e-07
-1.51991e-06 -3.94691e-07
-1.59592e-07 6.3455e-07
-1.24883e-06 -5.10832e-07
7.28422e-07 2.66044e-07
-3.68872e-07 6.59174e-07
1.03461e-06 1.54802e-07
9.22458e-07 5.25012e-07
-1.13039e-06 -6.00992e-07
-9.58261e-09 -3.45691e-07
6.91842e-08 4.44011e-07
1.08121e-06 -5.30442e-07
-1.6715e-06 -4.81837e-07
-3.3391e-07 3.07298e-07
-1.5115e-06 5.60355e-07
1.79902e-06 4.54537e-07
-1.02077e-06 4.92923e-07
1.25169e-06 -6.37499e-07
1.49953e-06 -3.90953e-07
-5.48626e-07 3.08053e-07
-1.294e-07 5.23171e-07
9.02805e-07 2.82471e-07
1.58385e-06 -4.1025e-08
-7.8823e-07 4.50277e-08
1.66406e-07 1.59158e-07
-1.42147e-07 -4.4835e-07
1.669e-06 5.5429e-07
5.76375e-07 3.54968e-07
-9.34217e-07 7.08348e-08
1.60462e-06 -2.31101e-07
1.52061e-06 -4.92679e-07
-8.2296e-07 4.15885e-07
-1.55742e-06 4.95971e-07
1.14755e-06 -2.38643e-07
2.93289e-07 5.1116e-07
-1.08968e-06 5.20332e-07
-1.62901e-07 -6.2249e-07
2.81215e-07 4.82462e-07
1.81664e-06 2.76274e-07
-1.15978e-06 -1.80011e-07
9.18304e-07 -3.03133e-07
1.38593e-06 -5.91018e-07
-6.73442e-07 -6.08047e-07
7.14205e-07 -3.8827e-07
6.65362e-07 3.40368e-07
9.72031e-07 -3.13806e-07
-1.1066e-06 -4.10906e-07
1.1772e-06 5.16008e-07
-7.15879e-07 5.97859e-07
-1.45916e-06 -2.62944e-07
-4.52409e-07 -4.8128e-08
-1.14969e-06 6.31352e-07
-1.03601e-06 -2.85144e-07
1.85393e-07 -2.56879e-07
-1.79949e-06 2.07089e-07
-1.31158e-06 2.43828e-07
8.15102e-07 -6.58479e-07
-5.05854e-07 -3.88003e-07
1.47889e-06 2.40425e-07
1.5901e-06 4.55186e-07
8.77786e-07 6.42207e-07
9.33246e-07 2.4801e-07
-5.73802e-07 -2.53745e-07
-7.29974e-07 2.05958e-07
-1.63374e-06 -6.25207e-07
1.80061e-06 -5.4532e-07
9.93807e-07 1.06864e-07
-6.30936e-07 2.49723e-08
1.73682e-06 4.79122e-07
9.57817e-07 -9.20919e-08
1.24658e-06 -6.50762e-07
1.83657e-07 1.63798e-07
-1.27389e-07 -1.69398e-07
1.23062e-06 6.97263e-07
-1.45111e-06 -2.89979e-07
1.38408e-06 -6.73647e-07
1.19277e-06 -1.0146e-07
-1.34196e-06 6.70744e-07
8.2176e-07 -6.31062e-07
6.58749e-07 -3.59423e-07
-1.53365e-06 -6.46816e-07
-1.70865e-06 -5.82875e-07
-1.41708e-07 6.61142e-07
9.86345e-07 -1.45312e-07
-9.19075e-07 1.82469e-07
-3.40957e-07 5.77045e-07
-6.45741e-07 -5.67848e-07
7.60269e-08 -3.31127e-07
3.88439e-07 -6.54879e-07
1.57288e-06 5.62613e-07
4.38472e-07 1.76321e-07
-1.79151e-06 -5.97722e-07
5.78574e-08 3.74378e-07
8.68782e-07 -5.54001e-07
-1.78238e-06 -5.26624e-07
-5.51046e-07 -5.9126e-07
4.90637e-07 3.15568e-07
1.72634e-06 3.92242e-07
1.20172e-06 -2.7365e-07
1.01628e-06 -7.63317e-08
3.10785e-07 -6.7952e-08
-7.40376e-08 -2.11701e-07
-7.90552e-07 -5.28578e-07
9.92272e-07 -3.63002e-07
3.48343e-07 -6.47717e-07
7.41029e-07 -3.88814e-07
-8.71528e-07 2.28284e-07
-9.7726e-08 -1.13028e-08
4.51702e-07 -2.21164e-07
-7.26977e-07 -1.54542e-08
1.69282e-06 -2.34148e-07
5.0701e-07 1.29751e-07
1.69733e-06 -5.0349e-07
-1.14738e-06 -1.08476e-07
-8.58962e-07 2.89048e-07
-1.21828e-06 1.43436e-07
-8.16051e-07 -3.29798e-07
-8.42002e-07 3.74265e-07
1.10307e-06 -4.42775e-07
1.49331e-06 -6.46171e-07
8.45863e-07 4.18839e-07
4.49878e-07 4.6043e-08
-4.91195e-07 3.22224e-07
7.65209e-07 -4.77201e-07
1.7107e-06 1.49921e-07
1.63855e-06 -5.53674e-07
-3.45568e-07 -3.0359e-07
4.50106e-07 6.83172e-07
-7.93177e-07 -2.56915e-07
-2.40655e-07 2.82616e-07
-1.73721e-06 4.42371e-07
-1.3162e-06 7.32733e-09
-3.84993e-08 6.95754e-07
3.85403e-07 -1.296e-07
-1.09103e-06 -6.02312e-07
5.91058e-07 6.52683e-08
-6.47531e-07 -5.50711e-07
-1.57506e-07 8.99785e-08
3.46995e-07 1.2786e-07
-9.18683e-07 5.46773e-07
-1.37787e-07 2.22495e-07
1.06441e-06 -2.96006e-07
5.00206e-07 2.23966e-08
2.4263e-07 1.88795e-07
-1.63224e-06 5.23422e-07
1.38165e-06 -5.13865e-08
-1.26737e-06 5.64415e-07
-1.7127e-06 -3.83215e-07
-1.81995e-06 -4.8991e-07
-4.23973e-07 -3.62994e-07
1.68548e-07 6.88522e-07
1.56528e-06 5.02462e-07
7.60602e-07 5.4562e-07
1.39487e-06 3.25625e-07
7.82909e-07 5.54665e-07
-4.36696e-07 3.09034e-07
-1.12375e-06 -3.81656e-07
1.23662e-06 3.94737e-07
6.54228e-07 -5.73111e-07
1.25986e-06 -4.07732e-07
-1.09319e-06 4.01062e-08
-5.42891e-07 5.89961e-08
-2.7271e-07 -6.54449e-07
-1.69815e-06 -6.59066e-07
-2.93271e-07 -4.31248e-07
-1.03433e-06 -2.367e-07
-1.02564e-06 -6.35716e-07
1.15774e-07 1.95059e-07
-1.45774e-06 5.43551e-07
1.04681e-06 3.62186e-07
6.47311e-07 -5.54088e-07
-1.78264e-06 1.81181e-07
-6.08902e-08 -3.41746e-07
-1.54521e-06 8.84051e-08
1.55223e-07 -2.94933e-07
-8.02805e-07 -1.90461e-07
-2.02766e-07 -2.91938e-07
-1.77553e-06 -1.12877e-07
4.21176e-07 3.99842e-07
9.56739e-07 -2.8699e-07
1.32709e-06 5.10805e-07
-1.45837e-06 4.68525e-07
5.81919e-07 -5.17764e-07
-3.63368e-07 -4.51235e-07
1.58817e-06 -8.48567e-08
1.35672e-07 -6.52408e-07
-1.53222e-06 6.62665e-07
7.492e-07 -6.98502e-08
-1.24838e-06 -6.83733e-07
-1.46554e-06 6.01391e-07
-7.41435e-08 -4.44098e-07
-5.90426e-07 3.18447e-07
-1.72402e-06 6.70568e-07
-1.06756e-06 -6.79179e-07
-5.19249e-07 1.28654e-07
-2.39883e-07 -3.94278e-07
-8.58909e-07 6.76417e-08
5.61285e-07 -4.99898e-07
-1.66862e-06 -5.42301e-08
-7.43388e-07 -2.86599e-07
-7.52371e-08 3.78538e-07
1.74723e-06 4.69451e-07
-3.58679e-07 -9.34802e-08
-1.30989e-06 6.32196e-07
1.35972e-06 5.08319e-07
5.21495e-07 4.41951e-07
1.9544e-07 2.45114e-07
-3.60786e-07 -5.01536e-07
1.50277e-08 2.11125e-07
-1.19979e-06 -1.58076e-07
-1.029e-07 -2.32331e-07
-8.03477e-07 -8.15051e-08
4.22127e-07 -6.51176e-07
-1.45791e-06 5.19893e-07
-6.52235e-07 6.53183e-07
-1.04711e-07 1.03921e-07
-7.25887e-07 4.83321e-08
1.01164e-06 -3.70565e-07
-4.27029e-07 -5.08582e-08
-8.55759e-07 6.47865e-07
-1.66699e-06 1.64817e-07
9.92344e-07 -3.24824e-08
-4.50816e-07 1.07183e-08
-1.71413e-06 4.71401e-07
-1.17446e-06 3.0258e-07
9.14051e-07 -5.00337e-07
-1.61361e-07 4.67132e-07
-1.78827e-06 -1.9603e-07
1.23041e-06 -6.79146e-07
-8.88427e-08 1.89676e-07
3.05793e-07 1.0797e-07
1.19121e-06 -4.06179e-07
1.24795e-07 6.22034e-07
5.51946e-07 1.73008e-07
-4.85226e-07 -2.75575e-07
1.94092e-07 4.74902e-07
-1.31585e-06 -2.76323e-07
7.9874e-08 5.02862e-07
-1.6403e-06 -4.15423e-07
-1.16357e-06 -2.5985e-07
1.29679e-06 -3.57499e-07
4.07846e-07 -3.28361e-07
1.1652e-06 1.80481e-07
-1.39517e-06 5.04707e-07
3.51457e-07 -4.03298e-07
6.07355e-07 3.59428e-07
-1.01801e-06 -9.33838e-08
3.90275e-07 -1.38405e-07
-1.52194e-06 3.24245e-07
6.55782e-07 2.84316e-07
1.35497e-06 -3.21347e-07
6.69778e-07 -6.47776e-07
9.72648e-07 9.80118e-08
8.1542e-07 -3.44143e-07
-1.01548e-06 5.61161e-07
6.96262e-07 3.49151e-07
8.0946e-07 3.71964e-07
-1.57149e-08 -3.62742e-07
-6.86239e-08 5.31575e-07
9.5776e-07 -2.65931e-07
1.10132e-06 6.33227e-07
-7.66168e-07 -4.17373e-07
-3.54559e-07 6.99416e-07
5.50435e-08 -3.97504e-07
-1.13534e-06 2.87686e-07
-1.39574e-06 5.61172e-07
-5.53551e-07 2.17803e-07
1.13002e-06 5.63267e-07
-1.24299e-06 -4.87315e-07
1.5905e-06 2.35853e-07
-1.59928e-06 -6.8313e-07
-1.43168e-06 6.26621e-07
8.21022e-07 1.2399e-07
3.38472e-07 1.40148e-08
-8.67351e-07 5.10738e-07
-5.44679e-07 8.15189e-08
5.5801e-07 3.72255e-07
7.44969e-07 4.80205e-07
4.896e-07 -4.60036e-07
-3.03281e-07 1.37034e-07
8.22952e-07 -4.64741e-07
4.08937e-07 -1.74417e-07
1.54598e-06 9.13429e-08
1.23023e-06 -5.88687e-07
1.6201e-06 2.53333e-08
-1.23153e-06 2.96959e-07
-9.37526e-07 1.04991e-07
1.64904e-06 -5.05033e-07
-1.15042e-06 -5.44604e-07
-1.19497e-06 6.5782e-07
1.1819e-06 -2.28671e-07
-6.14853e-07 -5.92341e-07
9.47893e-07 3.80725e-07
-1.67291e-06 4.26434e-08
2.4776e-07 3.71943e-07
8.79854e-07 3.09907e-07
-5.47879e-07 6.61297e-07
1.79275e-06 3.63543e-07
-1.05912e-06 -1.38653e-07
9.60847e-07 1.0963e-07
3.03032e-07 -1.36051e-07
-3.87264e-07 1.99418e-07
-1.07231e-06 -2.16251e-07
-5.13994e-07 -6.06007e-07
-1.39857e-06 -5.64113e-07
8.26331e-08 -3.70225e-07
-5.61299e-07 -3.5729e-07
-6.13354e-07 2.74311e-07
1.82434e-06 -6.70271e-07
5.34576e-07 -3.54839e-07
1.46751e-06 6.95202e-07
-1.36154e-06 1.31492e-07
1.42417e-06 6.84047e-07
-1.0652e-07 -4.66196e-07
-1.64088e-06 5.69178e-07
-1.53194e-06 -1.40965e-07
4.45415e-08 2.89251e-07
7.70374e-07 4.22529e-07
-1.08136e-06 5.41257e-07
1.69574e-06 3.16616e-07
1.0451e-06 -3.85846e-07
-5.12678e-07 3.04387e-07
5.35009e-07 6.27991e-07
1.05634e-06 1.25151e-07
6.8192e-07 5.68513e-07
1.99214e-08 5.59756e-07
-1.49737e-06 2.22953e-07
1.00697e-06 -2.85845e-07
1.59921e-06 -3.46854e-07
-9.62068e-07 -1.90463e-07
-1.31711e-06 -3.39457e-08
5.21333e-07 5.69534e-07
9.44728e-07 -3.1746e-07
-9.75758e-07 -6.76652e-07
-4.72245e-07 6.0612e-08
-1.36187e-06 6.27771e-07
-1.23867e-07 3.07012e-08
-1.5892e-06 -5.93619e-07
-1.48782e-06 4.8385e-07
6.53271e-07 -5.436e-07
-1.67981e-06 1.31768e-07
1.24817e-06 -5.51876e-07
8.33915e-07 3.50667e-07
1.27958e-06 -3.02447e-07
1.21764e-06 -1.13442e-07
1.24086e-06 1.96291e-07
8.54468e-07 -8.59359e-08
1.44285e-06 -1.0971e-07
1.81852e-06 5.74049e-07
2.50041e-07 5.29623e-08
-1.15541e-06 5.1694e-07
-2.01637e-07 6.02021e-07
3.96535e-07 -3.61088e-07
2.17535e-08 -7.99292e-08
-2.47886e-07 6.38695e-07
-1.19061e-07 -7.55646e-09
-1.71056e-06 -5.67905e-07
8.25134e-07 -6.87599e-07
-1.80851e-06 2.37079e-07
3.46118e-07 8.76208e-08
-2.18481e-07 -1.8433e-07
-6.80737e-07 -6.14901e-08
-3.12142e-07 1.8138e-07
-7.427e-08 6.70041e-08
1.17906e-06 -4.83446e-07
1.23896e-06 5.74146e-07
-3.39172e-07 -6.10999e-07
7.45823e-07 4.85178e-07
-1.22067e-06 -5.23563e-07
1.45809e-06 6.19377e-07
-7.90955e-07 4.50255e-07
-8.44251e-07 3.39758e-07
5.66213e-07 2.03807e-07
-1.80175e-06 -4.84398e-07
7.1478e-07 1.02824e-07
-6.25061e-07 4.2851e-07
-1.71367e-06 3.99029e-07
-6.63842e-07 5.63926e-08
1.06543e-06 -1.57898e-07
8.90111e-07 -3.48026e-07
-7.79374e-07 -2.76362e-07
-8.48469e-07 -2.39711e-08
1.42014e-06 5.85336e-07
-9.43514e-07 -4.66747e-07
1.32063e-07 2.67343e-07
3.00365e-07 -6.85647e-07
-1.16873e-06 5.37047e-07
-1.26036e-06 -5.53114e-07
8.31933e-07 5.60954e-07
9.33479e-07 -7.12844e-08
-5.0993e-07 2.65799e-07
8.39016e-07 6.46488e-07
-1.50193e-06 4.12704e-07
8.23915e-07 5.69248e-07
1.22636e-06 -4.43991e-07
-1.12858e-06 -5.52501e-07
6.54055e-07 6.838e-07
7.10756e-07 3.65006e-07
-1.37876e-06 -4.38761e-07
-8.10879e-07 -7.42351e-08
-3.38882e-07 -4.64046e-09
-1.37483e-06 4.10478e-07
2.90162e-07 -5.38444e-07
-2.72888e-08 -6.09759e-07
-1.1556e-06 -6.68933e-07
7.84559e-08 4.48535e-07
1.3325e-06 -2.08345e-08
-1.7884e-06 -3.24396e-08
-8.32106e-07 -5.83615e-07
9.50455e-07 -5.22679e-07
3.83465e-07 -5.53652e-07
-2.46532e-07 -6.20524e-07
-1.0983e-07 4.62633e-07
-3.55039e-07 -2.45401e-07
2.50366e-07 9.01158e-09
4.54483e-07 -5.87447e-07
1.64618e-06 -3.48359e-07
-2.24582e-07 -1.52249e-07
3.69596e-08 5.39686e-07
-1.18021e-06 4.26197e-07
-7.64575e-07 1.47753e-07
-1.13829e-06 -2.39033e-07
-1.26279e-06 6.92674e-07
-1.5362e-06 4.11326e-07
-2.85419e-07 5.2112e-07
-3.5967e-07 6.82897e-07
-7.82355e-07 -2.86636e-07
-1.40089e-06 -5.52028e-07
-3.4644e-07 7.35097e-08
4.44572e-09 -5.38586e-07
-9.32575e-08 4.71842e-08
-4.23189e-07 5.76637e-07
-1.57986e-06 -2.68729e-08
-1.37662e-06 -6.53641e-07
2.51491e-07 6.41872e-07
-1.43379e-06 1.20315e-07
-8.94319e-07 1.83614e-07
-1.09744e-06 -3.98887e-07
9.97871e-07 -4.92411e-08
-6.82199e-07 8.14508e-08
-7.16804e-07 -7.60186e-09
9.16447e-07 -5.09492e-07
-5.71956e-07 -3.05525e-07
1.39791e-06 5.90444e-07
1.47265e-06 -2.12072e-07
1.14191e-06 1.04921e-07
-9.93134e-07 9.60801e-08
-2.04762e-07 6.9569e-07
4.8594e-07 4.98773e-07
-1.68074e-06 -2.38277e-07
1.51903e-06 -1.89864e-07
1.56342e-06 -1.65499e-07
1.62113e-06 -4.88072e-07
9.7065e-07 5.27591e-07
-7.81563e-07 6.74826e-07
1.59502e-06 3.84511e-07
-9.36923e-08 4.92451e-07
-6.32893e-08 1.77288e-07
3.09255e-07 2.86398e-07
7.34914e-07 4.90763e-07
1.81102e-06 7.96808e-08
7.1426e-07 -3.21772e-07
-1.68876e-06 8.64436e-08
-7.11326e-07 -2.16068e-07
8.37505e-07 -6.52109e-07
9.48573e-07 6.73722e-09
2.71487e-07 -3.1203e-07
1.94931e-07 -4.84784e-07
-1.68761e-06 -1.0683e-07
-2.74097e-07 1.28731e-07
-1.47462e-06 -6.57639e-07
1.17977e-06 4.99685e-07
-1.24788e-06 3.24445e-07
-8.77038e-07 -3.93933e-07
-5.87052e-07 1.78393e-07
1.7946e-06 5.68023e-07
-1.60336e-06 -6.19853e-07
1.54031e-06 -4.44489e-07
1.48547e-06 4.66361e-08
5.98105e-07 3.35897e-07
-1.72833e-06 -1.13675e-07
1.69062e-06 5.03074e-07
-1.71957e-06 -2.5166e-07
5.95759e-07 2.4307e-07
-1.48845e-07 -5.86762e-07
1.74235e-07 5.74586e-07
1.44283e-06 -5.7961e-07
-6.32244e-07 -3.59668e-07
-1.45137e-06 1.25113e-07
-1.21569e-06 -4.1933e-07
-5.8053e-07 1.87159e-07
-5.15435e-07 -2.818e-07
-4.10849e-08 -1.76012e-07
-1.08758e-06 5.36287e-07
-7.81838e-07 4.49568e-07
-9.08725e-07 -4.18766e-08
3.59001e-07 -6.084e-07
-6.98206e-07 6.68861e-07
1.35168e-06 -1.50535e-07
-1.23002e-06 -5.10595e-08
1.09887e-07 9.84322e-08
1.16302e-07 2.25565e-07
4.72908e-07 -4.37311e-07
5.48656e-07 -3.39613e-07
1.0959e-06 6.1858e-07
7.05403e-07 1.34474e-07
1.34476e-06 -2.54039e-07
1.25869e-06 -2.46479e-08
8.08055e-07 -1.52669e-07
1.70465e-06 -5.2628e-07
1.66545e-06 5.72114e-08
-1.48108e-06 -2.34545e-07
1.05395e-06 -5.72361e-07
-1.48274e-06 6.03909e-07
1.57143e-06 -4.64418e-07
6.72963e-07 3.26532e-07
1.77874e-06 1.78492e-07
1.19445e-06 -5.62281e-07
-1.78669e-06 2.77629e-07
-6.91703e-07 -3.00508e-07
-1.64788e-06 -6.45122e-07
-6.50933e-07 -4.16238e-07
1.64705e-06 -2.38341e-07
1.71506e-06 -6.1012e-07
5.21987e-07 -3.39321e-07
8.73275e-07 -4.60359e-07
-1.56676e-06 5.82139e-07
-1.7667e-06 -1.57838e-07
1.78785e-06 -4.70879e-07
1.62715e-06 -6.67754e-07
5.92425e-08 -2.2851e-07
-5.7661e-09 -6.56367e-07
2.97052e-07 6.24621e-07
1.80883e-07 -2.16692e-07
-8.1878e-07 -1.82429e-07
9.78115e-07 -3.00995e-07
1.03182e-06 1.40784e-07
-1.11803e-06 -2.84929e-07
-8.37953e-07 6.56247e-07
6.9754e-07 -1.54694e-07
1.33831e-06 5.3237e-07
9.0617e-07 4.20569e-07
-3.66553e-07 6.37209e-07
-1.43418e-06 -1.83639e-07
6.94865e-08 5.00865e-07
-1.66181e-06 -6.28336e-07
1.65908e-06 1.25744e-07
-1.74156e-06 -4.38137e-07
-1.02881e-06 -1.15201e-07
1.16477e-06 -2.68116e-09
-1.63662e-06 1.55902e-08
4.58347e-07 -6.52563e-08
3.01023e-07 -5.68888e-07
7.99246e-07 -6.49256e-07
7.05127e-07 4.14862e-07
1.13304e-06 3.742e-07
-7.11189e-07 -2.28214e-07
1.42426e-07 -5.94922e-07
1.69965e-06 6.2057e-08
-1.40382e-06 3.17498e-07
8.27527e-07 -5.11493e-08
-6.11698e-07 -1.56149e-08
-1.78793e-06 1.68468e-07
-1.05355e-06 -1.39231e-07
1.59193e-07 6.15489e-07
3.57895e-07 6.61298e-07
5.81288e-07 -4.95344e-07
1.65778e-06 -1.82385e-08
-7.10538e-07 -1.60069e-07
-1.56023e-06 -5.79764e-07
-1.03581e-06 6.0863e-07
-1.43714e-06 1.20703e-07
1.01188e-06 -6.90283e-07
1.18554e-06 4.91667e-07
-6.99632e-07 -1.85668e-07
4.79441e-07 -1.96393e-07
-1.51484e-07 -4.06783e-07
-8.16098e-07 -1.14837e-07
1.52429e-06 6.02548e-07
1.48806e-06 5.10771e-07
-1.39771e-06 1.13587e-07
2.4492e-07 1.74242e-08
-3.42341e-07 -4.66841e-07
-1.57597e-06 -4.07748e-10
-1.24872e-06 2.53457e-08
-7.45663e-08 6.53919e-07
1.48971e-06 2.77099e-07
4.82555e-07 -2.53691e-09
6.8751e-07 2.5924e-07
1.06554e-06 -1.71091e-07
1.09105e-06 -1.2399e-07
-2.24123e-07 -2.14783e-07
-9.98612e-07 5.78237e-07
-8.8609e-07 2.81919e-07
-3.49386e-07 4.32829e-07
1.83908e-07 -1.66788e-08
-1.37419e-06 -3.16165e-07
-9.04289e-07 3.60254e-07
5.41058e-07 -5.15854e-07
-8.29275e-07 1.77627e-07
1.07494e-06 7.92259e-08
-1.38114e-06 -5.29865e-07
-1.20476e-06 -3.29627e-07
-1.62903e-07 -6.90649e-07
-5.47748e-07 -3.28426e-08
1.80203e-06 3.18257e-07
1.47816e-07 -4.24807e-07
-6.80046e-07 -2.593e-07
-1.14395e-06 4.96689e-07
-1.69191e-07 6.27583e-07
1.28356e-06 -4.82183e-08
-2.44174e-08 4.30482e-07
8.96279e-07 3.83476e-07
1.26492e-07 -5.74662e-07
-7.74486e-07 -5.85239e-07
-1.09923e-06 2.85201e-07
-1.11428e-07 6.09526e-07
2.66224e-07 5.01437e-07
-1.06061e-06 -1.71037e-07
6.93326e-07 3.3783e-07
-6.5742e-07 1.3702e-07
1.75771e-06 4.38274e-07
1.196e-06 1.12832e-07
-7.69654e-07 -3.72571e-07
1.12328e-07 -6.89216e-08
2.00429e-07 -6.19374e-07
-1.49967e-06 5.08763e-07
-1.75368e-06 -6.37946e-07
1.25965e-06 3.02321e-07
-1.16812e-06 -3.49532e-10
-1.71163e-06 -1.21039e-07
6.60374e-07 -3.79468e-08
-7.63203e-07 9.6013e-08
-1.02698e-07 -4.35953e-07
-4.17628e-07 5.79712e-07
-1.63646e-06 5.79452e-07
-2.02886e-07 -5.3974e-08
-9.46749e-07 -5.09515e-07
1.45036e-06 2.72339e-07
7.61541e-07 -5.6681e-07
-1.13131e-06 -1.22453e-07
-1.21397e-06 -2.63335e-07
-3.06144e-08 -5.74353e-07
-8.07152e-07 -5.41794e-08
1.77763e-06 5.69807e-07
-1.396e-06 1.66971e-07
8.25256e-07 6.17832e-07
-1.75746e-06 3.58968e-08
-1.38421e-06 1.6773e-07
1.49165e-06 -2.65998e-07
1.61618e-07 -2.89928e-07
-1.43151e-06 5.95452e-07
-1.42319e-06 4.97264e-07
-6.33517e-07 2.40566e-07
8.31442e-07 6.39115e-07
-1.11312e-06 5.68961e-07
5.50359e-08 -5.03991e-07
-4.64049e-08 4.06382e-08
-1.4665e-06 4.27932e-07
-6.97341e-07 -2.37812e-07
1.42987e-06 1.91493e-07
-1.50599e-06 3.82587e-07
-4.61013e-07 -2.84435e-07
1.22626e-06 -1.82617e-07
1.21679e-06 -1.12801e-07
-5.43158e-07 1.06744e-07
4.09295e-07 -6.90931e-08
8.13592e-07 -1.81472e-07
3.42301e-07 1.41129e-07
-1.15008e-06 -4.9223e-07
1.04869e-07 -7.45319e-08
1.40495e-06 5.96649e-07
7.3722e-09 4.24055e-07
-3.38559e-07 -1.56687e-07
7.00153e-07 -6.62766e-07
1.7812e-06 -1.60788e-07
1.62632e-06 2.70764e-07
1.10452e-06 3.13719e-07
-5.78728e-07 4.50907e-07
-9.62251e-08 1.91606e-07
7.52943e-07 5.26613e-07
-1.46411e-06 -6.16322e-07
3.07507e-07 5.64434e-07
3.84947e-07 -2.01188e-07
-1.45673e-06 6.70413e-07
-1.45625e-06 -8.02761e-08
-9.93476e-07 -2.96122e-07
-1.58564e-06 4.00411e-07
-1.48617e-06 -2.14634e-07
1.61415e-06 -5.34058e-07
-1.81297e-06 1.73962e-07
1.30223e-06 6.08638e-07
-5.12633e-07 -2.72562e-07
3.04986e-07 5.30491e-07
9.7357e-07 6.75886e-07
1.147e-06 -5.61708e-07
8.53194e-07 -2.67514e-08
9.75318e-07 -6.72561e-07
5.12521e-07 -8.803e-08
1.22146e-06 -1.73976e-07
-1.48979e-06 2.27177e-07
2.32841e-07 2.52115e-07
6.1383e-07 -5.03724e-07
1.78344e-06 1.17114e-07
1.40642e-06 2.38797e-07
1.20577e-06 -6.09822e-08
-9.91832e-07 -4.05151e-07
3.4588e-07 -5.83095e-07
-1.44221e-06 6.38995e-07
-1.08363e-06 4.90021e-07
-4.67981e-07 4.55593e-07
8.91188e-07 5.45567e-07
1.68149e-07 1.92161e-07
-1.34387e-06 -5.86708e-07
-8.14638e-07 2.57066e-07
1.22871e-06 -1.59168e-07
-9.69373e-07 2.74231e-08
-1.00466e-06 -4.62772e-07
5.69865e-08 4.69495e-07
-6.34222e-07 -8.41705e-08
-9.40347e-07 3.75823e-07
1.79631e-06 5.32399e-07
-9.91491e-07 -4.49926e-07
-7.42815e-07 -1.56417e-07
4.74867e-07 5.8098e-07
-7.79307e-07 6.17889e-08
-1.33025e-06 -2.46676e-07
1.13576e-06 7.62261e-08
9.73199e-07 -1.65567e-07
1.54231e-06 4.21028e-07
1.81934e-06 3.96221e-07
-4.76082e-08 -5.82022e-07
-1.63523e-06 1.41282e-07
-1.73484e-06 -6.59705e-07
-1.48772e-06 -5.65766e-07
-1.78355e-06 5.272e-07
1.45847e-07 3.08761e-07
-1.04048e-06 -2.15654e-08
-1.73864e-06 -5.09493e-07
-9.28682e-07 -4.03074e-07
-4.06728e-07 -6.62191e-07
1.67157e-07 -4.91376e-07
-1.29579e-07 -3.80205e-07
-1.26037e-06 6.19592e-07
5.28131e-08 1.28184e-07
-1.35229e-06 4.26038e-07
-4.4744e-07 -4.44553e-07
-2.0967e-07 -4.37817e-07
-1.28948e-06 5.62603e-07
1.69932e-06 -1.43818e-07
-7.97472e-07 4.03586e-07
-1.0608e-06 6.56044e-07
1.15953e-09 -4.64408e-07
-1.67356e-06 3.22178e-07
-1.15894e-06 -5.40311e-07
1.43532e-07 1.70565e-07
1.86037e-07 3.28804e-07
-2.23695e-07 3.30065e-08
-1.2941e-06 5.06211e-07
-1.15013e-06 6.61646e-07
1.33465e-07 -4.16216e-07
8.68721e-07 1.8823e-07
8.73928e-07 -2.36276e-07
1.638e-06 -9.85497e-08
-1.6942e-06 -5.15278e-07
1.18185e-06 -4.70585e-07
-8.01229e-07 3.73122e-07
2.54999e-07 -2.003e-07
-1.46416e-06 -3.47599e-07
1.66896e-07 -5.41202e-07
-5.70821e-07 6.71096e-08
-4.46897e-07 -1.1072e-07
-1.53121e-06 -1.84498e-07
5.0276e-07 -1.90922e-07
1.54779e-06 -2.61722e-07
1.07475e-06 1.39997e-07
-1.39665e-06 -5.86577e-07
3.74811e-07 1.92087e-08
-1.72448e-07 1.59491e-08
-7.96553e-07 -6.43232e-07
-1.79663e-06 -1.67515e-08
1.25342e-06 2.00609e-07
-7.84849e-07 6.0467e-07
4.68596e-07 -1.17948e-07
9.38427e-07 -1.03988e-07
-1.17514e-06 -6.59998e-07
1.05127e-06 4.29585e-07
3.0515e-07 -3.22763e-07
3.39557e-07 -5.67456e-07
-5.36003e-08 5.39245e-07
2.15669e-07 -5.63791e-07
-1.59454e-06 -6.02468e-07
6.75573e-07 -2.75097e-07
-1.29169e-06 -1.20602e-07
6.1796e-07 -8.69407e-09
-9.01478e-08 3.43698e-07
-1.10842e-06 1.4731e-08
-6.20116e-08 7.42945e-08
-4.92406e-07 -1.35938e-07
-8.58435e-07 -6.32124e-07
3.64744e-07 6.58732e-07
1.68057e-06 5.58956e-07
-9.89986e-07 1.02261e-07
4.52233e-07 -2.83745e-07
-1.15877e-06 -3.80142e-07
-1.53387e-06 -3.63933e-07
1.40488e-06 2.60292e-07
1.15056e-06 1.08288e-07
-8.28314e-07 5.61827e-07
7.71284e-07 -2.24191e-07
1.45006e-07 -6.86993e-07
1.09988e-06 -2.05324e-07
1.12107e-06 -4.26948e-07
5.76937e-07 -3.32104e-07
-1.1679e-06 -3.277e-07
-1.63738e-06 -4.56713e-07
1.59734e-06 4.30491e-07
-1.64099e-06 -5.69411e-07
6.9604e-07 1.05935e-07
-6.29193e-07 -3.07769e-07
-5.74038e-07 4.99629e-07
-1.45856e-06 -4.4277e-07
1.16522e-06 1.97354e-07
-8.04173e-07 -4.83543e-07
-9.28735e-07 5.5672e-07
-6.13945e-07 2.21384e-07
1.68965e-06 -4.97203e-07
-1.39616e-06 -2.68944e-07
1.81727e-06 -3.63562e-07
-1.62469e-06 5.50294e-07
-5.03277e-07 -4.50818e-08
1.7108e-06 -3.09849e-07
-7.50406e-07 1.47715e-07
1.34896e-06 -6.172e-07
9.2695e-07 -6.3321e-07
-3.64166e-07 -2.7355e-08
1.47215e-06 -4.6448e-07
1.7039e-06 4.76315e-07
7.57959e-07 -6.05307e-07
-1.5251e-06 4.60259e-07
-1.49372e-06 -3.05106e-09
-4.27563e-07 2.4401e-07
5.27936e-07 5.04504e-07
-1.67404e-06 -4.72315e-07
6.05803e-07 2.72104e-07
1.66424e-06 -6.58318e-07
-1.13769e-06 -6.89323e-07
7.07779e-07 -4.43455e-07
-5.4314e-07 -1.57533e-07
-1.43656e-06 3.09714e-07
1.26937e-06 -6.79589e-07
-7.04906e-07 4.24837e-07
9.72754e-07 6.16847e-07
6.25997e-07 -1.26743e-07
1.61023e-06 3.98645e-09
4.47246e-07 -1.25425e-07
-1.80035e-06 2.38458e-07
1.11336e-06 -4.91435e-07
1.5293e-06 -5.9558e-07
-1.54742e-06 3.56313e-07
-7.9481e-07 -4.63618e-08
5.71139e-07 3.21108e-07
-2.69747e-07 -3.33406e-07
4.65426e-07 2.83303e-07
-6.79486e-07 4.80944e-08
1.58148e-06 -2.64395e-07
7.83448e-07 -1.51436e-07
1.80858e-06 -4.93365e-07
-1.17393e-06 6.26707e-09
1.0761e-06 2.96072e-07
8.5183e-07 -3.91742e-07
1.62755e-06 -4.20785e-07
7.94693e-07 -4.94462e-07
5.77071e-07 -4.60612e-07
1.7536e-06 -4.68093e-07
-9.72048e-07 -6.08179e-07
6.48052e-07 2.0605e-07
1.44238e-06 -6.29992e-07
-1.15152e-06 -2.06533e-07
8.49048e-07 -6.13237e-07
-1.14989e-06 -4.57243e-07
9.30101e-07 -6.87604e-07
-1.02377e-06 -1.52696e-07
-3.5908e-07 4.35075e-07
-1.53446e-06 1.78256e-07
-1.04834e-06 5.69162e-07
-6.41446e-07 6.50361e-07
-1.55961e-06 -6.96035e-07
-1.38424e-06 -6.14572e-07
-1.32206e-06 4.75647e-07
-1.5443e-06 6.89384e-07
1.75895e-06 2.94721e-07
-1.30744e-06 2.31327e-07
3.40635e-07 6.31434e-07
3.69139e-07 -2.95903e-07
-1.01142e-06 3.77548e-07
-8.35941e-07 1.45659e-07
-8.7209e-08 3.29435e-07
1.47224e-06 4.29123e-07
9.0948e-07 -5.92205e-07
7.30334e-07 7.09005e-08
4.66456e-07 7.24269e-09
1.18313e-06 -8.37295e-08
7.02085e-07 -4.14506e-07
-1.73206e-06 -4.35053e-07
1.62768e-06 2.1189e-07
2.47496e-08 6.58779e-07
-6.00201e-07 -5.63243e-07
5.73806e-07 2.76707e-07
-7.83714e-07 -3.47153e-07
-7.35958e-07 6.20233e-07
1.57255e-06 -3.87191e-07
5.20536e-07 -7.2137e-09
1.41132e-06 1.68402e-08
1.78039e-06 -3.7006e-07
-8.1931e-08 -4.0899e-07
8.99349e-07 -1.52776e-07
9.18651e-07 -4.41337e-07
5.17425e-07 1.79951e-07
9.59746e-08 2.28569e-07
-1.60276e-06 5.31082e-07
1.09665e-06 -2.6016e-07
-6.38658e-07 -4.42483e-07
-1.54879e-06 6.41256e-07
-4.22357e-07 -2.55316e-07
-1.069e-06 -4.42376e-07
-1.33661e-06 -4.64571e-07
8.97717e-07 -2.83343e-07
1.2629e-07 -8.94094e-09
1.71902e-06 -6.39289e-07
-2.73075e-09 -4.09729e-08
-9.06342e-07 5.49447e-07
5.75698e-07 8.24563e-08
1.12526e-07 4.78278e-07
-4.1759e-08 1.45077e-07
-1.35126e-06 -3.08754e-09
2.60274e-09 4.04456e-07
1.18006e-06 4.76342e-07
4.58758e-07 5.82155e-07
-3.42416e-07 -5.2793e-07
-1.35811e-07 1.95843e-07
-1.73736e-06 -4.0515e-07
-5.11924e-07 -5.16618e-07
1.20154e-06 -5.396e-07
-1.37431e-06 1.27116e-07
-1.14355e-06 -5.74847e-07
-1.62555e-06 -1.30484e-07
1.26778e-06 -5.53239e-07
-1.37858e-06 4.93733e-07
-1.1835e-06 3.97644e-07
1.79378e-06 -6.76593e-07
-1.53498e-06 -1.74575e-07
1.59339e-06 2.8251e-07
6.37718e-07 2.67333e-08
-1.7892e-06 2.42553e-07
1.53935e-07 -2.82105e-08
-1.39731e-06 -3.06896e-07
-1.04018e-06 -2.51591e-07
1.53666e-06 5.43913e-07
-7.78887e-07 1.52793e-07
1.05498e-06 -1.35979e-07
-4.24672e-07 -7.67778e-08
-1.4015e-06 3.78427e-07
-2.30428e-08 -3.89237e-07
7.88407e-07 5.08938e-07
-1.25326e-06 3.78801e-07
-1.15396e-06 -6.59026e-07
-1.79386e-06 -5.7329e-08
1.42058e-06 -1.30573e-07
1.31756e-06 3.84219e-08
-1.6443e-06 -5.11103e-07
1.7253e-07 -4.08782e-08
-1.42501e-06 -7.76793e-08
6.60276e-07 3.84914e-07
-1.15084e-06 1.10578e-07
1.07053e-06 -4.3463e-07
-2.76085e-08 5.43059e-07
1.43294e-06 -1.41388e-07
9.91952e-07 -4.33058e-07
-1.76942e-06 6.11126e-07
4.68843e-07 -4.8151e-07
-1.46463e-06 -6.18512e-07
-1.74891e-06 2.24775e-07
-1.70276e-07 -1.00122e-07
-1.20063e-06 3.46324e-07
1.74599e-06 5.19426e-07
-7.90182e-08 -9.8188e-08
-1.77223e-06 -1.65933e-07
-1.0874e-06 3.52419e-07
-8.13177e-07 3.14492e-07
1.49214e-07 -6.49303e-07
1.25644e-06 -3.22289e-07
5.69162e-07 1.25411e-07
-1.7954e-06 3.47804e-07
-8.40363e-08 -5.49815e-07
-1.52541e-06 5.38756e-07
8.94387e-07 -4.30788e-08
-1.7055e-07 2.98172e-07
-1.66922e-06 6.66471e-07
