-1.01628e-06 -5.93293e-07
5.42657e-07 -6.86038e-07
-1.15192e-06 -3.40924e-07
-1.3008e-06 2.8233e-07
1.0496e-06 -4.14166e-07
-1.53203e-06 -6.57906e-07
-3.70434e-07 -1.90025e-07
7.31686e-07 3.6801e-07
-9.74873e-07 2.7839e-07
1.59835e-06 4.25698e-08
2.26804e-07 1.2392e-07
-1.94939e-08 3.87126e-07
7.0323e-07 3.44822e-07
-8.73042e-09 1.08667e-07
1.56139e-06 -3.26168e-07
1.8063e-06 3.43835e-07
-8.56579e-07 -2.28512e-07
-5.27977e-07 6.25642e-07
-1.69537e-06 -2.21972e-07
-3.17311e-07 -1.93797e-07
-2.18532e-08 4.09324e-07
-1.0569e-06 -5.16444e-07
1.01299e-06 -1.85714e-07
1.01739e-06 -3.15712e-07
-1.18669e-06 -6.93936e-07
-7.7078e-07 1.71506e-07
-1.22005e-06 -3.05555e-07
9.58453e-07 -5.8162e-07
3.12501e-07 -1.32651e-07
7.02218e-07 -3.56271e-08
-5.53167e-07 1.8235e-07
8.11632e-07 3.97536e-07
1.71348e-06 -5.36091e-07
-1.2075e-06 -2.2614e-07
6.82989e-07 2.42807e-07
2.62532e-07 5.16811e-07
-1.10304e-06 6.51347e-07
1.38698e-06 1.81419e-07
-7.89774e-08 3.7379e-07
1.76885e-06 -4.91164e-07
-6.31429e-07 2.23247e-08
-4.81898e-07 -1.01425e-07
-1.15315e-06 1.20615e-08
4.44048e-07 1.19461e-07
-1.81019e-07 -6.27959e-07
6.96256e-07 2.45243e-07
-1.38118e-06 2.34191e-08
-4.50868e-07 5.34114e-07
1.6325e-06 -6.767e-07
1.51442e-06 1.85005e-07
-1.54896e-06 -6.7317e-07
-1.3783e-06 -5.07323e-08
-1.12801e-06 4.55357e-08
-1.33755e-06 -7.22504e-08
-1.61822e-06 5.1007e-07
3.05459e-07 -3.09982e-07
8.1329e-07 2.71676e-07
-2.48517e-07 3.03832e-07
-7.45689e-07 5.39028e-07
-1.9443e-07 -2.72403e-07
-1.00025e-06 4.75075e-07
-9.36916e-07 6.01341e-07
-3.76682e-07 -4.99619e-07
1.45236e-06 -6.16635e-07
9.31389e-07 6.50837e-07
5.78094e-07 -2.20524e-07
1.33343e-06 5.97246e-07
1.13911e-06 4.31801e-07
-1.06232e-06 3.53835e-07
4.77934e-08 -6.59436e-07
-7.8171e-07 2.75467e-07
1.20983e-06 6.67529e-07
-1.23796e-06 -6.61738e-08
-1.19207e-06 -7.37878e-08
1.22397e-06 -5.59385e-07
-1.17282e-07 6.04464e-08
1.32138e-06 -1.06451e-07
-1.32474e-06 2.51969e-07
-6.40642e-07 1.88044e-07
-1.26456e-06 5.20211e-08
-1.7522e-06 -2.85706e-07
-1.42467e-06 -6.47052e-07
1.64756e-06 -4.6375e-07
-7.68526e-07 -6.71529e-07
4.09841e-07 -5.56224e-07
1.01937e-06 -4.42319e-07
-7.34403e-07 -6.84542e-07
7.37025e-07 -1.5644e-07
-5.94404e-07 5.17654e-07
8.88606e-07 -2.11593e-07
1.64971e-06 -5.25791e-07
8.08482e-09 4.55068e-07
-5.28665e-08 4.22604e-07
1.48259e-06 5.48072e-07
8.20568e-07 -5.18148e-07
1.86489e-08 -4.89146e-07
6.29351e-07 -3.61711e-07
-1.06444e-06 6.10695e-07
-7.39875e-07 -6.13533e-08
-1.49304e-06 5.42361e-07
-6.80276e-07 -6.3601e-08
-1.47749e-06 -1.50565e-07
-1.08603e-06 5.48128e-07
2.73892e-07 3.20345e-07
6.81907e-07 5.97745e-07
9.78119e-07 1.9779e-07
5.9713e-07 -6.66406e-07
4.99182e-07 6.13028e-07
2.01359e-07 1.04067e-07
8.68614e-08 2.89557e-07
-1.13504e-06 -5.58901e-07
1.41321e-06 -4.49414e-07
7.07694e-07 -6.50036e-08
6.15305e-07 6.92933e-07
-1.14743e-06 -3.50608e-07
-1.08581e-06 1.80161e-07
1.34366e-06 6.85541e-07
1.58289e-06 -1.17981e-07
1.31973e-08 2.88714e-07
-1.75913e-07 2.03472e-07
6.00384e-07 6.66998e-07
-6.1138e-07 4.95739e-07
-8.27603e-08 8.18715e-08
1.46852e-06 6.84399e-07
8.82615e-07 5.52413e-07
1.31095e-06 1.19115e-07
1.5625e-06 -2.79555e-08
-1.2881e-06 1.44749e-07
-8.98404e-07 4.64875e-07
3.10375e-07 3.07407e-07
1.24905e-06 -6.66998e-07
1.46848e-06 6.94838e-07
-1.72613e-06 2.19648e-07
7.27361e-07 1.24458e-07
9.01427e-07 -3.2618e-07
3.77012e-07 -5.72338e-07
1.65465e-06 3.19061e-07
-1.26809e-06 -3.61708e-11
1.69593e-06 -5.70504e-08
-8.2899e-07 -6.60676e-07
1.23935e-06 -5.20726e-07
-1.48056e-06 5.49512e-07
-2.2641e-07 2.21891e-07
2.04592e-07 2.37263e-08
-5.87837e-08 -9.92058e-08
9.71342e-07 4.78211e-07
7.35332e-08 -5.74588e-07
-4.04513e-07 3.77514e-07
1.38365e-06 -2.36625e-07
9.9239e-07 3.20319e-07
-1.18101e-06 -6.44262e-07
-5.51261e-07 -4.70631e-07
2.89713e-07 5.48772e-07
-4.63529e-07 -4.36986e-07
4.62965e-07 1.88242e-08
-1.22347e-06 -6.85665e-07
6.56091e-07 2.61876e-07
-1.18166e-06 5.39168e-07
-2.14639e-07 3.74151e-07
1.74747e-06 -1.46065e-07
2.9223e-07 1.50393e-07
-1.46641e-06 2.46344e-07
-1.16996e-06 -8.0396e-08
1.08464e-06 -4.98588e-07
-1.29989e-06 -4.6576e-07
1.60108e-06 -5.0141e-07
-1.47297e-07 -1.22223e-07
-2.78767e-07 -6.11474e-07
3.4991e-07 6.15581e-07
-5.86944e-07 -3.25846e-07
1.98355e-07 -3.00213e-07
1.8086e-06 3.29247e-07
1.60589e-06 8.96064e-09
1.07322e-06 3.1994e-07
-2.65981e-07 3.3602e-07
-8.91121e-07 -2.16785e-07
-5.22068e-07 5.74765e-08
1.7119e-06 -3.70635e-07
5.35192e-07 3.22916e-07
2.1572e-07 -4.82951e-07
6.24953e-07 2.28294e-08
4.41817e-07 5.90575e-07
-1.32787e-06 2.53517e-07
1.03071e-06 4.1295e-08
9.58466e-07 3.64078e-07
3.23187e-08 -4.75835e-07
1.46219e-06 2.10109e-07
1.55139e-06 5.59684e-07
1.17765e-07 6.99611e-07
-1.27434e-06 -9.09464e-08
9.41389e-07 4.48164e-07
3.25678e-07 1.2525e-07
8.27719e-07 -4.6051e-07
3.90783e-07 5.37299e-07
-1.03098e-06 4.31027e-07
-4.81632e-07 5.66419e-07
5.19036e-07 5.07528e-08
-1.6936e-06 1.20397e-07
6.46905e-07 5.44385e-07
-1.33605e-06 -6.95536e-07
-7.2675e-07 5.8067e-07
1.28072e-06 6.93569e-07
9.97985e-07 6.4491e-08
1.5993e-06 -1.14376e-07
8.26717e-07 -1.67869e-07
-4.15248e-07 4.95328e-07
-1.50465e-06 6.43631e-07
-1.71609e-06 -2.39077e-08
3.99189e-07 -6.62936e-07
-3.93183e-07 -4.24669e-07
-1.35543e-06 3.65401e-07
-1.43346e-06 -3.92763e-07
-1.23043e-06 -1.33521e-07
-9.90198e-07 4.74019e-08
1.50802e-06 1.89755e-07
2.5432e-07 2.68845e-07
-1.94642e-07 5.49346e-07
-1.62487e-06 -8.1792e-08
6.6212e-08 -8.92296e-08
-1.00605e-06 1.886e-07
1.04433e-06 6.96675e-07
-1.53858e-06 -6.28362e-07
1.48239e-06 6.26065e-07
-1.43086e-08 9.67538e-08
1.59305e-06 3.9043e-07
1.68413e-06 -2.74523e-07
4.04287e-07 -4.60525e-07
-9.79384e-07 -1.20011e-07
-1.32055e-06 -4.96988e-07
1.39054e-06 4.50389e-07
1.47122e-06 -4.06639e-07
3.62531e-07 8.28293e-08
5.3145e-07 -6.6767e-07
-7.57815e-07 6.08383e-07
1.67378e-06 -4.94247e-07
-1.39714e-07 2.67249e-07
1.42185e-06 -6.98962e-07
-1.30383e-06 -6.54062e-07
1.31694e-06 2.5983e-07
8.90925e-07 -5.89473e-07
-1.44181e-06 -3.90739e-07
-3.08446e-07 5.30224e-07
-1.09593e-06 -1.94362e-07
7.20816e-07 -4.83693e-07
1.18179e-06 -2.32288e-08
-6.82355e-07 -4.6914e-09
1.41939e-06 -3.09445e-07
2.48204e-07 -5.74761e-07
1.26151e-07 5.94262e-07
-3.38658e-07 1.69982e-07
2.45888e-07 -4.84569e-07
-1.0625e-06 3.13766e-07
1.4122e-06 5.51865e-07
8.3216e-07 -1.4127e-07
-2.90325e-07 4.05515e-07
1.63737e-06 3.72703e-07
-4.12615e-07 1.86096e-07
-8.17328e-07 6.95761e-07
6.58805e-07 4.48273e-07
1.06745e-06 3.93252e-07
-1.20252e-06 4.56878e-07
-8.58498e-07 6.15869e-07
1.46381e-06 -2.55368e-07
3.94991e-07 5.80812e-07
-2.27655e-07 -6.73324e-07
-9.29286e-07 9.27744e-08
1.55427e-06 4.88951e-07
-4.14895e-07 -6.16733e-07
1.70413e-06 -3.34697e-07
3.79275e-07 2.24515e-07
-3.66629e-07 5.68267e-07
-1.56532e-06 5.27786e-07
8.83746e-08 4.92725e-08
-9.41619e-07 -6.51981e-08
2.56441e-07 -4.28901e-07
4.30644e-07 -2.44876e-07
7.04672e-07 -6.03316e-07
6.36879e-07 -3.86098e-07
1.13984e-06 1.78562e-07
-1.7529e-06 -2.03691e-07
-7.67317e-07 5.50862e-07
3.42444e-07 -4.47521e-07
9.23907e-08 2.55461e-08
-1.55463e-06 -4.72703e-07
-7.98286e-08 5.76416e-07
-1.15686e-06 -1.05119e-07
1.58764e-06 3.50375e-07
1.68482e-06 -5.11996e-07
1.13554e-06 -2.73205e-07
1.13378e-06 3.25958e-07
-1.59387e-06 3.24862e-07
7.71102e-07 -1.06741e-07
3.15575e-07 -5.05917e-07
-1.27145e-06 -4.53855e-07
3.65683e-07 -3.21482e-07
5.46553e-07 -6.07519e-07
7.29351e-07 2.2099e-07
1.72518e-06 5.36182e-07
-1.18731e-06 -6.08487e-07
1.53663e-06 -6.86673e-07
-1.47248e-06 -4.93514e-07
-1.66541e-06 -2.18275e-08
1.51352e-06 3.27323e-07
-3.2752e-07 6.59575e-07
1.42271e-06 1.62142e-08
-9.87813e-07 4.71472e-07
7.71317e-07 -2.62075e-07
3.55411e-07 -4.36902e-07
-1.79498e-06 -4.84854e-07
-9.93402e-07 -1.9622e-08
4.85922e-07 6.37445e-07
1.33109e-06 5.00035e-07
-1.49784e-07 -2.07147e-08
-5.4012e-07 -2.41201e-07
-8.16102e-07 6.09011e-07
3.95109e-07 4.27169e-07
-3.79517e-07 -4.0623e-07
-1.48355e-06 1.84266e-07
-1.28572e-06 -4.89731e-07
-9.20652e-07 5.26138e-07
3.4102e-07 6.56665e-07
-1.43648e-06 3.59844e-07
-5.68319e-07 3.5052e-07
-1.02724e-06 -4.8518e-07
-9.52399e-07 -3.18108e-07
8.36022e-07 -2.86844e-07
1.41059e-06 -6.61042e-07
-5.38947e-07 6.05389e-07
-2.59828e-07 3.38483e-07
-1.88031e-08 -1.54079e-07
1.4368e-06 -5.92064e-07
-9.01912e-07 -2.03132e-07
1.68102e-06 3.38759e-07
-1.06729e-06 4.73487e-07
2.82348e-07 6.47542e-07
-1.59632e-06 3.59272e-07
-7.75562e-07 4.48968e-07
-1.13979e-06 4.88787e-07
1.20052e-06 4.41018e-07
-6.66407e-07 -3.86028e-07
-8.8604e-07 5.78903e-07
-3.29107e-07 -6.50669e-07
1.07536e-06 -1.07291e-07
-1.2269e-07 -2.09689e-07
1.06226e-06 -2.46684e-07
2.10083e-07 2.41964e-07
1.80106e-06 6.18634e-07
1.70425e-06 6.29993e-09
8.28997e-07 -3.55138e-07
1.16727e-06 2.86708e-07
-1.22382e-06 5.0846e-07
8.4503e-07 -3.88478e-07
3.50312e-07 2.29974e-07
1.46e-06 -2.3752e-08
-1.39341e-06 -2.4206e-07
-1.60095e-06 -3.0745e-07
-2.12309e-07 1.16212e-07
3.97889e-07 3.65327e-07
4.5311e-07 4.65093e-07
6.86641e-07 4.23859e-07
-1.0616e-06 6.48771e-07
-3.76152e-07 3.24609e-07
-1.45971e-06 6.09656e-07
-1.37085e-07 -4.13509e-07
1.57111e-06 6.05057e-07
-3.22002e-07 -6.21483e-07
-1.13373e-06 -9.39978e-08
2.20543e-07 6.68341e-07
-3.31133e-07 -6.02317e-07
-9.20878e-07 -4.47696e-07
-5.97131e-07 5.48543e-07
1.14883e-06 -5.87086e-07
7.01222e-07 2.5305e-07
-3.39788e-07 2.26013e-08
-1.60984e-06 -4.91805e-07
3.53205e-07 -1.50785e-07
-1.24638e-06 -6.8061e-07
-1.81291e-06 6.88265e-07
9.48943e-07 -1.2213e-07
-1.12907e-06 -5.44827e-07
1.30932e-06 -2.70459e-07
-1.77979e-06 5.19417e-07
8.11677e-07 6.6385e-07
-1.77008e-06 1.10438e-07
1.69631e-06 -3.41264e-08
-6.62106e-07 6.0423e-07
7.87045e-07 -2.07689e-07
4.18892e-07 -2.9763e-07
-1.15197e-06 -6.13089e-07
1.64303e-06 -6.93553e-07
1.21912e-07 1.82778e-07
5.41509e-07 3.67721e-07
-1.42445e-06 1.30879e-07
9.21272e-08 9.65141e-08
-1.04124e-06 4.23821e-07
-1.10933e-06 -5.00504e-07
-3.7614e-07 -5.28463e-07
-6.83083e-07 -6.58703e-07
1.24221e-08 -4.28196e-07
-6.45804e-07 1.55733e-09
1.25825e-06 3.95243e-07
-1.13199e-06 -6.58887e-07
3.25774e-07 5.46598e-07
8.78768e-07 -4.95039e-07
-1.19907e-06 -3.97788e-07
-1.45589e-06 -3.81029e-07
-1.10765e-06 -1.09644e-07
-8.84667e-07 3.0384e-07
1.78753e-06 5.42862e-07
7.53617e-07 5.36949e-07
-1.78082e-07 5.81141e-07
-6.99819e-08 -2.90138e-07
-8.87986e-07 3.17849e-07
-7.42578e-07 -5.618e-07
1.38135e-06 6.66882e-07
-8.56312e-07 -5.72547e-07
8.39856e-07 2.84903e-07
1.1655e-06 3.5748e-07
1.09032e-06 3.15765e-07
2.76115e-07 5.50273e-07
1.19646e-06 6.80932e-07
1.39167e-06 -3.17339e-07
-6.05878e-07 -2.62645e-07
1.9513e-08 -4.64796e-07
-1.67427e-06 5.70996e-07
1.87949e-07 2.98249e-07
-7.82753e-07 5.47149e-07
-1.79376e-06 -3.95361e-07
6.96242e-07 -2.55278e-07
1.82165e-06 3.36286e-08
-9.2373e-07 4.54936e-07
1.40685e-06 2.01553e-07
8.11226e-07 -1.85379e-07
-7.63022e-07 -1.96293e-07
1.05213e-06 -2.33644e-07
1.58272e-06 1.54775e-07
-1.57707e-06 -3.51972e-07
8.0017e-07 3.62642e-07
1.25333e-07 -2.94818e-07
-1.54468e-07 5.4923e-07
8.48998e-07 3.01969e-07
1.42276e-07 -3.81254e-07
-7.75582e-08 2.03447e-07
-1.51639e-07 4.98603e-08
-2.90217e-07 -8.6395e-08
1.35411e-06 -4.52109e-07
-3.16909e-07 -6.49494e-07
-5.38599e-07 5.82331e-07
-1.00772e-06 -3.40141e-07
-7.9013e-07 -4.84324e-07
1.14612e-06 -5.17894e-07
-2.35631e-07 3.97466e-07
-9.00093e-07 -3.24342e-08
-1.59435e-06 1.05579e-07
3.08124e-07 3.26164e-07
1.42072e-06 -6.72978e-07
-1.40674e-06 7.1996e-08
1.5153e-06 6.93214e-07
-2.53954e-07 -5.88517e-07
7.48338e-07 -4.97273e-07
-3.85657e-07 -5.22371e-07
-9.7975e-07 -2.99278e-07
-7.21547e-07 2.67805e-07
8.46979e-07 1.09168e-07
1.21305e-06 -5.84941e-07
-4.38523e-07 4.32975e-07
-1.13355e-06 -1.03243e-07
-1.2595e-06 -3.82552e-07
7.98981e-07 3.69083e-07
8.8944e-07 -4.9112e-07
1.81265e-06 -6.36699e-07
-3.61783e-07 1.58965e-07
-1.29123e-06 9.75252e-08
-1.30639e-06 -4.36914e-07
1.31963e-06 3.46155e-07
1.64115e-06 3.33116e-08
-1.06895e-07 2.54524e-07
-1.67803e-07 -4.92131e-07
-5.29453e-07 -1.05625e-07
1.90298e-07 2.07845e-07
-1.56007e-06 -2.99587e-07
-1.44308e-06 -3.50139e-07
1.34433e-06 -4.06423e-07
-1.71369e-07 -1.34556e-07
-2.38716e-07 3.78583e-07
-1.27468e-06 3.70581e-07
1.24594e-06 2.97887e-07
-1.03132e-06 -2.92563e-07
5.19593e-07 -5.07465e-07
-7.874e-09 3.52888e-07
1.55052e-06 -3.77506e-07
1.76459e-06 6.76143e-07
-8.38642e-07 1.43194e-07
1.49257e-06 -5.35305e-07
1.09712e-06 5.83951e-07
8.84061e-07 -2.18847e-09
-8.68041e-07 1.40452e-07
-1.40262e-06 2.7104e-07
1.70331e-06 6.36128e-08
5.14445e-07 -1.43138e-07
1.75464e-06 6.93719e-07
1.03267e-06 -6.65901e-09
-1.01568e-06 2.96417e-07
-1.10549e-06 -6.26104e-07
9.83745e-07 3.39638e-07
1.23499e-06 3.04987e-07
-1.27397e-06 5.32978e-07
-1.77213e-06 -6.91533e-07
1.29887e-06 1.12943e-07
-5.85012e-07 -6.50256e-07
-1.14242e-06 1.406e-07
7.62168e-07 1.89723e-07
1.18901e-06 2.58038e-07
-6.32048e-07 -1.68973e-07
-1.10807e-06 -5.818e-07
1.72026e-06 1.53744e-07
-8.90213e-07 4.26728e-07
1.44918e-06 4.09703e-07
-1.33526e-08 9.2765e-08
-9.36786e-07 2.20169e-07
6.68992e-07 1.59154e-07
-1.21135e-08 -5.647e-07
-1.04901e-06 -3.19319e-07
-3.89424e-07 1.77585e-08
8.8839e-08 6.45806e-08
1.54775e-06 -3.76591e-07
-1.26165e-06 -2.77611e-07
-1.7327e-07 -5.69202e-07
1.1043e-06 4.00806e-07
2.73027e-07 2.68783e-07
-4.08312e-07 2.59867e-08
-4.76408e-07 3.33713e-07
-1.36405e-06 -1.0221e-07
-1.55538e-06 2.89917e-07
-1.21072e-06 -2.81865e-07
-3.46844e-07 -5.36892e-07
-1.30922e-06 -9.31799e-09
-1.47781e-06 8.86628e-08
-1.12053e-06 4.87542e-07
1.64257e-06 -4.471e-07
-2.36011e-07 6.9791e-07
2.97323e-07 -2.79272e-07
-3.92204e-07 6.40653e-07
-1.22112e-06 -4.17034e-07
1.73328e-06 -5.02255e-07
1.78059e-06 1.74402e-07
9.71125e-07 -8.626e-08
3.20142e-07 3.17766e-07
1.62655e-06 4.17649e-07
3.8294e-07 -1.65369e-07
1.45656e-06 -5.59521e-07
-1.3983e-06 5.83374e-07
-1.42254e-06 5.54758e-07
-5.70514e-07 1.34135e-07
-1.34016e-07 5.77851e-07
-5.07723e-07 -2.58033e-07
1.15927e-06 -5.37947e-07
8.01452e-07 1.30502e-07
-6.87697e-07 2.87115e-07
8.17308e-07 2.28099e-07
-6.05884e-07 -4.60572e-07
-5.92879e-07 -1.99517e-07
1.68486e-06 2.24108e-07
8.34916e-07 -6.28248e-07
-1.24045e-06 1.2291e-07
-2.92658e-07 4.85233e-08
-2.36631e-07 -2.21627e-07
-2.82005e-07 -1.57946e-07
-7.3219e-07 -4.7869e-07
-9.68328e-07 3.61089e-07
1.75666e-06 -2.80553e-07
-7.16267e-07 3.47336e-07
4.85106e-07 3.45664e-07
1.22218e-08 -2.50636e-08
-1.12033e-06 -3.89219e-07
-1.77461e-06 4.73255e-07
3.79668e-07 4.06206e-07
4.23156e-07 6.72695e-07
1.44686e-07 3.67442e-07
9.95134e-07 5.30746e-07
1.46863e-06 6.4068e-07
-5.45011e-07 -3.7589e-07
-1.00602e-06 -1.10087e-08
1.13804e-06 5.68447e-08
-3.46116e-07 -3.45743e-07
1.05128e-06 2.68588e-07
-1.0645e-06 -5.71332e-07
1.60339e-07 1.14989e-07
4.42403e-07 1.718e-07
1.14106e-06 4.46816e-07
8.26719e-08 6.05599e-07
1.04018e-06 4.61774e-07
8.7757e-07 1.17331e-07
1.68021e-07 5.14932e-08
1.25783e-06 -6.05212e-07
1.79035e-06 1.46487e-07
1.6417e-06 -5.74878e-07
7.21924e-07 -1.5297e-07
-1.19325e-06 6.87387e-08
2.18219e-07 3.44889e-07
5.52899e-07 2.50719e-07
-6.94791e-07 -5.96523e-07
-1.34903e-06 7.02263e-08
7.53011e-07 3.43382e-07
7.24391e-07 6.97895e-07
1.14607e-07 -6.90878e-07
1.29462e-06 5.28473e-07
8.00795e-07 5.57931e-08
1.72113e-06 -3.44074e-07
-1.36696e-06 -4.02428e-07
-1.76271e-06 -4.62577e-08
1.75806e-06 1.98117e-07
9.04368e-07 -1.20763e-07
1.62012e-06 7.34239e-08
-1.68093e-06 1.51243e-07
1.46587e-06 3.52844e-07
-1.66618e-06 -3.29494e-07
-4.51875e-07 5.93814e-07
-3.31793e-07 2.84947e-07
1.68411e-06 -2.25405e-08
1.13831e-06 -5.74052e-07
1.61518e-07 5.67777e-07
-7.49163e-08 -6.50101e-07
2.77724e-07 4.95171e-07
7.21879e-07 6.8238e-07
-2.13717e-07 6.61559e-07
-3.11686e-07 -6.53725e-07
-2.88615e-07 6.02636e-07
1.74555e-06 1.53722e-07
-4.46564e-07 5.4431e-07
-9.04496e-07 -3.08285e-07
1.69627e-06 5.19231e-07
1.10076e-06 2.60295e-07
-1.24298e-06 -5.10815e-07
-8.22952e-07 -1.76969e-07
-9.2132e-07 2.65125e-07
9.26129e-07 3.707e-07
-1.23733e-06 -5.60944e-07
-9.34293e-07 5.83651e-07
7.5282e-07 7.63786e-08
1.66052e-06 -5.07274e-07
-5.27809e-07 2.90854e-07
9.10343e-07 6.03816e-07
-7.35991e-07 -6.68769e-07
-8.7068e-07 6.39408e-07
-9.86498e-08 -5.65669e-07
-1.1002e-06 -3.09593e-07
1.28139e-06 -6.40112e-07
6.61034e-07 6.3238e-07
-6.20594e-07 5.17998e-07
1.88253e-07 1.48307e-07
1.76206e-06 -3.1019e-07
3.04286e-07 -3.45684e-07
-1.51394e-07 4.63291e-07
3.90274e-07 6.364e-07
-9.05245e-07 8.22597e-08
4.27283e-07 -4.24454e-08
1.69586e-06 6.79916e-07
1.041e-06 -4.72938e-07
1.29481e-06 4.98521e-08
-1.62134e-06 5.13121e-07
-1.13847e-06 -4.34218e-07
9.60461e-07 3.44415e-07
3.29123e-07 6.07416e-08
5.34733e-07 6.20308e-07
9.09816e-08 -3.10788e-07
-1.42052e-06 -4.93541e-07
1.69301e-06 -1.39747e-07
2.81043e-07 6.92253e-07
2.03588e-07 -6.85025e-07
2.66031e-07 -6.16081e-07
1.43575e-06 -1.74954e-07
1.59285e-06 6.60572e-07
7.39385e-07 -1.07686e-07
1.11436e-06 -5.73263e-07
1.32411e-08 2.24075e-07
-5.0693e-07 -6.62691e-08
-1.06146e-06 -4.33787e-08
-7.03213e-07 3.14159e-07
-4.5379e-07 2.52712e-07
2.76264e-07 -2.06442e-07
-1.03383e-06 -1.36395e-07
1.56213e-06 6.16018e-07
-7.97518e-07 -3.06085e-07
-7.68922e-07 -3.58475e-07
-8.06715e-07 -5.26863e-07
7.77408e-07 1.69756e-07
1.24809e-06 -5.55882e-07
1.79327e-06 -4.48275e-07
-1.55509e-06 -2.06e-08
-2.61809e-07 6.0907e-07
-6.69634e-07 -4.78929e-07
1.09906e-06 -3.18852e-07
4.63208e-07 8.34528e-08
-1.02219e-06 4.82551e-07
2.50408e-07 2.73924e-07
2.67082e-08 4.30176e-07
-4.398e-08 4.4464e-07
-1.3903e-06 -5.35092e-07
4.45897e-07 -2.66501e-07
7.76748e-07 3.63597e-08
4.43975e-07 6.29549e-07
1.44045e-06 -4.84075e-07
-5.91243e-07 -7.05615e-09
1.29192e-06 4.00543e-07
-2.37436e-07 4.26464e-07
-1.05533e-06 -2.18807e-07
-1.44933e-06 6.22193e-07
1.45805e-06 5.96511e-07
6.80808e-07 6.21386e-07
1.21701e-06 -6.197e-07
9.59145e-07 -5.15873e-07
1.40029e-06 4.54146e-07
-1.30021e-06 4.37942e-07
1.40772e-07 -3.52469e-07
1.5438e-06 -1.35027e-07
-8.85104e-07 6.19461e-08
-1.03218e-06 1.65376e-07
-1.64672e-06 -3.36911e-07
6.54968e-07 -4.52347e-07
1.15206e-06 -4.49762e-07
1.64155e-06 -4.00512e-07
7.87974e-07 3.72683e-07
-1.70359e-06 -6.28441e-07
-5.56254e-07 -2.18471e-07
5.22091e-07 -5.71922e-07
-1.07832e-06 -3.33195e-07
-7.3806e-07 -1.96682e-07
-6.21492e-07 1.02749e-07
-8.30621e-07 -5.90979e-08
1.69763e-06 1.72269e-07
-7.12555e-07 -3.40295e-07
1.15995e-06 6.7243e-07
1.54122e-06 -4.16016e-07
4.95516e-07 -5.30513e-07
7.14221e-07 2.48478e-07
-2.29782e-07 -6.99186e-07
3.21813e-07 4.69163e-07
-1.59559e-06 2.14471e-07
-5.52082e-07 2.01617e-07
-4.01128e-07 -2.82428e-07
-4.61924e-07 3.688e-07
6.12255e-07 -3.01603e-07
8.87282e-07 1.72889e-07
-5.27586e-07 -6.53565e-07
-2.82217e-07 -3.71186e-07
-1.66093e-06 -3.94692e-09
1.65823e-06 -2.37594e-07
-1.0358e-06 6.35183e-07
2.84921e-07 -1.48333e-07
1.18254e-06 2.47377e-07
6.12988e-07 6.56869e-07
1.4152e-06 4.57979e-07
1.68527e-06 -5.91871e-07
-2.81126e-07 -1.02296e-09
-1.32012e-06 4.99313e-07
6.08276e-07 -2.51789e-07
-1.58428e-06 2.47934e-07
1.58024e-06 -1.71257e-07
1.5573e-06 1.88137e-07
1.15675e-06 -6.29324e-07
1.25452e-06 3.16587e-08
-6.73405e-07 6.09204e-08
-1.52416e-07 4.37187e-07
-3.99958e-07 9.3145e-08
-2.63769e-07 5.59449e-07
-1.61173e-06 6.14806e-07
9.57287e-07 3.91227e-07
-1.32143e-06 6.86158e-07
1.33059e-06 1.50122e-07
-1.45806e-06 5.44366e-07
-1.64391e-06 -1.31353e-07
-1.62022e-06 1.57368e-07
-1.42929e-06 -5.98788e-07
-1.32099e-07 -1.50221e-07
2.76512e-07 -4.77943e-11
-1.74146e-06 3.32259e-07
-5.63247e-08 -3.24058e-07
1.05109e-06 -2.98794e-07
-1.47218e-06 -2.58515e-07
-1.76417e-06 1.39116e-07
-1.75337e-06 -5.50222e-07
7.05967e-07 -2.4138e-07
-1.75629e-06 -6.96276e-07
-1.07815e-06 4.76633e-07
1.71447e-06 -5.69797e-07
-1.71081e-06 4.35976e-07
-3.85557e-07 -2.55982e-07
1.46852e-06 2.53885e-07
-6.29994e-07 2.41958e-07
1.72169e-06 -3.38267e-07
-1.11537e-06 -2.88962e-07
3.70624e-07 6.18654e-07
-1.27163e-06 6.82181e-07
-1.27855e-06 2.29651e-07
-1.36655e-06 -4.91981e-07
-1.52328e-06 -4.08469e-07
1.25019e-06 4.03978e-07
1.54391e-06 -6.56416e-08
-1.51783e-06 -4.22113e-07
7.09481e-07 -2.57529e-07
-1.09186e-06 5.3035e-07
-1.57497e-06 5.61631e-07
-1.64358e-06 4.2312e-07
-8.86308e-07 4.44198e-07
-2.248e-07 -3.78507e-07
-5.64789e-07 2.54959e-07
1.60269e-06 6.91716e-07
1.49415e-06 -1.77405e-07
-3.82951e-07 1.16932e-08
4.2275e-07 -4.22913e-07
2.48495e-07 2.77669e-07
1.15403e-07 -5.05158e-08
7.89907e-07 -3.41643e-07
1.27805e-06 4.55689e-07
-1.02245e-06 -3.50334e-07
-1.23479e-07 5.65117e-08
-9.195e-07 -5.50983e-07
-1.50664e-06 5.57624e-08
1.59777e-07 9.53327e-09
1.67452e-07 2.03681e-07
-1.72333e-06 -5.62298e-07
9.59717e-07 -4.10325e-07
1.09286e-07 3.50074e-07
2.05979e-07 4.4845e-07
1.14335e-06 -5.04967e-08
-1.82135e-06 -4.1246e-07
-1.6094e-06 -5.90102e-07
-1.39218e-06 -2.64118e-07
-8.05484e-07 -4.48724e-07
1.55536e-06 -6.38165e-07
-2.19064e-07 -4.67685e-07
-8.90299e-07 -2.78611e-07
-2.93918e-07 5.65444e-07
-8.13843e-07 -1.9752e-07
-6.27966e-07 5.99108e-07
-1.65367e-06 -6.9301e-08
1.10716e-06 -6.97307e-07
-1.75293e-06 -5.30514e-07
1.15651e-06 -3.26219e-07
-1.44393e-06 -5.81338e-07
-1.08705e-06 6.35041e-07
-4.47417e-07 5.58636e-07
-4.42256e-07 -7.73017e-08
-3.73134e-07 3.53214e-07
-1.2395e-06 -1.0746e-07
-1.33261e-06 -1.68457e-07
1.11101e-06 -5.50967e-07
-9.88634e-07 3.0213e-07
-1.55961e-06 -6.07929e-07
9.14529e-07 -4.34129e-07
1.32521e-06 4.30178e-07
-7.6425e-07 1.7307e-07
4.18048e-07 -5.19974e-07
-4.87995e-07 -4.97795e-07
1.46951e-06 1.45221e-07
2.81636e-07 -8.56604e-09
1.05519e-06 -4.8106e-07
-2.01139e-07 1.3649e-07
1.7231e-06 4.59492e-07
1.01317e-06 2.359e-07
1.5243e-06 2.22939e-07
-8.01513e-07 1.20204e-08
8.34862e-08 4.17846e-07
1.17678e-06 -4.15963e-07
-1.32156e-07 -2.68566e-08
-1.01599e-06 6.05182e-07
-5.74168e-07 -5.22911e-07
2.152e-07 3.77319e-07
2.96208e-07 -3.5183e-07
-1.69818e-06 -5.36796e-07
-1.69345e-07 5.1745e-07
2.13083e-07 -4.57078e-07
1.57767e-06 4.85194e-07
1.22943e-06 -3.00038e-07
-9.25678e-07 -2.23483e-07
-1.48096e-06 -6.55011e-07
4.95156e-07 -3.74674e-07
6.16827e-07 5.63986e-07
-1.16109e-06 3.11724e-07
-6.46741e-07 4.54664e-07
-8.30919e-07 -4.58755e-07
-1.69818e-06 -6.52551e-07
-1.50791e-06 5.95336e-07
4.09894e-07 -1.43095e-07
-5.21685e-07 6.98703e-07
1.86773e-07 -5.98969e-07
4.96589e-07 -3.17521e-07
7.00708e-07 4.14328e-07
3.79348e-07 1.14061e-07
-9.38439e-07 -4.39054e-07
-1.33886e-06 -5.58153e-07
-1.4879e-06 -1.8439e-07
-9.89346e-07 -6.19618e-07
-8.33178e-07 -2.95373e-07
-3.22794e-07 6.00558e-07
1.56895e-06 -2.97791e-07
9.26972e-08 5.46854e-07
-5.631e-07 6.28147e-07
-1.36592e-06 3.71156e-07
1.39547e-06 6.26426e-07
3.21878e-07 -5.40178e-08
1.60223e-06 -6.80939e-07
-6.68265e-07 -5.81626e-07
7.6131e-07 -5.78188e-07
-4.69697e-07 1.80081e-07
-1.49205e-06 -6.04762e-07
8.87074e-07 -4.27231e-07
4.07638e-07 4.89419e-07
2.82685e-08 -3.18372e-07
9.08269e-07 5.0269e-07
-1.28095e-06 -2.60417e-08
6.00479e-07 -5.60793e-10
-3.84677e-07 2.60094e-07
1.18864e-06 3.50929e-07
-9.40242e-07 2.047e-08
1.2858e-06 6.33444e-07
9.63633e-07 -7.88969e-08
1.63829e-06 5.24254e-07
4.96735e-07 1.89209e-07
1.8142e-06 -6.79735e-08
1.21958e-06 3.4091e-07
1.79781e-06 -1.29961e-07
1.03058e-06 6.45156e-07
-1.21921e-06 5.59296e-07
-1.65406e-06 -2.92816e-08
1.77232e-06 1.43157e-09
-4.39826e-07 9.52132e-08
-1.6103e-06 -4.67612e-07
-9.74988e-07 -2.73199e-07
1.18257e-06 -4.19156e-07
-1.57082e-06 4.17838e-08
-2.73043e-07 -3.69937e-07
1.23164e-07 1.38646e-07
2.91406e-07 -5.67337e-07
-5.63599e-07 -6.59708e-07
-1.79678e-06 4.57987e-07
-1.46678e-06 -4.69035e-07
8.98124e-07 8.33951e-08
1.75665e-06 1.28856e-08
-1.0252e-06 -3.04692e-07
4.2203e-07 1.64572e-07
-1.68706e-06 3.80565e-07
-5.42847e-07 -1.56834e-07
-1.29589e-06 -3.22774e-07
-1.67534e-06 -6.98921e-07
-4.74286e-07 6.80533e-08
-1.78184e-06 -4.74354e-07
-1.80955e-06 -4.90985e-08
-2.65487e-07 -6.04963e-07
1.27188e-06 8.64046e-08
3.01372e-09 2.84727e-07
-7.88773e-07 -3.58051e-08
4.50322e-07 5.6114e-08
8.54738e-07 -6.05235e-07
1.3496e-06 1.60988e-07
9.57118e-07 -3.56395e-08
-6.64097e-07 1.49326e-07
-7.94759e-07 -6.10343e-07
3.19532e-07 4.1762e-07
1.36417e-06 6.15713e-07
1.41637e-06 1.57468e-07
1.04752e-06 3.71415e-07
8.55978e-07 -3.18261e-07
-3.90312e-07 -1.10762e-07
-1.064e-06 -1.50624e-07
-5.75683e-07 3.98069e-07
-1.68922e-06 8.89351e-08
1.20929e-06 4.08946e-07
1.36441e-06 -1.57343e-08
1.23105e-06 -2.47343e-07
1.75332e-06 -5.95818e-07
-1.00153e-06 -5.6446e-07
-1.68924e-07 -5.04688e-07
-1.79893e-06 4.76091e-07
-1.17554e-06 1.19276e-07
-2.78872e-07 1.08392e-07
1.4085e-06 -4.04342e-07
-1.7658e-07 6.3751e-07
9.68987e-07 -1.82802e-07
8.71959e-07 1.26296e-07
1.1562e-07 -1.68832e-07
3.52506e-07 -1.95569e-07
1.78707e-06 4.61785e-07
-8.10099e-07 5.57665e-07
-1.40924e-06 5.43928e-10
-8.54886e-07 -1.96252e-07
1.63113e-06 4.64448e-07
3.95708e-08 4.89943e-07
8.8498e-07 -4.91996e-07
1.2051e-06 -6.88265e-07
3.58782e-07 1.27378e-07
-1.21001e-06 -3.18853e-08
1.37626e-06 6.23181e-07
-1.61799e-06 3.61689e-07
-3.98262e-07 1.92652e-07
-1.36647e-06 3.40315e-07
8.20995e-07 -3.11686e-08
1.00939e-06 -3.36736e-07
-1.33479e-06 -3.53182e-07
1.48081e-06 -5.01051e-08
-5.5702e-07 -4.39833e-07
-1.51846e-06 -6.83142e-07
1.73914e-06 4.4785e-07
7.0856e-07 -6.11162e-07
1.66144e-06 -4.9521e-07
-1.32823e-06 -6.51286e-08
-9.10806e-07 -6.99657e-07
1.03777e-06 4.79991e-07
9.64635e-08 -7.58192e-09
1.77318e-06 -2.31423e-07
-1.42218e-06 9.05957e-08
3.22065e-07 3.88281e-07
-2.5813e-07 2.27781e-09
-3.6077e-07 -4.09894e-07
-1.03907e-06 -3.90141e-07
1.3984e-06 4.32976e-09
-2.08166e-07 -6.34854e-07
3.62678e-08 -6.18812e-07
4.0469e-07 -1.57944e-07
1.378e-06 -3.83351e-07
5.0513e-07 3.58044e-07
1.693e-06 2.43386e-07
-9.41716e-07 5.0699e-07
1.07972e-06 6.4714e-07
-4.05818e-08 -1.5961e-07
5.52937e-07 5.87123e-07
6.66337e-07 1.47431e-07
-6.26391e-07 -6.50732e-07
8.22237e-07 6.35178e-07
8.70831e-07 4.71024e-07
-1.6886e-06 6.69961e-07
-1.33322e-06 4.39667e-07
6.07951e-07 6.63901e-07
-1.73167e-06 -4.31949e-08
-4.35156e-07 3.26132e-07
-1.52446e-06 -5.27987e-07
1.1662e-06 6.05217e-07
1.07548e-06 1.58893e-07
9.44739e-07 5.31157e-07
3.04137e-07 4.99023e-07
-1.64782e-06 5.6459e-07
1.15919e-07 5.59217e-08
4.55824e-07 -6.86611e-07
2.54224e-08 3.49708e-07
-1.49883e-06 3.93208e-08
1.28192e-06 5.09189e-07
-1.53069e-06 9.27561e-08
1.26261e-06 5.35993e-07
-1.68683e-06 -1.64775e-07
4.60675e-07 4.59369e-07
2.50182e-07 -3.66519e-07
6.10536e-07 9.11209e-08
1.29276e-06 -5.02651e-07
1.77717e-06 2.40371e-07
1.4048e-06 -1.45087e-07
5.38895e-07 2.22164e-07
4.26401e-07 4.94744e-07
-1.38464e-06 -6.12419e-07
1.07097e-06 -4.91779e-07
-5.88032e-07 7.38739e-08
-5.07027e-08 -1.76981e-07
7.19676e-07 -3.5899e-07
-9.54601e-07 -6.32134e-09
-8.72594e-07 -1.08824e-07
-1.34519e-06 3.88612e-07
-6.34708e-07 -5.94612e-07
8.88664e-07 -6.33249e-07
-1.08667e-06 1.01329e-07
-1.49665e-06 5.19381e-07
-1.59087e-06 6.53735e-07
7.89691e-07 -4.10824e-07
-5.86006e-07 5.68479e-07
8.20867e-07 -2.79762e-07
1.66631e-06 6.12091e-07
-2.61628e-07 -3.61962e-07
-1.13362e-07 4.64143e-07
1.41459e-06 4.22413e-07
8.54671e-07 2.40554e-07
1.38157e-06 5.99242e-07
1.16915e-06 -4.18309e-07
2.19855e-08 -5.0295e-07
-1.40016e-07 3.54002e-07
1.59669e-06 8.75084e-08
-1.65067e-06 6.90288e-07
-5.81525e-07 4.46758e-07
1.78033e-06 -6.19601e-07
-6.2129e-07 1.42852e-07
5.56769e-07 -3.60833e-09
-1.72664e-06 2.42959e-07
6.38388e-08 2.87402e-07
1.26791e-06 -5.30021e-07
6.98506e-07 -6.43236e-07
3.47927e-07 3.91666e-07
-7.10435e-07 5.02158e-07
8.923e-07 5.67445e-07
8.98301e-07 5.70896e-07
1.70211e-06 1.42979e-08
-1.2117e-06 3.64214e-07
1.82393e-06 -1.92582e-07
-5.0569e-08 -4.39314e-07
1.5742e-06 -3.84932e-07
1.95272e-07 2.07331e-07
9.48828e-07 -3.72028e-07
9.20383e-07 -6.02239e-08
-1.59099e-06 6.73719e-08
-2.25072e-07 -1.36254e-07
6.18911e-07 3.98737e-07
7.82483e-07 3.84305e-07
6.31215e-07 -6.21116e-07
-1.68275e-06 1.41048e-07
1.13703e-06 3.62068e-07
1.24347e-06 6.38565e-08
1.16052e-07 5.50844e-07
1.11055e-06 6.33576e-07
-1.35708e-06 -2.52356e-07
-5.89874e-07 -2.01291e-07
-4.85362e-08 -3.85451e-07
-1.38166e-08 -1.04181e-07
4.46892e-07 -4.64618e-08
1.04859e-07 1.2851e-07
-7.38619e-07 -1.0155e-07
6.87924e-07 -1.65482e-08
1.34307e-06 6.88042e-07
-6.69252e-07 3.11643e-07
1.36088e-06 3.43348e-07
3.33475e-07 -6.14025e-07
9.56799e-07 -4.21236e-07
-1.26914e-07 -3.1634e-08
4.82025e-07 6.47616e-07
-5.15426e-07 1.52222e-07
1.98218e-07 5.77091e-07
-1.41273e-06 2.51237e-07
-5.05661e-07 -2.44202e-07
1.75167e-07 -1.66725e-07
1.64524e-06 2.65254e-07
-9.79175e-07 2.86671e-07
-7.88973e-07 2.41052e-07
-1.65924e-06 -4.85469e-07
-1.05096e-06 6.71254e-07
2.57289e-07 4.47112e-07
-3.99005e-07 4.76046e-07
-1.00748e-06 -6.52282e-08
-1.37538e-06 3.46916e-07
6.99668e-07 -1.07335e-07
1.00364e-06 4.62648e-07
-1.70661e-06 -5.64706e-07
-1.0936e-06 -5.92525e-07
4.50872e-07 3.89974e-07
7.88734e-07 4.97193e-07
1.29677e-06 4.11815e-07
-1.42686e-06 -4.60217e-07
1.66055e-07 -1.78178e-07
-1.43144e-06 5.51305e-07
9.32422e-07 -4.37887e-07
-1.51701e-06 -2.5224e-07
1.84526e-07 -4.7944e-07
1.62209e-06 3.83127e-07
1.58795e-07 3.85304e-07
-6.48261e-07 5.88208e-07
-3.93493e-07 -2.78492e-07
6.03083e-07 -9.39273e-08
5.0436e-07 5.12088e-07
-1.02889e-06 -1.45221e-07
-6.16391e-07 6.96118e-07
-1.33345e-06 9.03397e-09
1.69323e-06 2.02616e-07
-3.32267e-07 3.47835e-07
-1.24237e-06 3.84097e-07
-7.14669e-07 3.8559e-07
3.40266e-08 -3.23651e-07
1.34923e-06 -6.52295e-07
-2.79518e-07 -2.38687e-07
1.08798e-06 1.76648e-07
1.49784e-06 5.72007e-07
-2.81972e-07 -4.28334e-07
-1.02073e-06 3.35069e-07
3.67793e-08 6.10461e-07
1.77653e-06 3.9613e-07
1.46484e-07 -2.87572e-07
-1.69927e-06 -4.75684e-07
1.48616e-06 2.04015e-07
-2.71229e-07 1.75804e-07
-7.17887e-08 5.38556e-07
1.43441e-06 -2.43055e-07
1.21124e-06 -2.51394e-07
8.26882e-07 3.32655e-07
-2.59098e-07 1.4634e-08
1.81958e-06 4.99239e-07
3.98185e-07 -5.71962e-07
-9.23041e-07 5.61093e-07
-1.4727e-06 -1.13972e-07
-1.40658e-06 4.12286e-07
-8.77553e-07 -5.60279e-07
-1.45432e-07 5.95576e-07
2.92697e-07 -4.06228e-07
1.66931e-06 3.22642e-07
-1.60826e-06 3.29549e-07
1.3461e-07 1.05044e-07
-1.12942e-06 -2.91252e-07
-6.39786e-07 -4.74023e-08
5.04074e-07 1.75366e-07
8.15013e-07 -4.93701e-07
4.4676e-07 -7.17013e-08
1.34299e-06 4.05979e-07
1.67243e-06 5.69183e-07
-1.53188e-06 4.2675e-07
1.22611e-06 2.75764e-07
-1.17415e-06 1.32936e-07
-1.43399e-06 6.16546e-07
-1.61664e-06 5.07275e-08
9.78381e-08 -2.55303e-07
9.8162e-07 4.9478e-07
-1.37544e-07 -6.04405e-07
3.85946e-07 1.10076e-07
1.78602e-06 -6.88698e-07
6.52761e-07 4.35758e-07
-4.84941e-07 -6.42786e-07
1.68714e-06 2.10598e-07
-1.03577e-06 3.81016e-07
9.45577e-07 4.23112e-07
1.65821e-06 8.98621e-08
1.76014e-06 4.41261e-07
-2.8753e-07 -4.3035e-07
8.20868e-07 -1.29833e-07
1.15203e-06 1.66136e-07
9.49841e-07 4.41914e-07
-4.56877e-08 4.85003e-07
1.18038e-07 7.04351e-08
-8.39544e-08 -6.98226e-07
1.31171e-06 -1.93684e-07
1.85245e-07 4.39988e-07
1.5147e-06 -8.81092e-08
-1.30813e-07 -1.71804e-07
-1.50775e-06 5.05524e-07
7.98157e-07 -5.83107e-07
1.04948e-06 -2.84142e-07
-7.67455e-08 4.3412e-07
-1.55122e-06 -5.6608e-07
-1.57341e-06 2.5262e-07
1.80722e-06 -4.95191e-07
-1.94002e-08 -3.41087e-07
-8.03559e-07 -6.0072e-08
-6.75604e-07 -4.44328e-07
5.38873e-07 -9.69241e-08
-4.75492e-07 1.83951e-07
-1.16642e-06 3.50692e-07
7.46855e-07 6.39155e-07
2.36516e-07 5.00672e-07
-7.33945e-07 2.45576e-07
1.56451e-06 -1.97797e-08
7.01246e-07 3.37888e-08
-2.25043e-07 1.47803e-09
-1.62555e-06 6.15754e-07
-2.07947e-07 3.47061e-07
9.85304e-07 5.94029e-08
-1.7481e-06 -6.77012e-07
3.29106e-07 7.96998e-08
7.49457e-07 -4.22118e-07
-8.62834e-07 6.90712e-07
1.33249e-06 -6.52148e-07
1.78549e-06 1.65191e-07
-1.40424e-06 -6.93508e-07
-9.61192e-07 3.05458e-07
-2.33119e-07 -1.66754e-08
-3.8378e-07 1.2834e-07
9.04298e-07 -6.7195e-07
-8.68622e-08 -5.86199e-08
5.11057e-07 6.80441e-07
-1.76925e-06 -5.57556e-07
-5.1385e-07 3.41901e-07
-1.8434e-07 -2.78012e-07
1.55432e-06 5.94992e-07
-8.40171e-08 3.9317e-07
3.50986e-08 9.50684e-08
-2.86449e-07 -4.31229e-07
-1.683e-06 -8.43207e-08
-2.19945e-07 -1.50317e-07
1.52911e-06 3.65086e-07
-1.40369e-06 4.3865e-07
-1.72649e-07 -1.40966e-07
7.34715e-07 1.85129e-08
-6.86811e-07 1.47064e-07
-8.62299e-07 -2.79624e-07
-6.64635e-07 -4.88899e-07
-1.12987e-06 6.69433e-07
-3.08497e-07 6.51907e-07
-1.70764e-07 -3.11017e-07
-1.27481e-06 -1.6442e-07
-1.01396e-06 -5.13732e-07
-5.98624e-07 -8.50477e-08
-5.19826e-07 -2.25467e-07
1.24889e-06 3.58258e-07
-5.36313e-07 -2.71648e-07
-1.09272e-06 2.96997e-07
1.16618e-06 -2.05861e-07
-7.58612e-08 9.71586e-09
-2.34055e-07 5.51703e-08
-3.4713e-08 6.0336e-07
-1.60835e-06 -1.50002e-07
-1.62629e-06 3.78168e-07
1.50577e-06 -7.04808e-08
9.59551e-07 4.49343e-07
1.16085e-06 6.14417e-07
-6.50036e-07 3.15819e-07
2.53511e-07 -5.12945e-07
7.36906e-07 2.22955e-07
8.00778e-07 6.84339e-07
8.10278e-07 5.45371e-08
-7.94889e-07 5.03475e-07
-9.40518e-07 -5.43258e-07
-9.93954e-07 5.87959e-07
4.64543e-07 -4.36093e-08
-1.35265e-06 -5.09568e-07
-1.45657e-06 -1.22825e-07
8.2403e-07 -4.93156e-07
1.26587e-06 -4.08061e-07
6.97083e-07 2.48799e-07
-7.48357e-07 -1.91061e-07
9.86706e-07 -6.59341e-07
-4.15181e-07 -3.35355e-07
2.07837e-07 -5.92178e-07
-8.43827e-07 -1.13241e-07
-7.85966e-07 -4.79828e-07
-1.36261e-06 -5.09296e-07
1.26808e-08 1.62356e-07
-9.81346e-07 1.53696e-07
-1.6428e-06 -2.56257e-07
-2.02776e-07 -6.71202e-07
1.12439e-06 4.37329e-07
3.41719e-07 6.72502e-07
7.56884e-07 -1.91135e-07
1.57101e-07 6.71193e-07
-2.79373e-07 -3.51168e-07
4.7395e-07 -4.0865e-07
-7.44721e-07 -5.85392e-07
1.3099e-06 4.63005e-07
7.88287e-07 2.84819e-07
-8.35009e-08 -5.08922e-07
-3.1339e-07 6.98684e-07
1.25464e-07 3.50649e-07
-1.48853e-06 -6.4673e-07
5.93463e-07 -4.71366e-07
4.86957e-08 -4.25365e-08
1.03389e-06 6.70365e-07
-1.76733e-06 -3.17211e-08
-1.26041e-06 6.10377e-07
-1.70757e-06 2.62495e-07
-1.75485e-06 -2.30993e-07
-6.93233e-07 3.51437e-07
-1.25486e-06 -5.67019e-07
1.29335e-06 4.54115e-07
-1.08672e-06 1.16459e-07
-7.95176e-07 -5.46839e-08
-5.1527e-07 6.57879e-07
6.51066e-07 4.90146e-07
-6.9822e-09 -8.7257e-09
-4.52484e-07 6.96905e-07
-8.9264e-07 -3.845e-07
2.62385e-07 -2.40369e-07
8.11342e-08 -1.88969e-07
-1.11523e-06 -6.9093e-07
-1.04836e-06 -5.38069e-07
6.41638e-07 -6.24568e-07
9.19339e-07 -3.64384e-07
-1.19793e-06 2.97834e-07
1.00227e-06 1.06534e-07
-9.17786e-07 3.01507e-07
1.28495e-06 -4.29642e-08
1.82041e-06 4.06301e-07
1.23839e-06 -3.25972e-07
1.0095e-06 6.9988e-07
-1.22838e-06 3.65408e-07
-4.56273e-07 -5.44461e-07
1.17348e-06 -2.01093e-07
-1.47157e-06 -1.81089e-07
1.62329e-06 4.52292e-08
1.44687e-06 3.00825e-07
8.94374e-07 -5.31823e-07
1.54605e-06 -4.69308e-07
-1.57989e-06 -6.79638e-08
-1.0121e-06 -8.24277e-08
1.69646e-06 5.76622e-08
1.18849e-08 -1.15601e-07
-1.03189e-06 3.30183e-07
-8.86967e-07 3.27486e-07
1.12356e-06 2.76021e-07
-1.62976e-08 3.48772e-07
6.09479e-07 5.55663e-07
-1.01118e-07 2.27563e-07
-1.16378e-06 -3.41013e-07
-4.98917e-07 -1.62664e-07
-1.77495e-06 -6.85545e-07
1.60265e-06 1.68816e-08
-1.63006e-06 -4.67644e-08
-1.11554e-06 -5.65993e-07
-1.06993e-06 2.82493e-07
-9.56123e-07 -6.97235e-07
-3.9541e-07 2.75085e-07
6.04806e-07 -2.99154e-07
4.51729e-07 -7.6329e-08
9.30723e-08 -2.75494e-07
9.63839e-07 3.35706e-07
1.57743e-06 -2.54119e-07
-2.79991e-07 -2.37042e-07
4.08613e-07 -4.74531e-07
1.05476e-06 -5.4598e-07
5.75267e-07 3.25057e-07
-7.51832e-07 3.19e-08
1.66799e-06 3.03465e-07
1.32613e-06 8.9174e-08
4.68681e-07 -5.9022e-07
-1.54732e-07 5.31447e-07
2.07256e-07 -1.588e-07
7.80586e-07 8.93066e-09
1.22134e-06 -3.4654e-09
-1.25383e-06 4.13107e-07
1.75913e-06 -3.35684e-07
6.28027e-07 4.41052e-07
-4.50609e-07 6.47123e-08
1.58687e-06 -3.556e-07
-1.12642e-06 -3.80415e-07
-1.17925e-07 6.30455e-07
1.14822e-06 4.87242e-08
4.92943e-07 -6.3046e-07
-1.19731e-06 1.70506e-07
-1.44532e-06 -4.1551e-07
1.63957e-06 -4.51956e-07
-5.7411e-08 -1.14178e-07
3.8126e-07 4.03851e-07
-1.4053e-06 1.65211e-07
1.32824e-06 -2.05615e-07
7.92442e-07 -6.66291e-07
5.35586e-07 -6.55069e-07
-4.43482e-07 2.46265e-07
-2.06361e-07 3.05295e-07
-4.46395e-07 6.91178e-08
-1.43943e-06 4.43097e-07
-5.45959e-07 -5.95137e-07
1.06015e-06 -6.46486e-07
4.84506e-07 2.49066e-07
1.47323e-06 -1.03846e-08
1.41164e-06 3.26858e-07
2.59536e-07 -4.19093e-07
-9.34998e-07 5.70003e-07
-3.48832e-08 -5.3581e-07
1.04758e-06 -1.0655e-08
-3.36811e-07 -6.56534e-07
-8.26132e-07 6.21832e-07
-1.76717e-06 -1.1174e-07
1.65886e-06 -3.16982e-07
-1.50544e-06 -2.61749e-07
-3.82432e-07 5.30322e-07
-1.30082e-06 -5.10988e-08
1.65286e-07 -5.02745e-07
-4.00962e-07 -4.99665e-07
6.42512e-07 -5.65664e-07
1.80737e-06 -5.15502e-07
-1.37223e-06 -6.71626e-07
9.27891e-07 5.3394e-07
4.00954e-07 -1.12295e-08
1.27937e-06 -1.91181e-07
7.29478e-07 -3.51482e-07
-7.1689e-07 -5.41721e-07
5.84507e-07 -6.19416e-07
1.6228e-06 -3.66823e-07
1.68756e-06 -1.48462e-07
1.67728e-06 4.92639e-07
1.36624e-06 -1.19076e-07
2.29677e-07 1.22872e-07
-9.56705e-07 -1.28913e-07
-9.97593e-07 2.7908e-07
-1.20595e-06 -2.86332e-07
1.22182e-06 4.11866e-07
-1.73713e-06 1.06558e-07
9.21331e-07 1.64289e-07
6.24884e-07 5.862e-07
1.81347e-06 -6.17685e-07
1.3382e-06 -1.04395e-07
6.42267e-07 -3.14228e-07
1.18299e-06 -3.76108e-07
8.56161e-07 7.84854e-09
-1.33416e-06 -2.24758e-07
-1.40536e-07 -3.90381e-07
-3.33386e-07 -4.63757e-07
6.77973e-07 -1.05868e-07
-8.69764e-07 3.34525e-07
1.15845e-06 5.1827e-07
1.42951e-06 -4.08373e-08
-7.02746e-07 6.52786e-08
-1.30917e-06 -6.19073e-07
5.45561e-07 -3.69242e-07
4.37977e-07 4.31335e-07
-1.10581e-06 -5.40564e-07
-1.37554e-06 5.21881e-07
-1.07747e-06 -3.14598e-07
4.13549e-07 -3.55392e-07
-1.20444e-06 -1.05642e-08
-1.03058e-06 6.54471e-08
1.34548e-06 1.23711e-07
-5.69164e-07 1.11255e-07
-1.55708e-07 6.14895e-07
6.90654e-07 -9.86682e-08
7.21844e-07 1.05705e-07
6.92146e-08 2.92215e-07
2.81549e-07 -5.56128e-07
-1.73114e-06 -4.22289e-08
1.56656e-06 6.14354e-07
1.93083e-07 3.37542e-08
-1.73299e-06 -5.95668e-07
-8.36543e-07 -4.95126e-07
1.26709e-06 1.38556e-07
8.59327e-07 -5.24495e-07
1.26803e-06 -4.57545e-08
-9.65179e-07 2.7351e-07
-1.00763e-06 5.79229e-07
-1.21723e-06 -1.46692e-07
1.80784e-06 4.46252e-07
-1.5502e-06 -4.17428e-07
8.97105e-07 2.42174e-07
2.20174e-07 -6.43246e-07
-7.75238e-07 -4.23792e-07
-1.81759e-06 -2.60726e-07
1.0969e-06 -5.4482e-07
6.9454e-07 4.08263e-07
1.22302e-06 4.45015e-07
-4.11261e-07 1.1133e-07
6.65938e-07 6.60803e-08
1.54905e-06 -5.63744e-07
1.76613e-06 2.1174e-07
-1.11078e-06 -8.7672e-09
-1.35859e-06 -1.62817e-07
-4.16427e-07 -8.91214e-08
4.6327e-07 6.19567e-07
-1.53707e-06 -4.32029e-08
-1.38128e-06 -5.9684e-07
-1.86258e-07 3.14251e-07
4.66386e-07 1.84098e-07
-1.26953e-06 -6.5836e-07
-1.20461e-07 2.64264e-08
-4.49204e-07 6.80475e-07
-3.08356e-08 -1.27392e-07
-2.14153e-07 -1.98806e-07
-3.21314e-07 -5.15082e-07
9.59884e-07 -8.68545e-08
1.1121e-07 -6.5194e-08
-4.86309e-07 -3.74361e-07
1.78669e-06 2.01784e-07
-7.72083e-07 -6.44097e-07
7.77439e-07 1.5681e-07
4.23281e-07 3.87226e-07
5.64291e-07 -8.61191e-08
1.14431e-07 -3.51875e-07
-1.76847e-06 -1.45751e-07
-6.63114e-07 -4.88018e-07
2.24566e-07 -1.84698e-07
-8.10456e-07 3.1638e-07
1.07309e-06 3.53612e-07
-1.41271e-06 -4.52821e-07
-4.20415e-07 4.18143e-07
8.51447e-07 -4.79772e-07
-1.00112e-07 -3.18912e-08
-7.79274e-07 2.74005e-07
-1.35583e-06 3.26882e-07
-1.05138e-06 2.28094e-07
-7.32885e-07 3.19618e-07
1.62177e-06 5.28339e-07
1.2806e-06 -1.12624e-07
6.75333e-09 -5.19878e-07
-8.535e-07 -3.32842e-07
1.30431e-06 1.398e-07
-1.06548e-06 5.68364e-07
3.81975e-07 5.33094e-07
1.40405e-06 1.12022e-07
-1.81901e-06 4.84789e-07
-1.62162e-06 -2.63478e-07
-1.24621e-06 6.16099e-07
-7.68455e-07 -3.70713e-07
-8.05871e-07 2.94653e-08
1.01584e-06 -4.23352e-07
2.06637e-07 -5.86127e-07
8.28308e-07 -6.30961e-07
-4.1722e-09 -5.7428e-07
1.35417e-06 3.97426e-07
5.02353e-07 3.18796e-07
3.44988e-07 -6.35987e-07
5.17657e-07 6.80862e-07
-4.47444e-07 3.87455e-07
-7.10503e-07 1.56516e-07
4.45714e-07 2.30335e-07
1.32835e-06 -5.56714e-07
-1.20091e-07 1.89092e-07
1.74593e-06 -3.55811e-07
-6.905e-07 -6.7766e-07
-1.16197e-06 5.45826e-07
1.18163e-06 6.4005e-07
1.48223e-06 5.21353e-07
5.60016e-07 3.96578e-07
-7.66157e-07 1.25236e-07
1.31527e-06 6.52144e-07
-7.91946e-07 -5.44868e-07
1.55365e-06 2.98915e-07
-8.90307e-07 4.50677e-09
-3.89794e-07 -4.77821e-07
4.30047e-08 -4.8628e-08
-4.94586e-08 -1.54421e-07
8.38422e-07 6.87192e-07
8.77639e-07 -9.78991e-08
-6.00334e-07 4.372e-07
1.66823e-06 2.21079e-07
6.88404e-07 6.57647e-07
1.19289e-06 -4.65411e-07
-5.61841e-08 1.62398e-07
-1.01551e-06 5.81648e-07
2.11214e-07 5.10654e-07
-5.9112e-07 9.42171e-08
1.32335e-06 -1.89494e-07
-1.23241e-06 -6.10439e-07
-9.37942e-07 2.41697e-07
1.46409e-06 4.0344e-07
1.18459e-06 6.155e-07
-4.37073e-07 3.77675e-07
1.07949e-06 -4.45965e-07
1.07574e-06 -5.65489e-07
4.06806e-07 4.17916e-07
-1.72904e-06 3.54375e-07
-1.545e-06 -5.46472e-07
-1.23315e-06 3.87689e-07
7.51193e-07 5.80013e-07
1.82145e-06 6.87034e-07
1.41127e-06 6.63714e-07
-1.79258e-06 -5.7424e-07
1.42611e-06 6.5787e-07
-1.3411e-06 -5.4371e-07
-1.00557e-06 3.90453e-07
-8.92206e-07 1.78689e-07
1.62769e-06 -5.34052e-07
-1.52355e-06 2.80637e-07
-8.42329e-07 -5.28557e-07
-2.37252e-07 -6.1818e-07
-1.52341e-06 3.26761e-07
6.72783e-07 -5.55522e-07
6.82108e-07 -4.11614e-07
-1.32532e-06 -2.28845e-07
4.01489e-07 -3.23261e-07
-1.53196e-06 1.86207e-07
-1.22343e-06 6.74622e-07
5.15881e-07 -3.81365e-08
-6.76977e-07 -5.56611e-07
-1.54802e-06 5.67362e-07
4.28753e-07 1.82675e-07
1.53054e-06 1.64216e-07
-8.51062e-07 -3.52506e-07
-8.36891e-07 -2.66401e-08
-1.00903e-06 3.0827e-07
1.30992e-06 4.11592e-07
1.11874e-06 4.90284e-07
-7.40603e-07 2.38958e-07
1.38101e-06 3.34961e-07
-1.12493e-06 -1.8541e-07
-1.6449e-06 3.94871e-07
1.63928e-06 4.12085e-07
3.67354e-07 5.79028e-07
8.83728e-07 2.28672e-07
-1.51481e-06 -1.36139e-07
-6.22455e-07 2.04956e-07
2.51787e-08 -5.99033e-08
-1.43505e-06 2.8307e-07
4.00381e-07 3.89426e-07
9.08476e-07 -3.35287e-07
-1.52674e-06 -5.62885e-07
1.11146e-06 -1.25279e-07
-1.53334e-08 1.71888e-07
1.57954e-06 5.14343e-07
1.16048e-06 6.30346e-07
-1.26185e-06 1.42614e-07
1.70294e-06 -5.80543e-07
6.1147e-07 8.47378e-08
1.75915e-07 -1.39933e-07
-1.68727e-06 1.54522e-07
-1.46834e-06 -2.1476e-07
2.02758e-07 4.55687e-07
-2.77884e-07 -2.28735e-07
6.8757e-07 -4.94363e-07
-1.62726e-06 6.41991e-07
-6.04017e-07 -6.97515e-07
-1.43445e-06 -3.11443e-07
8.1936e-07 5.05882e-07
-4.22466e-07 -1.75369e-07
9.87695e-07 2.42546e-07
-3.04768e-07 2.76883e-07
-2.03948e-07 -2.05025e-07
1.82212e-06 4.86749e-07
-4.91858e-07 5.34963e-07
-1.16125e-06 -2.21462e-07
7.50374e-07 -2.27564e-07
1.80664e-07 3.33183e-07
-9.77265e-07 2.72502e-07
-6.81368e-07 4.37141e-07
-3.90156e-07 -2.71747e-08
-2.18827e-07 -5.51007e-07
5.83294e-07 -3.40078e-07
1.76846e-06 3.79885e-07
-4.17885e-07 -1.56729e-07
1.76954e-06 -4.38076e-07
1.7327e-06 -4.33716e-07
2.55776e-07 4.78358e-07
7.76934e-07 -5.9036e-07
-1.62722e-06 -3.83418e-07
1.34364e-06 -4.68086e-07
1.54802e-06 3.37789e-07
5.46095e-07 3.10001e-07
-6.36025e-07 -6.10501e-07
-9.49325e-07 -3.80969e-07
1.03721e-06 -5.29618e-07
-1.46507e-06 -5.32979e-07
3.34267e-07 2.62738e-07
1.58728e-06 -1.19302e-07
-7.82047e-07 -7.44851e-08
6.09854e-07 3.89825e-07
4.42683e-07 1.88416e-07
1.73513e-06 2.95459e-07
-1.05735e-06 -8.30308e-09
-9.93031e-07 -4.69489e-07
-8.82806e-07 4.31995e-07
-2.25174e-08 3.26979e-08
-8.84755e-08 1.76084e-07
1.78518e-06 4.65648e-07
9.02105e-07 -5.38968e-07
-7.82623e-07 -5.31214e-07
-3.17825e-07 -3.20666e-07
-7.218e-07 -9.19956e-08
-6.49277e-07 -5.70553e-07
-1.52129e-06 -2.81331e-07
1.09857e-06 -5.26302e-07
1.23003e-06 6.65439e-07
8.2884e-07 -6.94935e-07
3.87027e-07 -3.47355e-07
1.68412e-06 -4.33561e-07
-9.26244e-07 -1.83024e-07
-1.00339e-06 -2.52991e-07
-4.4219e-07 -2.66955e-07
-4.65761e-07 -2.12174e-07
-2.45164e-07 6.36197e-07
4.5755e-07 5.21074e-07
1.17272e-06 -4.22195e-07
8.40861e-07 2.38582e-07
1.71597e-06 -5.55748e-07
-1.31089e-06 2.41273e-07
1.47636e-06 5.83519e-07
-8.89584e-07 4.75529e-07
-7.37332e-08 -5.95619e-07
-1.55771e-06 1.48611e-07
1.45361e-06 2.09622e-07
-9.61268e-07 -6.99724e-07
5.53013e-07 6.90151e-07
1.14267e-06 1.27377e-07
-7.68609e-07 4.42573e-07
1.34521e-07 -1.90323e-07
-1.7463e-06 1.12834e-07
-3.63592e-07 5.22692e-07
5.54309e-08 -4.0892e-07
-8.12201e-07 3.71768e-07
-9.17946e-07 -6.11189e-08
-1.01396e-06 -7.43905e-08
4.12013e-08 6.79958e-07
-1.52226e-07 6.87761e-07
-1.60643e-06 6.24375e-07
1.47449e-06 9.05531e-08
-9.47646e-07 -3.25247e-07
-3.91037e-07 2.44189e-07
-1.5495e-06 2.73914e-07
-8.83863e-07 -1.1998e-07
-1.52898e-06 3.59303e-07
2.04444e-07 3.94802e-07
1.63784e-06 -5.20453e-07
-6.31251e-07 5.07936e-07
9.31915e-07 2.04166e-08
4.7046e-07 2.3218e-07
1.18846e-06 2.31605e-07
-1.07932e-06 4.17771e-07
-5.04971e-07 9.73918e-08
7.41106e-07 2.98563e-07
-6.4397e-07 -5.18396e-07
1.62109e-06 -9.8296e-08
-1.55857e-06 -5.06602e-07
1.1341e-06 -6.82549e-07
-1.52066e-06 5.47665e-07
-1.77058e-06 -1.22694e-07
-1.54475e-06 -6.97512e-07
-2.05516e-07 -6.68254e-07
1.25564e-06 -6.13703e-07
-1.17053e-06 -4.56976e-07
9.37365e-07 -5.26571e-07
-7.26953e-07 -3.00762e-07
-4.04148e-07 -4.35506e-07
1.04095e-06 -7.37426e-08
-1.12236e-06 4.13797e-07
-2.96503e-07 1.10142e-07
-2.01565e-07 4.46896e-07
1.64255e-06 5.79765e-07
-3.10727e-07 8.08566e-08
1.0716e-06 5.32319e-08
4.29163e-07 6.86513e-08
-9.34788e-07 5.39156e-07
1.78076e-06 5.51345e-07
-9.53952e-07 1.73363e-07
-1.69013e-07 4.9168e-07
-2.35439e-07 4.54689e-07
9.79229e-07 9.12758e-08
1.55822e-06 -4.09447e-07
9.08093e-07 -5.72923e-07
-6.80432e-07 -3.92105e-07
-6.38303e-08 -7.38058e-08
-1.62582e-06 2.8608e-07
-1.5242e-06 6.38756e-07
-1.60513e-06 2.11953e-07
-8.41231e-08 -2.32114e-07
-4.74187e-07 -1.95442e-07
-8.23415e-07 -4.11974e-07
-1.13346e-06 -6.31285e-07
-5.64371e-07 3.12782e-08
5.79033e-07 -2.20009e-07
3.25193e-07 -9.43738e-08
-1.35025e-06 -1.56968e-07
1.68029e-06 -4.0881e-07
1.09205e-06 -6.76796e-07
6.44493e-07 5.69534e-07
1.54577e-06 4.94776e-08
-6.30583e-07 1.34196e-08
-9.09493e-08 3.63386e-07
-8.047e-07 3.12375e-07
7.09301e-07 3.23467e-07
1.99613e-07 -6.03832e-07
-1.46352e-06 1.14915e-07
1.80833e-07 -4.48065e-08
-1.06882e-06 1.62893e-07
-7.67149e-07 -3.87159e-07
-8.68381e-07 -5.06531e-07
5.69699e-07 3.04957e-07
1.53885e-06 6.70511e-07
-1.06613e-06 -2.41384e-07
-2.75918e-08 -4.79915e-07
1.74649e-06 -3.17814e-07
7.60235e-07 -4.34032e-07
-5.05679e-07 1.76425e-07
4.24231e-07 -5.31422e-07
-1.35493e-06 1.1766e-08
1.74695e-07 2.28807e-07
-4.60344e-07 -6.04199e-07
-5.59482e-07 -4.40924e-07
1.42051e-06 -5.93935e-07
-3.43806e-07 -5.42725e-07
1.38976e-07 1.9433e-07
1.31384e-06 6.3149e-07
1.75963e-06 -5.1557e-07
-5.04819e-07 4.79798e-07
-2.47934e-07 -6.84847e-07
-1.59253e-06 1.49673e-07
1.36726e-06 -1.52916e-07
-8.71122e-07 -4.27357e-07
4.34996e-07 -4.32607e-08
-1.6094e-06 9.57727e-08
-6.29233e-07 -6.8749e-07
-8.17476e-08 2.24593e-07
6.04023e-07 3.99285e-07
2.24564e-07 -2.59136e-08
-1.01867e-06 -5.13455e-07
-2.396e-08 -5.11494e-07
1.09742e-07 -4.54046e-07
9.73228e-07 -3.78912e-07
1.66106e-06 -2.49447e-07
1.64129e-06 -4.96876e-08
8.82024e-07 1.28966e-07
-1.56865e-06 1.21295e-07
1.44536e-06 -3.25647e-07
-8.54629e-07 -6.27829e-07
-1.47172e-07 -6.4207e-07
2.54629e-07 -5.29305e-07
-9.52944e-07 3.28168e-07
-1.67231e-06 6.74236e-07
1.70055e-06 6.75321e-07
2.4037e-07 4.72131e-07
-8.17319e-07 8.41824e-08
-1.35678e-06 7.49135e-08
-6.17698e-07 -1.22402e-07
7.02514e-07 6.43736e-07
-1.76535e-06 -5.57052e-07
1.36591e-09 -4.70815e-07
-1.11763e-06 1.7062e-07
3.99477e-07 4.76746e-07
-2.66116e-07 -2.066e-07
1.08943e-06 1.15172e-07
-1.01156e-06 -2.07613e-07
1.63208e-06 -5.36541e-07
-1.34311e-06 -3.51709e-07
1.15037e-06 -2.6866e-07
7.26318e-07 4.47756e-07
-1.43825e-06 -2.50051e-07
1.65513e-06 -1.36327e-07
-5.56788e-07 -1.43835e-07
2.10915e-07 -1.34529e-07
-7.2823e-07 -5.09445e-07
-8.69446e-07 -2.15627e-07
-1.46725e-06 4.13983e-09
1.10574e-06 6.13173e-07
1.50633e-06 5.48288e-07
-1.93824e-07 9.72989e-09
-3.98443e-07 4.38719e-07
6.68832e-07 6.52576e-07
-1.07236e-06 -2.53384e-07
1.02441e-07 -2.96916e-07
1.64952e-06 6.28875e-07
5.56204e-07 3.97651e-07
7.51591e-07 4.89076e-07
1.70488e-06 5.40266e-07
-9.62894e-07 2.43625e-07
-1.39996e-06 1.92328e-07
1.02324e-06 3.88088e-08
1.59655e-06 -1.13438e-08
-1.73106e-06 6.46293e-07
5.35763e-07 -2.85839e-07
5.6796e-07 -1.8864e-07
-4.10856e-07 -3.00227e-07
1.62456e-06 5.66511e-07
-2.49289e-07 -1.8298e-07
-1.79348e-06 1.6872e-07
1.44167e-06 1.01997e-07
1.2934e-06 -3.46648e-09
-1.64715e-06 4.77711e-07
1.50449e-06 -1.32841e-07
1.09874e-06 -6.61669e-07
-1.77179e-06 1.45822e-07
8.8533e-08 -2.96522e-07
-1.59871e-06 2.51195e-07
-1.19357e-06 6.30737e-08
-9.51018e-07 -5.03135e-07
1.39744e-06 5.83546e-07
7.1521e-07 -5.30969e-07
1.43822e-06 2.76725e-07
-3.54355e-07 5.83154e-07
1.27945e-06 4.75207e-07
7.96286e-07 6.77231e-07
6.34929e-08 -4.48979e-07
1.69758e-06 4.78722e-08
1.66266e-06 -3.72376e-07
-9.09071e-07 3.71111e-07
-1.51747e-06 -3.32473e-07
2.41646e-07 -4.9134e-07
7.98325e-07 2.87555e-07
-2.88266e-07 -2.91892e-07
-1.19868e-06 5.87714e-07
-6.83727e-07 -5.33064e-08
-1.19854e-06 3.57184e-07
-1.74991e-06 5.10094e-07
-8.068e-07 -1.47512e-08
7.46073e-07 -6.44977e-07
-4.55802e-07 3.81837e-08
6.10533e-07 -2.31161e-07
1.52454e-06 6.60407e-07
2.87266e-07 5.28845e-07
-1.23489e-06 -3.81992e-07
1.40376e-06 -6.85284e-07
7.13703e-07 -1.58322e-07
1.28981e-06 3.49969e-08
1.05143e-06 2.05348e-07
1.27636e-06 -6.11578e-07
-2.24595e-07 -2.27545e-07
-9.00246e-07 4.98417e-07
-2.48124e-07 2.7956e-07
-5.81889e-07 -4.88361e-07
5.97932e-08 4.51802e-08
-4.04e-07 3.37678e-07
6.42951e-07 5.26874e-08
-3.03113e-07 2.40556e-07
2.78277e-07 7.08267e-08
1.59809e-06 -2.86031e-07
-7.27438e-07 -5.56686e-07
-2.87115e-07 -1.78555e-07
-1.14429e-06 1.2365e-07
-1.40861e-06 6.42136e-09
-1.04075e-06 3.48583e-07
-2.17874e-08 2.95762e-07
2.91045e-07 1.56991e-08
1.27223e-06 1.09015e-07
1.72827e-06 -2.10549e-08
4.40378e-07 -6.39224e-07
-1.58215e-06 6.89405e-07
-4.62625e-07 -2.99109e-07
1.94501e-07 -4.52382e-07
4.07724e-07 2.56811e-07
9.46438e-07 -6.2457e-07
-2.47228e-07 -4.62797e-07
1.37631e-06 -9.44163e-08
-6.79942e-07 -4.49695e-07
7.43251e-07 2.08627e-07
6.40165e-07 -4.95143e-07
-8.39949e-07 1.66927e-08
-1.66231e-06 5.83017e-07
-7.9272e-08 -5.06426e-07
