-2.02275e-07 2.04003e-07
-8.01432e-07 2.83828e-07
7.83879e-07 1.61266e-07
1.38603e-06 8.33966e-09
1.07722e-06 -3.2129e-07
-1.28916e-06 -4.53152e-07
-1.30934e-06 -2.64202e-07
1.82228e-06 -7.24702e-08
7.5482e-07 -1.22839e-07
-1.54673e-06 -5.0268e-07
-1.81851e-06 4.87587e-07
-1.02725e-07 3.10742e-07
-7.77849e-07 -1.15805e-07
-1.57031e-06 6.05357e-07
-1.89642e-07 -2.84961e-07
1.75253e-06 6.72817e-07
-1.06962e-06 2.37799e-07
-9.06686e-07 -4.67001e-07
2.57281e-07 -6.52489e-07
2.15809e-07 -3.07401e-07
1.09126e-06 -3.43784e-07
8.3222e-07 -4.05588e-07
7.01488e-07 -5.78133e-07
6.85038e-07 -2.54343e-07
5.44353e-07 -2.55156e-08
2.00202e-07 5.31531e-07
-7.60143e-07 -1.93364e-07
1.29334e-06 -6.83198e-07
6.99796e-07 -6.14143e-07
-1.41016e-06 -3.57698e-07
1.51401e-06 -4.59016e-07
-7.09144e-07 -1.24878e-07
9.24243e-07 -3.93927e-07
-1.65946e-06 -5.2734e-07
2.12226e-08 2.26238e-07
7.86606e-07 -5.07159e-07
1.74553e-06 -5.72234e-07
1.35224e-06 -2.27696e-07
-1.79417e-06 2.65554e-07
8.15992e-08 -1.07889e-07
1.56976e-07 -6.3387e-07
1.22764e-06 5.61865e-07
1.77463e-06 -5.49138e-07
-1.12559e-06 -4.2831e-07
-5.78052e-07 1.44857e-07
-1.47927e-06 -4.87802e-07
1.43066e-06 1.03269e-07
-5.85526e-07 5.03426e-07
-1.67942e-06 2.73572e-07
-1.57534e-06 4.60503e-07
-1.18455e-06 -4.63708e-08
1.27577e-06 -2.4446e-07
1.53606e-06 1.3935e-07
-1.51337e-06 -4.40582e-07
4.7215e-07 -2.62438e-07
-8.6737e-07 3.22504e-07
7.65348e-08 -4.52e-08
4.63373e-07 -7.95136e-08
-1.33176e-06 -3.57757e-07
-1.09727e-06 -2.65474e-07
-7.90119e-07 9.43202e-08
1.62556e-06 -6.13453e-08
6.02879e-07 2.63976e-07
5.22774e-07 -1.35368e-07
-1.6112e-06 -5.72978e-07
3.07325e-07 -5.74206e-07
-1.12641e-06 -6.60626e-07
-1.01019e-06 -3.54345e-07
-5.58357e-07 6.04757e-07
1.19093e-06 6.40846e-07
1.74791e-06 -2.66222e-07
9.21958e-07 -1.01503e-08
1.25278e-06 -7.78941e-08
9.47234e-07 -2.80615e-07
4.00931e-07 1.63166e-08
-1.52206e-06 -6.30632e-07
-1.17655e-07 -2.7211e-07
9.67258e-07 -5.70272e-08
1.30758e-06 2.18415e-07
1.3972e-06 -5.09556e-07
1.11909e-06 2.13238e-07
-6.64471e-07 -5.08089e-07
1.74502e-06 -6.5579e-08
1.39094e-06 -3.83989e-07
4.45868e-07 -1.93204e-07
1.57094e-07 -3.79868e-07
-2.96996e-07 -4.75425e-07
-3.46223e-07 -1.03193e-08
-2.31837e-07 -5.40283e-07
1.51109e-06 -6.20787e-07
9.97246e-07 4.43512e-07
-3.11736e-07 -8.81196e-08
-2.7537e-07 -6.28305e-07
-9.31361e-07 1.22076e-07
-1.26337e-06 1.91484e-07
7.37916e-07 -5.264e-07
-4.37428e-07 4.7418e-07
-1.29015e-06 4.98643e-07
5.09299e-07 2.29263e-09
-7.18312e-07 1.53474e-07
-1.02532e-06 -4.39306e-07
5.67838e-07 -3.26481e-07
1.1936e-06 2.23998e-08
-7.61027e-07 -5.3911e-07
8.19942e-07 5.23863e-07
-1.69835e-06 -1.69494e-07
1.35929e-06 -7.96062e-08
3.5514e-07 1.7508e-07
-3.07132e-07 -5.36211e-07
-7.38817e-07 -6.61814e-07
1.66028e-06 3.35354e-07
-1.29377e-06 -1.29935e-07
-1.61123e-06 1.95394e-07
1.43083e-06 -2.93994e-07
-9.26274e-07 4.64994e-07
-6.68046e-08 9.05273e-08
-1.21415e-06 6.49261e-07
-1.26188e-06 4.31777e-07
6.64388e-07 -1.27278e-07
8.14029e-07 -2.23942e-07
-1.61086e-06 -5.67514e-07
1.97125e-07 -5.16397e-08
6.87132e-07 -5.58494e-07
-5.65384e-08 -5.44634e-07
1.15805e-06 3.6436e-07
-5.4798e-07 4.11611e-07
-1.18819e-06 -2.48099e-07
-1.78242e-06 -2.02229e-08
1.65881e-06 -4.86357e-07
-1.20531e-06 -9.41375e-08
1.80039e-06 6.02066e-07
1.38522e-06 4.31815e-07
1.76349e-06 -5.63344e-07
-1.30787e-06 -4.80404e-07
8.24066e-07 3.5911e-07
-2.78016e-07 6.68803e-07
8.83475e-07 3.92029e-07
-4.97283e-07 -3.36275e-08
-1.65703e-06 -1.0621e-07
-2.97238e-07 2.53863e-07
8.23274e-07 6.00146e-08
5.16118e-07 -3.93711e-07
-8.89193e-08 -6.71781e-08
-2.04746e-07 5.25138e-07
3.0177e-07 -6.49001e-08
-1.32216e-06 6.17734e-07
-7.0641e-07 -3.01347e-07
-1.75252e-06 5.26612e-07
-7.39979e-09 -1.87263e-07
1.99566e-08 -4.51183e-07
1.25739e-06 6.31048e-07
-1.59623e-06 3.08357e-07
-5.03907e-07 -1.15497e-08
-1.18192e-06 1.1648e-07
1.49449e-06 6.19481e-07
-1.41821e-06 -7.00232e-08
-1.55977e-06 1.22729e-07
-5.01548e-08 2.11872e-07
-3.04657e-07 4.55255e-09
-9.69465e-08 -3.26496e-07
1.26782e-06 -8.78653e-08
-1.73967e-07 -6.60714e-07
-1.32934e-06 4.60477e-07
-4.88041e-08 1.50272e-07
6.71296e-08 6.96516e-07
1.14339e-06 -2.62404e-07
4.28004e-07 1.2274e-07
-1.76799e-06 4.98474e-07
1.86902e-07 6.07326e-07
-1.03749e-06 -6.77523e-08
1.06135e-06 4.98896e-07
-1.4267e-06 5.58051e-07
-1.30676e-06 -4.54957e-07
5.53172e-07 3.57449e-07
-7.73386e-07 6.43447e-07
1.6316e-06 -4.04993e-07
7.53049e-07 2.81823e-08
1.07034e-06 -1.31999e-08
-1.71654e-06 2.7087e-08
-1.71266e-06 -2.31667e-07
8.60312e-07 5.24414e-07
1.30237e-06 -3.56523e-07
-4.9051e-07 -9.83402e-08
-4.10156e-07 -1.19197e-07
1.53256e-06 -6.10072e-07
-6.87688e-07 1.23566e-07
-1.13786e-06 4.06633e-07
5.17767e-07 8.57041e-08
6.23042e-07 -2.79572e-07
-1.72179e-06 -8.31093e-08
3.86393e-07 -4.27476e-07
1.64541e-06 8.69045e-08
1.48997e-06 -1.15465e-07
7.15975e-07 -3.97155e-07
-3.72005e-07 6.75274e-07
-1.82407e-06 4.61444e-07
9.88177e-07 -5.35862e-07
-1.08547e-06 6.12133e-07
-7.21201e-07 -6.45073e-07
3.39765e-07 3.42076e-07
1.40593e-06 -2.41182e-08
5.91631e-07 -6.03066e-07
1.79235e-06 -1.17816e-07
-1.01989e-07 -8.05441e-11
-6.11822e-07 -3.92176e-07
-3.42378e-07 -6.48255e-07
-6.04897e-07 -5.0238e-07
-6.41228e-07 4.24892e-07
-1.59154e-06 -5.4608e-07
-1.01749e-06 1.11491e-08
-1.20953e-06 9.87314e-08
-1.12463e-06 6.83895e-07
-6.93105e-07 3.3638e-07
1.58034e-06 5.97111e-07
4.532e-07 4.23987e-07
-4.3841e-07 -6.61551e-07
5.47986e-07 -4.23793e-07
1.06104e-06 -1.95417e-08
2.04833e-07 6.94282e-07
-1.61596e-06 1.74414e-07
8.4775e-07 2.60858e-07
1.42196e-06 -2.01258e-07
-1.24958e-06 6.99927e-07
-1.21874e-06 5.23659e-07
-8.8326e-08 6.3921e-07
-3.99263e-07 -9.78089e-08
1.383e-06 2.0461e-07
-1.87732e-07 3.61402e-07
-1.07256e-06 -1.44918e-07
1.70437e-06 3.12238e-07
-1.78224e-06 1.27471e-07
-9.52318e-08 6.1727e-07
-8.72514e-07 3.87184e-07
6.84266e-07 3.34281e-07
4.85442e-08 5.67255e-07
-1.44178e-06 5.63637e-07
2.24216e-07 -2.23561e-07
-1.44871e-06 4.7697e-07
6.10994e-08 -6.49746e-07
1.11133e-06 -1.1463e-07
-3.7516e-07 -5.80288e-08
-1.76846e-06 -5.35518e-07
-7.1172e-07 -1.53853e-07
-4.74901e-07 -6.0117e-07
1.82318e-06 6.17381e-08
1.06908e-06 -3.59003e-07
-1.24051e-06 6.14838e-07
7.44261e-07 1.97454e-07
1.67782e-06 -3.03069e-07
1.10386e-06 6.74989e-07
1.25381e-06 -2.19854e-08
6.12001e-07 1.16989e-07
-1.37089e-06 -1.69334e-07
6.25469e-07 2.81595e-07
1.17528e-06 -5.39158e-07
-2.78819e-07 4.73056e-07
-1.58599e-06 1.8765e-07
1.1425e-06 5.40633e-07
6.49076e-07 2.57114e-08
-1.07282e-06 2.86873e-07
-4.23069e-07 3.3951e-07
-7.79817e-07 -5.65606e-07
-1.44164e-06 6.29732e-07
1.07433e-06 6.3475e-07
1.24934e-06 1.0789e-07
-3.61109e-08 3.7433e-07
1.58684e-06 4.31278e-07
-2.99899e-07 -6.57356e-07
-1.72666e-06 3.1118e-07
1.16e-07 -3.3958e-07
-1.30023e-06 6.35573e-07
-1.63148e-06 -3.89397e-07
-3.46238e-07 -1.67676e-08
-1.52498e-07 -2.33478e-07
4.45863e-07 4.55429e-07
-1.07188e-06 1.31399e-07
1.7874e-06 -3.48156e-08
2.70817e-07 -3.49611e-07
8.31452e-07 -3.28771e-07
-1.15395e-07 6.19387e-07
1.52052e-06 1.03951e-07
1.61294e-06 -5.95034e-07
4.99421e-07 -4.65561e-07
5.42377e-07 -4.63086e-07
1.00445e-06 -2.91773e-07
2.65501e-07 5.71156e-07
-2.35338e-07 5.09728e-07
8.33327e-08 -1.83309e-08
-1.38687e-06 2.98263e-07
1.71814e-06 -2.95012e-07
8.887e-07 -2.67004e-07
-1.41885e-07 5.65823e-07
3.3138e-07 2.47322e-07
-1.24162e-06 -1.75777e-07
6.55273e-07 3.73389e-07
1.48877e-06 2.99081e-08
-4.57254e-07 -1.80957e-07
1.19244e-06 6.60722e-07
1.14481e-06 -2.34816e-08
5.9301e-08 -1.76402e-08
-1.26668e-06 5.72108e-08
-1.6765e-09 2.62199e-07
4.04445e-08 5.94906e-07
-1.80483e-06 4.36811e-07
-1.62472e-06 4.78738e-08
-1.37328e-06 1.85691e-07
-9.74509e-07 -3.65806e-07
1.01101e-07 5.63861e-07
1.68029e-06 -4.73146e-07
6.91487e-07 -3.7686e-07
-1.68801e-07 -3.66531e-07
1.01188e-07 -5.38581e-07
-1.27854e-06 -3.93525e-07
-6.83293e-07 6.91034e-07
-7.96113e-08 -5.06619e-07
9.82823e-07 4.15686e-07
-4.22709e-07 -5.90441e-07
-1.66671e-06 2.74572e-07
5.23201e-07 -3.84705e-07
-2.20258e-07 -5.8921e-07
2.8514e-07 4.61012e-07
1.35822e-06 -2.95798e-08
-8.34418e-07 5.39946e-07
4.57607e-07 -2.94241e-07
7.60888e-07 1.26882e-07
8.75514e-07 5.0237e-07
1.26555e-06 -6.4731e-07
-2.86831e-08 -6.54671e-07
9.56379e-07 1.6112e-07
1.4107e-06 -6.68253e-07
-8.00821e-07 -1.23388e-08
-9.21006e-07 6.78502e-07
-8.12111e-07 -3.21463e-10
1.37638e-06 -6.55197e-07
1.61478e-06 -3.73905e-07
1.51439e-06 -6.66834e-07
-4.07463e-07 4.80603e-07
4.60963e-07 -6.93519e-07
-2.61839e-08 -5.74553e-08
-8.98365e-07 -5.15794e-07
-1.35894e-06 4.77306e-07
-1.52054e-06 -3.33611e-07
6.90966e-07 -3.80869e-07
1.4025e-06 1.8044e-07
1.53777e-06 -9.85121e-08
-1.20212e-06 3.68309e-07
1.32785e-06 -6.15234e-07
1.72686e-06 2.37533e-07
-1.40237e-06 3.31991e-07
1.45657e-06 2.49954e-07
1.76971e-06 -4.63897e-07
-2.23571e-07 -6.43529e-08
-1.55351e-07 -2.50396e-07
-7.23846e-07 -3.84583e-07
-1.32139e-06 3.11437e-07
1.05313e-06 -2.20841e-07
-4.60929e-07 -4.74306e-07
1.04147e-06 -1.40837e-07
7.72005e-07 -2.01007e-07
-8.66089e-07 3.95755e-07
4.38765e-09 -3.98345e-07
-1.00993e-07 -3.97656e-07
7.04618e-07 8.86053e-08
-1.45913e-06 3.58399e-07
-4.80768e-07 -1.07829e-07
-3.54875e-07 -3.678e-08
1.55894e-06 -1.06239e-07
4.49513e-07 -6.16049e-07
-3.18529e-07 3.25844e-08
-1.46408e-06 2.63997e-07
1.00811e-06 6.79038e-07
3.40656e-07 1.92185e-07
-3.96455e-07 1.40038e-07
1.53562e-07 2.88758e-07
-1.14555e-06 -4.74467e-07
-1.01297e-06 4.44357e-07
-1.4738e-06 2.7622e-07
-1.35916e-06 -2.41638e-08
1.34364e-06 2.04332e-07
2.66494e-07 6.68336e-07
-1.03137e-06 -6.57103e-07
1.71467e-06 -4.91859e-08
-1.59943e-06 2.00955e-07
-7.79555e-07 4.86858e-08
1.7404e-08 -6.49201e-07
3.05967e-07 -1.36977e-07
2.42278e-07 3.67036e-07
-6.81349e-07 -6.49177e-07
1.27403e-07 -5.05321e-07
9.25692e-07 -4.01303e-07
-1.42835e-06 3.92729e-07
1.58053e-06 1.70361e-07
-1.65713e-06 1.41945e-07
-7.68171e-07 -3.31482e-09
-7.44471e-07 -2.09348e-08
9.62972e-07 -4.42231e-07
7.09983e-07 1.44648e-07
8.25828e-07 -4.52475e-07
-1.18228e-06 6.36732e-07
-5.83363e-07 -3.84348e-07
-1.34232e-06 6.98707e-07
1.83886e-07 -5.37015e-07
-9.03247e-07 -1.86012e-07
-1.84448e-07 6.2522e-07
4.11643e-07 -4.36289e-07
1.17845e-07 5.37976e-07
-8.34123e-07 -3.25495e-07
-1.06456e-06 4.35297e-07
1.33846e-07 -4.6038e-07
-2.42593e-07 -6.79218e-07
-1.18034e-06 4.75972e-07
1.41795e-06 -1.74783e-07
2.51005e-08 4.90119e-07
4.87722e-07 3.60296e-07
4.77075e-08 2.86559e-07
-1.35772e-06 -2.58489e-07
-1.52682e-06 -9.99646e-08
-1.04131e-06 4.13753e-07
-1.02494e-06 6.97717e-07
1.52259e-06 6.16139e-07
-8.21135e-07 1.31075e-07
-1.42909e-07 1.90268e-07
2.52313e-07 5.68297e-07
-1.66595e-06 -1.07549e-07
1.79308e-06 -4.10378e-07
-1.07415e-06 2.75284e-08
-1.89901e-07 -5.65119e-07
-1.61086e-06 -9.20112e-08
4.03728e-07 3.68517e-07
-1.14011e-07 -6.13771e-07
-4.38352e-07 1.90022e-08
2.98885e-07 1.44784e-07
-2.92402e-07 -3.72722e-07
1.36349e-06 3.48475e-07
-1.67398e-06 -4.01829e-07
1.5961e-06 8.12824e-08
9.09046e-07 2.29625e-07
-1.69555e-06 -8.51522e-08
1.09954e-06 -2.62071e-07
-6.4796e-07 5.25843e-07
-8.966e-07 5.55132e-07
4.186e-07 -3.23702e-07
6.96557e-07 4.50508e-08
3.98947e-07 9.85174e-08
1.12474e-06 -4.64045e-08
3.01191e-07 -6.02072e-07
8.96537e-07 3.73632e-07
1.56538e-06 -2.26983e-07
-1.0358e-06 -1.4362e-07
1.3924e-06 -5.41716e-07
-1.4017e-06 1.82587e-07
-7.18102e-07 3.15394e-07
7.88595e-07 -2.89987e-07
-1.2546e-06 -2.2324e-07
1.31621e-06 3.65677e-07
-1.71452e-06 -9.76066e-08
-7.87495e-07 -2.85084e-07
-5.95146e-07 -5.48115e-07
7.69875e-07 4.3035e-07
-8.45174e-07 -6.57067e-07
1.12702e-06 1.50198e-07
-1.657e-06 5.53131e-07
4.19294e-07 5.40247e-07
-2.51616e-07 -6.52903e-09
8.99484e-07 2.33209e-07
1.5892e-06 1.49313e-07
4.99586e-07 -3.66264e-07
-1.59423e-06 6.82169e-07
7.39471e-07 -5.74699e-07
-1.73255e-06 5.34701e-07
-2.48821e-07 2.89907e-07
-1.44741e-07 -3.65312e-07
1.29755e-06 -3.13373e-07
9.9341e-07 4.34226e-07
-4.24329e-07 5.78156e-07
2.6932e-08 5.7717e-07
1.77796e-06 5.6967e-07
-1.17947e-06 -5.74797e-07
1.43305e-06 1.81681e-07
-4.65247e-07 -3.99948e-08
-9.51359e-07 -5.55472e-07
-7.35988e-07 3.82569e-07
7.96806e-07 5.95798e-07
9.8853e-07 -2.53022e-07
1.99287e-07 -2.04697e-07
9.25584e-07 -4.04042e-07
8.35215e-07 1.0812e-07
2.16938e-07 5.83366e-07
-1.13932e-06 3.36816e-07
-1.66545e-06 3.24262e-07
-1.49397e-06 6.99995e-07
6.25561e-07 3.8109e-07
-1.72688e-06 5.81315e-08
-4.86245e-07 -3.71236e-07
-9.52329e-07 -4.1299e-07
-8.89911e-08 -5.8901e-07
1.61045e-06 7.11162e-08
5.35732e-07 6.55258e-07
9.95582e-07 -2.50387e-07
1.67355e-06 5.68215e-07
-6.55902e-07 4.62583e-07
8.48934e-07 5.24056e-07
-1.36126e-06 3.30451e-07
1.1589e-06 -2.10179e-07
4.04232e-07 2.20727e-07
8.9246e-07 4.18547e-07
1.32378e-06 4.17237e-07
2.31107e-07 4.91034e-07
5.1833e-07 -5.07779e-07
2.76934e-07 5.45322e-07
8.98645e-07 -6.7913e-07
1.78136e-06 -3.37883e-07
-5.45198e-07 3.23315e-07
-7.41737e-07 2.37898e-07
1.09517e-07 1.52237e-07
-1.54754e-06 -1.40262e-07
-3.96762e-07 -3.84423e-07
1.71555e-06 -4.95981e-07
1.57305e-06 -8.79233e-09
1.10442e-06 9.17071e-08
-7.66532e-07 -6.73141e-07
6.13943e-07 2.73326e-07
1.6402e-06 -2.42394e-07
9.55967e-08 3.09875e-07
-6.892e-07 -3.40925e-07
3.49351e-07 5.64087e-07
1.59469e-06 -5.41541e-07
-9.04442e-07 4.79465e-08
-4.38606e-07 1.66686e-07
9.70931e-07 4.81973e-07
1.44906e-06 -1.5241e-07
-1.09295e-06 -2.9224e-08
9.94607e-07 -6.73688e-07
-1.23065e-06 7.88196e-08
1.80511e-06 2.45497e-07
-1.24826e-06 5.29759e-07
7.94353e-07 5.06743e-07
2.26591e-07 -5.82859e-07
-1.81487e-06 1.87011e-08
-4.19221e-07 5.96903e-07
1.5442e-06 -1.70443e-07
-1.07001e-06 3.19591e-08
1.42074e-06 5.64903e-07
-1.79887e-07 -3.48868e-07
1.3473e-06 -1.74917e-07
4.41084e-07 -2.7491e-07
-2.42227e-07 -3.18018e-07
1.45183e-07 3.12009e-07
1.28884e-06 4.70334e-07
1.50738e-06 4.98535e-07
-1.07607e-06 1.27318e-07
-1.65167e-06 -2.10108e-07
-8.83144e-07 -5.25156e-07
-4.00978e-07 1.62406e-07
1.15657e-06 4.50709e-07
8.63082e-07 -6.7999e-07
-3.66389e-07 -5.16558e-07
1.64282e-06 5.10579e-07
-1.58806e-06 -2.65661e-07
5.13669e-07 -5.75926e-07
5.16887e-07 -4.71742e-07
-4.15159e-07 3.96059e-07
8.96061e-07 -5.71914e-07
7.24052e-07 6.71694e-07
6.03834e-07 4.03826e-07
2.78783e-07 -6.95609e-07
9.57465e-07 -4.41718e-07
-2.30493e-07 8.93502e-08
3.9606e-07 -2.85658e-07
1.4091e-06 2.67993e-07
-7.3036e-07 -6.99961e-07
1.23081e-06 4.90424e-07
-1.34591e-06 4.68722e-07
-1.33212e-06 2.9437e-07
6.60392e-07 -2.31211e-08
4.91748e-07 2.50647e-07
1.05781e-06 -2.00407e-07
-1.30107e-06 -7.19748e-09
-6.41682e-08 2.28377e-07
-1.39513e-06 6.06212e-08
8.67897e-07 -6.63638e-07
1.81431e-06 -2.97627e-07
-1.14242e-06 -1.86156e-07
1.23292e-06 8.28479e-08
-1.39262e-06 5.64681e-07
7.96088e-07 5.96445e-07
9.1945e-07 -5.32699e-07
1.39983e-06 5.55895e-07
-1.64741e-06 1.52818e-08
5.0211e-07 2.64017e-07
1.3303e-06 4.63462e-07
1.82078e-06 -4.64244e-07
1.23975e-06 -6.99647e-08
-2.388e-07 1.42998e-07
2.25757e-07 -6.98011e-07
-1.1118e-06 6.77499e-07
1.93043e-07 4.82112e-07
1.28359e-07 5.50253e-08
-5.0972e-07 -9.14028e-08
-1.24475e-06 4.6557e-08
-1.37573e-06 1.77485e-07
-1.33593e-06 5.23868e-07
-8.4939e-07 -6.68319e-07
2.14303e-07 5.74876e-07
1.704e-06 -3.13163e-08
1.62295e-06 6.08334e-07
4.89877e-07 4.58785e-07
6.16463e-08 -3.08629e-07
4.4706e-07 3.52387e-07
5.28293e-07 -1.99805e-07
9.75842e-07 -6.8105e-07
1.30142e-06 3.94067e-07
-1.05884e-06 1.64645e-07
-1.22318e-06 -1.25737e-07
4.93578e-07 4.85378e-07
-5.68904e-07 -2.13834e-07
-8.14403e-07 2.03319e-07
-4.707e-07 5.71628e-07
-9.78715e-07 5.8564e-07
1.72862e-06 -4.55276e-07
-1.33312e-06 3.22771e-07
-9.63323e-07 1.13546e-07
6.01698e-07 -3.4307e-07
-1.41546e-06 -3.65375e-07
5.36582e-07 2.15725e-07
1.63173e-06 3.48807e-07
-1.31656e-06 5.77927e-07
-6.71589e-08 5.16065e-07
-7.95879e-07 -5.74318e-07
-5.79587e-07 -3.20862e-07
9.88444e-07 -3.21909e-07
1.39607e-06 4.16123e-07
1.20743e-06 -6.21841e-07
-9.18557e-07 1.84242e-07
1.41938e-06 2.54727e-07
9.11286e-07 -5.56832e-07
8.26163e-07 3.33257e-07
-1.19372e-06 2.0768e-07
1.53684e-07 7.8493e-08
3.2376e-07 -5.10873e-07
-1.44362e-06 9.60044e-08
-8.8805e-07 -1.67374e-07
-4.46554e-07 1.38802e-07
7.44567e-07 6.32633e-07
1.1958e-06 -3.39704e-07
1.01919e-06 4.29643e-07
-1.39376e-06 -6.0119e-07
-1.09725e-06 4.95079e-07
-7.43814e-07 -1.81618e-07
1.62759e-06 2.85806e-07
-1.79435e-06 -5.12641e-07
5.95556e-07 -2.98711e-07
3.85e-08 -5.8208e-07
-1.27702e-06 3.93949e-07
1.75019e-06 1.24773e-07
-5.86549e-07 6.2635e-07
2.34964e-07 8.66847e-08
-5.61943e-07 1.564e-07
-1.0345e-06 2.39828e-08
-1.78556e-06 -1.57255e-07
-1.30909e-06 2.73499e-07
-2.28737e-07 3.00952e-07
6.25522e-07 9.79536e-08
7.43419e-07 -4.77121e-07
-1.61367e-06 -6.17629e-07
-4.60008e-07 6.89009e-08
-7.73221e-07 -4.78969e-07
-5.50874e-07 -1.77486e-07
1.22897e-06 6.43958e-07
4.30035e-08 1.18432e-07
-2.33653e-07 -2.7616e-07
1.27529e-06 -4.69435e-07
-1.3729e-06 6.22763e-07
-1.42409e-06 -9.33075e-08
-9.80954e-07 6.8583e-07
-2.0326e-07 5.91822e-07
-9.46857e-07 1.1126e-07
-5.66228e-07 8.22538e-08
-1.0082e-06 6.25092e-07
6.76805e-07 4.20139e-08
6.93415e-07 5.32971e-07
4.37245e-07 -1.14161e-07
-1.19236e-06 -1.2551e-07
6.80574e-07 -2.23797e-08
5.66432e-07 -4.07769e-07
7.8893e-07 -6.85179e-07
9.83406e-07 1.75764e-07
-1.50632e-06 2.55664e-07
1.80738e-06 -5.31275e-07
9.31368e-07 -1.45611e-07
-1.10312e-06 -1.2042e-07
-1.21311e-06 -2.261e-07
1.25178e-06 -4.03455e-07
1.77846e-06 -4.25988e-07
8.00507e-07 6.20478e-07
-4.21608e-07 -1.19076e-07
1.16863e-07 -5.62839e-07
-4.77511e-07 -4.26866e-07
1.68327e-06 1.281e-07
-2.54503e-07 2.84634e-07
6.71781e-07 6.82719e-07
1.39964e-06 5.97871e-07
-4.55297e-07 4.79456e-08
6.14836e-07 -6.52765e-07
1.49959e-06 -6.42446e-07
-1.77405e-06 -5.02176e-07
3.23672e-07 -6.5511e-07
3.87093e-07 4.04301e-07
1.33496e-06 8.26098e-08
-1.21121e-07 -1.67624e-07
1.17121e-06 3.79846e-07
1.28306e-06 -6.08701e-07
-9.41966e-07 -5.15811e-07
-1.49792e-06 -2.18295e-07
-3.08362e-07 6.80206e-08
1.55591e-06 -3.4603e-07
1.77611e-06 -2.57655e-08
1.82223e-06 -9.92699e-08
1.64423e-06 5.62099e-07
-1.36648e-06 -5.97243e-07
8.96496e-07 1.09306e-07
1.20353e-06 -2.19749e-08
-9.86263e-07 6.55751e-07
-2.74025e-07 5.13348e-08
-6.39137e-07 -2.84767e-07
-8.76237e-07 -2.64569e-07
1.0444e-06 -2.6075e-07
-4.01231e-07 -6.28375e-07
-7.11125e-07 5.19124e-07
-1.28876e-06 5.82264e-08
1.41949e-06 -1.58488e-07
-5.71823e-07 9.34691e-08
1.11759e-06 -4.36202e-07
8.84028e-07 -1.55943e-07
-6.19126e-07 6.80123e-07
1.31159e-06 -4.58656e-07
1.5539e-06 -1.82771e-07
1.71942e-06 4.89967e-07
-2.00691e-07 -2.07177e-07
-4.74461e-07 -1.10227e-07
-2.24399e-08 -3.64457e-07
-1.79976e-06 -4.291e-07
1.10283e-06 4.50417e-07
7.84781e-07 -6.6491e-07
-1.4328e-07 1.16316e-07
1.73624e-06 -2.39865e-09
1.07191e-06 5.91632e-07
-6.97307e-07 3.88297e-07
1.78189e-06 6.18225e-07
-1.05181e-06 4.2745e-09
-1.60684e-07 -3.65426e-07
4.99189e-07 1.05986e-07
-1.09293e-06 -6.19615e-07
1.24433e-06 -2.48603e-07
-7.02257e-07 4.49548e-07
-9.98109e-08 -6.83739e-07
-1.74361e-06 -2.19394e-07
1.38999e-06 -3.24944e-07
1.19391e-06 -2.02811e-07
-1.67329e-06 1.15634e-07
-1.32855e-06 3.52669e-07
-1.20189e-06 4.32859e-07
3.53718e-07 -6.18781e-07
8.59928e-07 -1.89499e-07
6.21371e-07 -1.53327e-07
-4.79995e-07 -3.75753e-07
-6.45795e-08 3.39247e-07
-1.00511e-06 2.6461e-07
-1.45879e-06 -3.80968e-07
1.55374e-06 -2.61075e-07
1.20386e-06 -1.10588e-07
-1.18069e-06 -1.52062e-07
2.62805e-07 5.18597e-08
-9.97339e-08 -7.43061e-08
8.08285e-07 -6.25838e-07
8.19268e-07 -4.76501e-07
-1.18871e-06 -3.38634e-07
5.92724e-07 6.8779e-07
-1.7419e-06 -7.88325e-08
-3.91485e-07 2.21068e-07
-1.82221e-06 2.23479e-07
-1.11425e-06 -3.56789e-07
1.48012e-06 -4.6564e-08
-1.34495e-06 5.33385e-07
1.36917e-06 -2.84175e-07
-1.56854e-07 6.58968e-07
1.65569e-06 -6.13612e-07
7.1907e-07 4.24462e-07
8.59703e-07 4.35854e-07
-2.26613e-07 -4.85143e-07
5.72633e-07 -4.74675e-07
-1.4952e-06 6.73639e-07
1.71632e-07 -5.05462e-07
-2.84372e-07 2.93064e-07
1.56782e-06 1.96954e-07
-1.73658e-06 -1.9e-07
-4.65089e-08 2.52947e-07
1.80097e-06 -3.06736e-07
1.2339e-06 4.26924e-07
4.55547e-07 -2.45751e-07
-1.60619e-06 -6.62776e-07
-5.9013e-07 -6.18421e-07
7.16334e-07 3.40911e-07
1.18777e-06 -4.76185e-07
-9.38663e-07 -3.10512e-07
-1.61866e-06 -5.78228e-07
1.58438e-06 4.70146e-07
1.1462e-06 -3.77718e-07
1.27274e-06 -4.46581e-07
1.49795e-06 4.79351e-07
2.35271e-07 5.70832e-07
-3.38433e-07 -6.06103e-07
-3.00974e-07 1.43421e-07
-1.56715e-06 1.57453e-07
4.68024e-07 1.57361e-07
3.97528e-07 -2.28378e-07
1.45255e-06 1.16209e-07
-1.42373e-07 -5.50562e-07
-7.25749e-07 -4.06177e-07
1.60477e-06 -2.2417e-07
-1.63338e-06 -5.9859e-07
1.16713e-06 1.18275e-07
-1.55718e-06 -4.80171e-07
1.67269e-07 3.576e-07
-1.65002e-06 -5.15621e-07
2.05409e-07 4.48522e-07
1.17283e-06 -6.12129e-07
1.08369e-06 -2.66999e-07
1.69042e-06 -4.53704e-07
2.03312e-07 2.15225e-07
5.50939e-07 -1.97133e-07
1.23651e-06 -3.68185e-07
1.18165e-06 -6.33028e-07
-1.09625e-07 5.06233e-07
-1.98322e-07 -3.98139e-07
-1.69111e-06 -4.48738e-07
-2.01289e-07 2.42129e-07
-8.78302e-07 -8.30719e-08
6.48722e-07 -8.67353e-08
9.31615e-07 -4.64984e-07
5.47736e-07 -6.48073e-07
-1.75394e-06 -2.16929e-07
-5.02012e-07 5.49749e-07
3.06846e-07 -2.37641e-07
-1.28891e-06 -1.80229e-09
-5.97494e-07 -6.44783e-07
7.89081e-07 1.38111e-07
-1.05858e-06 5.26456e-07
7.68355e-07 -2.52181e-08
-1.12933e-06 -6.98565e-07
2.47092e-07 -2.21543e-07
5.79213e-07 4.23973e-07
6.76019e-07 2.33404e-07
-1.3601e-06 6.71289e-07
7.50414e-07 7.19055e-09
-1.72203e-07 -2.99769e-08
1.97316e-07 2.57381e-07
1.70208e-06 1.40613e-07
-1.13766e-07 -4.15358e-07
1.07715e-08 1.65813e-07
1.29197e-06 6.46879e-07
5.39704e-07 -4.32434e-07
-1.80515e-06 -4.03405e-07
-1.0154e-06 2.4081e-07
1.21902e-06 -2.36989e-07
-1.61716e-06 2.51828e-07
-9.43432e-07 -4.77095e-07
1.18618e-06 -4.70315e-07
4.37896e-07 -2.40964e-07
3.72947e-07 -2.25124e-07
8.10598e-07 -4.06302e-07
1.48778e-06 -3.57639e-07
-7.36898e-07 6.69212e-07
8.35736e-07 -3.76881e-07
9.33205e-07 9.49366e-08
3.70144e-07 -4.21063e-08
-8.32636e-07 7.68631e-09
1.37218e-06 2.10521e-07
-6.97407e-07 -2.33694e-07
1.62749e-06 -3.63688e-07
-1.64571e-06 -3.77281e-07
-1.50693e-06 -4.66677e-07
-1.49062e-06 -5.51322e-07
5.39701e-07 3.77707e-07
1.05559e-06 1.02001e-07
-1.62744e-06 1.65303e-07
-4.58364e-07 -5.06251e-08
-1.0102e-06 5.32815e-07
1.41821e-07 1.61969e-07
-6.73956e-08 3.60126e-07
1.46857e-06 3.88043e-07
-9.28242e-07 -1.17932e-07
-4.35002e-07 -3.70921e-07
-3.2907e-07 -1.32767e-07
1.07279e-06 -2.35065e-07
-4.59072e-07 4.9689e-07
3.36359e-07 1.31983e-07
5.92643e-07 1.94125e-08
-1.11971e-06 -1.54412e-07
-8.63634e-07 -5.82601e-07
1.30423e-07 5.68434e-07
1.33282e-06 -4.2328e-07
9.90551e-07 2.90426e-07
9.38852e-09 -6.6724e-07
-3.15982e-07 3.28625e-09
4.0822e-07 -3.84974e-07
1.46324e-06 -5.91843e-07
-2.01405e-07 -2.78036e-07
7.16257e-07 6.91379e-07
-1.13404e-06 5.68262e-07
2.38031e-07 -4.00845e-08
-1.42143e-06 -4.8614e-07
5.16895e-07 2.07422e-07
-4.97621e-07 6.97335e-07
1.4182e-06 2.80807e-07
1.31154e-06 6.84942e-07
-1.33671e-06 5.70065e-07
1.24159e-06 -2.35936e-07
5.07004e-07 -2.74646e-07
6.73977e-07 4.96196e-07
1.3669e-06 -2.44587e-08
-2.6496e-07 2.20155e-07
-1.15107e-06 2.49192e-07
3.60652e-07 -8.66005e-08
-2.51742e-07 -1.80966e-07
-1.7249e-06 3.09978e-07
1.49496e-06 -5.10078e-07
-2.45139e-07 -1.6393e-07
-7.7524e-07 -4.25431e-07
-1.42792e-06 -1.3692e-07
1.54058e-06 5.67517e-07
-1.28671e-06 -2.04902e-07
2.60202e-07 1.54854e-07
1.0981e-06 2.38546e-07
1.36096e-06 5.02492e-07
-1.29151e-06 4.44029e-07
1.49785e-07 4.5994e-07
1.82276e-06 6.09589e-07
4.32326e-07 3.68248e-07
-8.93519e-08 6.32567e-08
-1.57629e-06 -4.64195e-08
1.38757e-06 4.86507e-07
7.70522e-07 1.95685e-07
5.98928e-07 -8.42964e-08
-7.29786e-07 -3.67517e-07
1.24423e-06 4.59924e-08
6.08575e-07 7.79309e-08
-1.33323e-06 5.28677e-08
-1.83304e-07 2.58007e-07
1.71284e-06 3.11913e-08
-1.54868e-06 -5.19786e-07
-6.49567e-07 -6.93476e-07
-8.05969e-07 2.88713e-07
1.75977e-06 6.63231e-07
1.59229e-06 4.71331e-07
-2.93297e-07 2.87478e-07
1.7692e-06 9.70952e-08
1.3063e-06 -2.71893e-07
2.68089e-07 -5.52089e-07
1.77405e-06 -3.16552e-07
4.88497e-07 -4.20108e-07
9.1273e-07 1.72251e-07
-6.60876e-07 6.13093e-07
7.27205e-07 4.70503e-07
1.23865e-06 3.00151e-07
1.3291e-06 -2.6727e-08
-5.3267e-07 -2.91104e-07
-1.49739e-06 5.52381e-07
9.91188e-07 3.58127e-07
1.24234e-06 4.69006e-07
-1.28869e-06 4.03844e-07
6.56047e-07 -4.39043e-07
-1.40011e-06 -4.98649e-07
9.80009e-09 4.9661e-07
5.76851e-07 1.70051e-07
1.11581e-06 -1.10482e-08
-6.86133e-07 -6.58089e-07
1.73912e-06 -2.88255e-07
1.49214e-06 -3.20241e-07
-4.0036e-07 5.8127e-07
1.15e-06 2.41267e-07
-1.58168e-06 -5.7642e-07
1.00665e-06 4.95551e-07
-8.40877e-07 4.25158e-07
1.18917e-06 6.59077e-07
1.07565e-06 6.49957e-07
-1.64089e-06 -4.24055e-07
-1.65958e-06 -6.83455e-07
8.89527e-07 -6.68265e-07
1.09016e-06 -8.54862e-08
4.83136e-07 -4.13651e-07
9.15684e-07 2.18601e-07
1.70621e-06 -6.98351e-07
6.48587e-07 5.93048e-07
4.43539e-07 2.92635e-07
1.60129e-06 -3.91601e-07
-1.46079e-06 1.69814e-07
-7.89077e-07 4.22106e-07
-1.10921e-06 5.37628e-07
2.35935e-07 2.52604e-07
7.51264e-07 3.01981e-07
-1.57893e-06 -6.31763e-07
6.51521e-07 -4.10645e-07
1.17402e-06 4.55539e-07
-1.68209e-06 -3.69163e-07
7.42361e-07 3.44689e-07
-1.50218e-06 -2.52312e-07
-5.92531e-07 -2.35644e-07
6.4744e-07 -2.13056e-07
-1.67125e-06 2.29626e-07
-9.86917e-07 -1.87893e-07
5.0876e-07 -8.623e-08
-1.48506e-06 -5.1041e-07
5.63455e-07 4.46967e-07
-1.33843e-06 6.50833e-07
1.37727e-07 -3.97058e-07
3.50556e-07 -4.99157e-08
-1.60597e-06 -1.75076e-07
-7.29171e-07 -6.32688e-09
-1.13742e-07 3.13447e-07
-2.17113e-07 -4.00034e-07
3.55302e-07 5.98697e-07
-1.16632e-06 7.18804e-08
3.41954e-07 3.72745e-07
1.63737e-06 -3.24539e-07
-3.82693e-07 3.08488e-07
5.48751e-07 2.73507e-07
1.68696e-06 3.58646e-08
2.97491e-07 2.97417e-07
-1.05547e-06 6.23265e-07
5.50632e-07 1.47605e-07
-4.27812e-07 3.13166e-07
-1.20066e-06 7.66026e-08
-4.44066e-07 -1.53171e-07
1.23519e-06 -1.8764e-07
-5.94981e-07 -3.22563e-07
1.16103e-07 -4.22522e-07
1.31016e-06 -1.20366e-07
-3.51337e-07 3.96606e-07
-1.38232e-06 -1.30393e-07
-6.94149e-07 -3.69582e-07
-9.98834e-07 -1.70563e-07
-1.45974e-06 3.55752e-07
-2.2927e-07 -1.24952e-08
1.38469e-06 -1.21109e-07
1.77074e-06 5.78888e-07
9.23556e-07 2.12079e-08
1.26688e-06 5.62968e-07
5.11591e-07 6.52933e-07
-9.16448e-07 -3.18279e-07
2.86741e-07 -5.60122e-07
-1.81486e-07 4.78918e-07
-1.76421e-06 -6.4879e-07
-6.07432e-07 6.0168e-07
1.22335e-06 -4.19783e-07
2.96595e-08 -3.62827e-07
1.31425e-06 6.1481e-08
-2.4623e-07 -2.5381e-08
7.87409e-07 2.58273e-08
4.3348e-07 -1.09464e-07
6.58442e-07 -6.44465e-08
-1.1796e-06 1.29568e-07
1.10379e-06 -3.69259e-09
2.51381e-07 5.7288e-08
1.45741e-06 -4.99864e-07
1.44278e-06 -6.00821e-07
-9.01375e-07 -2.68826e-08
-1.89985e-07 2.09119e-07
-6.29273e-07 4.05322e-07
-1.75721e-07 -5.71543e-07
-4.27891e-07 6.31642e-07
-1.21947e-06 -2.59473e-07
1.77154e-06 6.88697e-07
1.25702e-06 -1.78957e-07
1.58941e-06 -6.31167e-07
-5.5931e-07 -1.26994e-07
-1.70682e-06 4.21952e-07
1.61753e-06 -6.86245e-07
-9.68979e-07 -4.04915e-07
-7.97049e-07 6.40782e-07
-7.13321e-08 -6.18638e-07
3.74641e-07 -4.20354e-07
-1.47618e-07 -4.44768e-07
-2.13405e-07 4.02351e-07
1.95021e-07 -5.41958e-07
8.13117e-08 -6.49186e-07
1.47007e-06 6.15198e-07
6.3469e-07 -9.09887e-08
-1.68616e-06 -2.61917e-07
-5.59479e-07 -4.51533e-07
-5.27706e-07 -5.49461e-07
1.82272e-06 2.03356e-07
1.04306e-06 -3.46886e-08
-1.13555e-06 -5.84286e-07
1.58835e-07 -5.98362e-08
-1.37049e-06 6.51312e-07
-3.69967e-07 -9.42753e-09
-7.85095e-07 -5.06523e-07
-1.38292e-06 6.13773e-07
1.50497e-06 -6.1074e-07
9.54378e-07 -2.7846e-07
-1.80045e-06 -2.67989e-07
-9.17105e-07 1.489e-07
1.50639e-06 3.65532e-07
-7.87088e-07 1.76292e-09
-7.26226e-07 2.49188e-07
-5.14826e-07 -3.61668e-09
-6.93978e-07 -5.75173e-07
8.89073e-07 4.21153e-07
6.66611e-07 5.9067e-08
1.36983e-06 -6.89119e-07
1.79314e-07 -5.17441e-07
-4.43722e-07 -5.76162e-07
9.15557e-07 -4.29686e-07
2.40287e-07 -6.55417e-07
1.17025e-06 2.34946e-07
-1.2462e-06 -6.15571e-07
1.08365e-06 -4.28605e-07
1.16533e-06 7.94288e-08
-1.49855e-06 -3.34348e-07
1.77181e-06 3.95679e-07
9.19401e-07 1.98617e-07
2.22912e-07 4.27906e-07
1.68239e-06 -5.45918e-08
-7.12954e-07 4.80402e-07
-1.71552e-06 -5.23246e-07
1.18647e-06 -3.11156e-07
-8.68052e-07 -9.04059e-08
4.43974e-07 -5.11074e-07
1.62622e-07 -2.68998e-07
7.23689e-07 1.95374e-07
6.07287e-07 -1.66746e-07
1.22653e-06 4.44783e-08
6.58915e-07 6.67452e-07
-9.0322e-07 -3.46542e-07
-1.62939e-06 -4.45307e-07
1.43598e-06 -4.09588e-07
-1.46689e-07 5.07681e-07
9.20492e-08 1.41039e-07
1.58171e-06 7.01608e-08
2.80691e-07 4.40264e-07
-7.6533e-07 -6.91978e-07
-6.36221e-07 3.86802e-07
-1.30962e-06 -4.28686e-07
1.65324e-06 5.40583e-07
5.29133e-07 8.79063e-08
1.49727e-06 6.00747e-07
-1.19414e-06 -2.06978e-07
-1.14025e-06 -4.28031e-07
-1.02112e-06 6.64511e-07
1.10815e-06 6.0619e-08
-1.79791e-06 -6.61349e-07
1.36834e-06 4.84434e-07
1.53983e-06 -4.81841e-07
1.24628e-06 -6.65401e-07
-7.59555e-07 -5.5294e-07
-5.21431e-07 5.5963e-07
4.67018e-07 2.31929e-07
1.69361e-06 6.90184e-07
1.35225e-06 -3.66758e-08
3.63367e-07 -3.68349e-07
-6.35716e-07 -4.6472e-07
1.52057e-07 6.34733e-08
2.66847e-07 3.50314e-08
-1.81061e-06 1.28623e-07
-1.5806e-06 1.60479e-07
-9.33562e-08 -6.68205e-07
-5.80574e-07 5.26323e-07
1.8076e-06 -6.15224e-07
-2.02276e-08 2.62595e-08
-1.58069e-06 -6.48362e-07
-1.38465e-06 -4.90328e-08
8.02929e-08 6.23955e-07
1.27131e-06 -3.59367e-07
1.52374e-06 -5.20353e-07
7.32917e-07 -5.85315e-07
5.00812e-07 -6.24081e-07
-1.72701e-06 -5.09603e-07
-1.18401e-06 -1.32137e-07
-1.59488e-07 2.22769e-08
-1.77502e-06 -6.40762e-08
9.83353e-08 2.40664e-07
-3.88758e-07 -2.17609e-07
-4.31505e-07 2.58624e-07
2.93392e-07 -9.57328e-08
2.25444e-07 2.82172e-08
-9.17724e-07 -2.81271e-07
-4.75109e-07 1.18703e-07
1.61133e-07 -4.61876e-07
-1.30621e-06 8.22013e-08
-1.08161e-06 -6.80222e-07
-1.30769e-06 -6.0174e-07
-1.23174e-06 1.41144e-07
1.50163e-06 1.54644e-07
-1.48894e-06 -2.96005e-07
7.06996e-07 -2.73158e-07
5.00019e-07 -2.72302e-07
-5.56507e-07 -2.42811e-07
1.12647e-06 7.75638e-08
1.45157e-06 -3.65109e-07
1.17972e-06 4.47944e-07
-2.57404e-07 -4.92813e-07
-3.05083e-07 -4.85629e-07
-7.81916e-07 6.0827e-07
-1.72406e-06 1.07636e-07
-1.60506e-06 3.68871e-07
7.7513e-07 6.59136e-07
-1.1421e-06 9.40276e-08
-3.2979e-07 -3.13621e-07
-3.69002e-07 -3.67477e-07
1.52475e-07 9.81432e-08
-8.05665e-08 -1.67344e-07
1.87548e-07 1.37188e-07
1.44004e-07 -2.74668e-07
2.30623e-07 -2.14883e-07
-5.04565e-07 -1.25822e-07
-1.50169e-06 5.21721e-07
8.02312e-07 -5.67034e-07
1.36525e-07 1.95335e-07
-3.47104e-08 -2.30122e-07
-1.33854e-06 -3.61959e-08
8.09162e-08 -6.83662e-09
-5.04422e-07 -2.56718e-07
-7.99639e-07 -4.3451e-07
-1.7732e-06 3.27634e-07
1.41297e-06 4.91493e-07
3.71137e-07 -2.65373e-08
7.80724e-07 -4.28951e-07
-1.66908e-06 5.73192e-07
-6.20307e-07 2.29356e-07
1.24678e-06 2.77005e-07
7.01013e-08 2.62058e-07
1.0469e-06 -3.93651e-07
-1.19311e-06 -5.40117e-07
6.62241e-07 -5.52226e-09
-1.23517e-06 -5.77666e-07
-5.87169e-07 2.6624e-07
1.06797e-06 5.02241e-08
-1.47507e-06 5.59444e-07
-1.95781e-07 2.2001e-07
-6.25372e-07 6.45999e-07
-1.74201e-06 -2.82118e-08
-1.33901e-06 2.91526e-07
1.0784e-06 -5.30025e-07
-7.85748e-07 -4.95818e-07
-5.20312e-07 -6.83638e-07
-1.29172e-06 6.43107e-07
8.53078e-07 -4.99565e-07
-6.93963e-07 -1.85183e-07
8.96663e-07 1.7354e-07
6.08521e-07 1.79488e-07
-1.08904e-07 -6.81147e-07
1.31908e-06 2.12591e-07
3.89982e-07 -5.95857e-07
8.09063e-07 3.04281e-07
1.03777e-06 3.5177e-07
1.52297e-06 6.50459e-07
-1.01412e-06 6.60957e-07
-9.77101e-08 -4.69636e-07
-1.59644e-06 3.70324e-07
-7.13426e-07 -4.55168e-07
-5.67354e-07 -5.45967e-07
-1.00868e-06 3.80523e-07
9.41655e-08 4.57491e-07
2.53079e-07 -2.29205e-07
1.33247e-06 -8.24426e-08
7.92988e-07 -3.41639e-07
1.13277e-06 3.55266e-07
-5.05159e-07 -2.43901e-07
1.37899e-06 1.07968e-07
-1.24766e-06 4.03392e-07
-5.41354e-07 6.04432e-07
1.71201e-06 -1.75922e-07
-1.36966e-06 -2.27474e-07
5.18484e-07 -2.67992e-07
1.90843e-07 5.5454e-07
-1.73755e-06 -2.20703e-07
-1.15697e-06 3.05566e-07
-8.73753e-07 -3.05428e-07
-9.21783e-07 -3.43854e-07
1.69508e-06 2.08179e-07
-1.20205e-06 1.30867e-08
1.04891e-06 2.9385e-07
-1.05912e-06 -3.41768e-07
-5.52541e-07 2.29637e-07
1.36429e-08 -6.23415e-07
-1.25772e-06 2.64551e-07
1.18736e-06 -4.64091e-07
-7.74548e-07 -5.39368e-07
-5.16802e-07 -4.39267e-07
-6.5019e-07 -3.9334e-07
6.943e-07 4.94384e-07
9.16825e-07 5.44375e-07
-1.27008e-06 -5.33971e-07
6.07252e-07 -3.71236e-07
1.73913e-06 -9.76522e-08
4.46762e-07 -1.54459e-07
1.12755e-06 3.63872e-07
9.80049e-07 -3.36795e-07
-3.621e-07 -2.73755e-07
1.26017e-06 2.19657e-07
2.49272e-07 4.82295e-07
1.64949e-06 -6.5221e-07
-1.25988e-06 -3.72842e-07
7.31432e-07 1.97348e-08
1.24362e-06 -1.13336e-07
2.96065e-07 1.94243e-07
-4.44892e-08 8.05355e-08
1.75299e-06 2.03917e-07
-1.6074e-06 -4.65104e-07
1.41584e-06 -4.40846e-07
4.43954e-07 -4.23796e-07
-1.53892e-06 -6.72213e-07
7.48331e-07 4.53703e-07
-2.19507e-07 -6.72983e-07
-7.06355e-07 5.13483e-07
-5.9752e-09 -6.49927e-07
1.56038e-06 6.63314e-07
3.13279e-07 8.58711e-08
2.16544e-08 -1.23332e-07
-1.13042e-06 4.81591e-07
-8.81895e-07 -4.33523e-07
-6.06459e-07 4.51041e-07
-3.46485e-07 6.77629e-07
-8.74065e-07 3.52655e-07
9.94928e-07 3.05846e-07
1.09148e-06 1.3109e-07
-5.88757e-07 2.11591e-07
-3.93518e-07 3.87229e-07
1.58792e-06 -4.95241e-07
1.76678e-06 -5.34452e-07
5.21093e-07 -3.24967e-07
8.7856e-07 3.90015e-07
7.11524e-07 5.04974e-07
-9.98081e-07 -5.23606e-07
-1.03116e-07 -2.99018e-07
1.49463e-06 -6.99623e-07
1.28197e-06 -3.17315e-08
4.88781e-07 -6.18511e-07
1.4926e-06 -4.19409e-07
1.75693e-06 1.439e-07
1.66996e-06 1.70276e-08
-1.16819e-07 -5.49655e-07
-1.67373e-07 -3.85513e-07
1.51523e-06 1.30918e-07
-5.44508e-07 -4.50993e-08
1.47561e-06 -7.86825e-09
1.34782e-06 1.00928e-07
-1.68042e-07 -1.36493e-07
1.09737e-06 -8.12638e-08
8.78949e-07 -6.50912e-07
6.6049e-08 -2.18114e-07
8.47957e-07 -9.96037e-08
1.74049e-06 -1.38928e-07
-1.13212e-06 -7.06451e-08
1.37614e-06 -4.16147e-07
1.45222e-06 2.36914e-07
8.93458e-07 2.3118e-07
-1.20307e-06 2.04676e-07
-1.54779e-06 5.66666e-07
-7.02144e-08 3.27482e-07
1.2342e-06 -3.57291e-08
-1.70195e-06 6.18829e-07
-9.06178e-07 -4.12924e-07
1.69441e-06 1.95723e-07
1.92383e-07 -2.99762e-07
-1.00963e-06 -5.74742e-07
-7.50498e-07 2.47991e-07
-9.21822e-07 -4.3825e-07
1.64297e-06 4.79779e-07
-1.58544e-06 1.17183e-07
-1.15576e-06 -1.08339e-07
7.61065e-07 6.76829e-07
1.37478e-06 -6.62008e-07
1.15104e-06 1.66306e-07
-1.11272e-06 -1.25025e-07
9.39536e-08 6.35647e-07
-1.14349e-06 -2.02842e-07
1.30329e-07 5.84456e-07
-6.30392e-07 5.69242e-07
-1.70949e-06 5.03402e-07
-1.69074e-06 -4.26121e-07
4.67152e-07 5.12545e-07
1.6634e-06 6.19724e-07
-1.27607e-06 3.14529e-07
2.60758e-07 3.02859e-07
-9.91683e-07 -3.39098e-07
1.44565e-07 3.45794e-07
6.83048e-07 -3.69655e-07
1.67044e-06 3.2259e-07
-1.14501e-06 -6.49842e-08
2.61541e-07 6.67688e-07
8.63182e-07 2.27924e-07
-8.80137e-07 4.80062e-07
-2.57293e-07 -5.67065e-07
1.05876e-06 3.16085e-07
2.91452e-08 3.70913e-07
1.64816e-06 4.65671e-07
-1.74487e-06 -6.57415e-07
6.73098e-07 -5.9807e-08
-1.44977e-06 -3.6104e-07
-1.64554e-06 -4.53823e-07
5.88106e-07 -1.15098e-07
1.23708e-06 1.37348e-07
9.48923e-07 6.61438e-07
-1.67401e-06 -7.05268e-08
-1.50939e-06 -1.37599e-07
9.39555e-07 -5.39401e-07
-1.77051e-06 5.96268e-07
1.24325e-06 -3.36878e-08
-1.11465e-06 -5.91408e-07
-6.8622e-07 -5.46619e-07
-8.05147e-09 -6.02521e-07
8.6102e-08 -5.6525e-07
1.52855e-06 -1.27192e-07
-1.11401e-06 -5.38278e-07
-7.49514e-07 3.43726e-07
1.48865e-06 -3.20177e-07
-1.13168e-06 -1.79494e-07
-6.69812e-08 4.67121e-07
-1.4601e-06 -3.35941e-07
-1.6413e-06 -4.53831e-07
-8.56013e-07 3.00973e-07
3.95433e-07 2.87133e-07
4.18697e-07 3.52792e-07
-1.20399e-06 -6.59511e-07
1.05637e-06 -5.96673e-07
1.03563e-06 6.63751e-07
1.136e-06 4.75313e-07
-1.03509e-06 6.99801e-07
1.80668e-06 -6.27569e-07
-6.91209e-07 -4.94253e-07
1.52532e-07 -9.17233e-08
-9.06546e-07 -3.3187e-07
8.92857e-07 2.39025e-07
1.50811e-06 -2.67268e-07
-1.26094e-06 1.12801e-07
1.48975e-06 -8.87497e-08
1.82387e-06 2.39465e-08
-1.69581e-06 -1.93635e-07
2.10888e-07 -1.92976e-07
1.18623e-06 -4.14235e-07
-2.93001e-07 -2.58599e-07
1.36719e-06 3.07835e-07
2.32648e-08 -2.10742e-07
5.68447e-07 3.24884e-07
-9.17905e-07 -4.12236e-07
-8.50142e-07 6.38631e-07
6.79785e-07 -1.6002e-07
-1.39127e-06 3.66813e-09
-2.63082e-07 9.96195e-08
6.85934e-07 -2.85183e-08
3.35542e-07 2.75414e-07
6.69615e-07 2.7512e-07
-7.29048e-07 -6.37906e-07
-8.08665e-07 -6.68639e-09
1.04948e-06 5.29799e-07
7.65115e-07 -3.1953e-07
-2.64777e-07 3.14297e-07
4.29728e-07 4.36554e-07
7.13676e-07 -3.14103e-07
-1.74813e-06 -5.55733e-07
-1.70053e-06 -3.59131e-08
9.90009e-07 4.31333e-07
7.78092e-07 -1.16402e-07
-1.38869e-06 2.75272e-07
-1.69809e-06 3.53975e-07
-1.53325e-06 2.46556e-07
-1.29537e-06 -4.90026e-07
7.72488e-07 -2.13494e-08
5.76046e-07 -6.92623e-07
1.66709e-06 -5.52029e-07
1.00057e-06 5.04029e-07
-1.07371e-06 2.81843e-07
-6.70747e-07 -4.37268e-07
-1.68784e-06 5.47616e-08
-1.56314e-06 2.12814e-07
1.63058e-06 4.47159e-07
1.49371e-06 -2.1821e-07
1.21616e-06 -6.43135e-07
1.44953e-06 -5.61544e-07
-1.6221e-06 4.9779e-07
-3.41162e-07 -3.66631e-07
1.16671e-06 -5.8218e-08
2.61061e-07 6.80597e-07
9.25664e-07 2.11798e-07
-9.29897e-07 3.82636e-07
-5.12719e-07 -2.86275e-07
6.80522e-07 -5.35795e-07
1.06615e-06 -1.70874e-07
-1.42125e-06 4.1153e-07
1.26795e-06 2.10569e-07
1.61371e-06 5.0688e-07
-8.23343e-08 4.76601e-08
6.43053e-07 -5.33032e-08
-1.10384e-06 -5.78726e-07
-9.50248e-08 2.24251e-07
-7.40789e-07 -3.76054e-07
-1.29617e-06 -6.90543e-07
-1.76243e-06 -2.61048e-07
1.84641e-07 2.63757e-07
-1.12695e-06 6.69237e-09
1.0285e-06 6.2127e-07
-1.32713e-08 2.08635e-07
-1.58418e-07 -2.58062e-07
-6.16347e-07 5.95524e-07
-1.16654e-06 1.05283e-07
3.22008e-07 4.27228e-07
1.60262e-06 4.95123e-07
-4.35797e-08 -3.87053e-08
1.63332e-06 -4.03942e-07
-5.3761e-07 6.04455e-07
-8.80015e-07 -1.0114e-07
-9.80497e-08 -2.87982e-07
-3.53567e-07 -4.96051e-07
4.63039e-08 3.12341e-07
-2.70041e-08 5.92419e-07
9.86146e-07 1.21617e-07
1.55692e-06 -3.92451e-07
-9.49211e-08 1.90731e-07
3.70176e-07 -3.74126e-07
-4.3494e-07 -3.97757e-07
6.61536e-07 -4.26955e-07
9.98641e-07 4.92253e-07
1.4258e-06 -5.50982e-07
1.73724e-06 -4.57591e-07
-1.25197e-06 1.08515e-07
-2.36221e-07 1.68689e-07
-9.01642e-07 1.26008e-07
-1.03926e-06 2.19425e-07
9.03408e-07 3.02149e-07
3.60969e-07 4.50733e-07
-9.4487e-08 -4.79417e-07
-1.53647e-06 -4.70188e-07
1.68194e-06 7.55466e-08
-1.63211e-06 -4.4631e-07
-5.31009e-07 -1.39568e-07
-1.79309e-06 -6.14649e-07
6.34316e-07 -5.82464e-07
-6.92508e-07 -6.35465e-07
-1.05877e-06 -4.81439e-07
-1.32029e-06 6.40811e-08
-1.12658e-06 -5.26024e-07
1.22067e-06 2.18409e-07
1.34419e-06 5.05506e-08
1.75986e-06 6.51389e-07
1.33289e-06 3.8785e-07
5.48786e-07 1.00807e-08
-3.62615e-07 -4.66481e-07
2.36394e-07 -7.02504e-08
-1.56323e-06 1.04279e-07
-5.97954e-08 2.05634e-07
6.38852e-07 -2.1254e-07
6.60443e-07 -3.48861e-07
7.38512e-07 -4.00287e-07
-1.10603e-07 -3.64033e-07
1.15535e-06 -3.37841e-07
1.80791e-06 -5.11847e-07
-1.02648e-06 4.76579e-07
1.77694e-06 -4.4082e-08
9.63517e-07 -3.76574e-07
1.556e-06 -6.02762e-07
4.01648e-07 -1.21463e-07
-1.61865e-06 -6.64052e-09
-9.38068e-07 -6.51296e-07
1.65842e-06 9.75184e-08
-2.249e-07 -5.52847e-07
1.62601e-06 6.35762e-07
-1.54202e-06 3.46114e-07
1.37353e-06 -9.25794e-08
1.36733e-06 -1.99912e-07
1.42174e-06 4.95625e-07
-9.40452e-07 1.27644e-07
1.60251e-07 6.55414e-07
6.07325e-07 -6.0664e-07
-3.05873e-07 -1.07411e-07
9.27632e-07 -2.01948e-07
-5.36708e-07 -6.86287e-07
1.21743e-06 -4.60379e-07
-9.26556e-07 1.60062e-08
-7.3881e-07 -2.13554e-07
1.72458e-06 5.34804e-08
1.60367e-06 -5.15141e-07
-1.81404e-06 6.29954e-07
4.98115e-07 -4.87107e-07
-8.6432e-07 -3.69517e-07
-8.82055e-07 -4.82557e-07
-1.65382e-07 -1.87055e-07
9.71881e-08 -3.7699e-07
1.72444e-06 2.13705e-07
-3.65151e-07 -1.56364e-07
7.98402e-07 4.58576e-07
-1.45422e-06 -4.20597e-08
-7.45593e-07 9.50601e-08
1.66335e-06 -2.73445e-07
-1.7895e-06 -5.50668e-08
1.49483e-06 -1.70673e-07
-5.00241e-07 -4.0003e-07
-1.32542e-06 -2.91864e-07
1.07944e-06 -5.62056e-07
-7.60182e-07 -6.2509e-07
1.76632e-06 1.41735e-07
-6.12087e-07 -9.36175e-08
-1.08084e-06 -5.33136e-07
5.31991e-07 -1.58386e-07
1.00707e-06 -1.17568e-07
-1.76988e-07 -3.60249e-07
9.39144e-09 -2.90792e-07
1.59153e-06 -2.4113e-07
-1.61877e-06 -2.34443e-07
1.00844e-06 6.66216e-07
-1.93438e-07 1.81782e-07
-1.76451e-06 5.26596e-07
-3.88958e-07 -6.2354e-08
1.16945e-06 4.35152e-07
-1.67026e-06 -5.24544e-07
1.24085e-06 -4.82194e-08
-8.8156e-07 3.86054e-07
-1.34991e-06 -3.24151e-07
-1.75714e-06 1.81629e-07
1.81876e-06 -3.20539e-07
-4.1721e-09 -1.14117e-07
-4.93345e-07 -6.63469e-07
-1.81279e-07 5.36498e-07
-5.59307e-07 3.91484e-07
-3.87265e-07 -1.99693e-07
-7.99655e-07 -5.19798e-08
1.09903e-06 -1.96674e-07
4.99662e-07 -2.37781e-07
1.75896e-06 6.66023e-07
1.02925e-06 6.69296e-07
-1.59341e-06 4.33634e-08
-1.30987e-06 -2.96285e-07
-5.03633e-07 5.50378e-07
-1.10148e-06 6.05404e-07
1.2055e-06 -4.50622e-07
-1.25307e-06 -1.89872e-08
-9.9809e-07 -6.65834e-07
8.61503e-07 -4.54715e-07
-7.14951e-08 6.30508e-07
-1.05354e-06 -3.54835e-07
-1.4257e-06 -4.77609e-07
1.71415e-06 -5.78003e-07
4.69086e-07 6.43121e-08
5.86613e-07 2.53988e-07
5.63419e-07 -5.51527e-07
1.25928e-06 -2.10396e-07
1.60663e-06 -3.98783e-07
-1.52567e-06 -2.51247e-07
-1.15228e-06 5.94111e-07
-1.41698e-06 -6.88799e-07
1.29488e-06 2.10445e-07
-2.60703e-07 5.04755e-07
1.66027e-06 5.3869e-07
1.70946e-06 1.44721e-07
3.65333e-07 2.44808e-07
3.33543e-08 5.88736e-07
-5.51936e-07 1.47467e-07
-5.36575e-07 1.85686e-07
1.77627e-06 3.33207e-07
1.41278e-06 8.16669e-08
-1.77082e-06 3.02903e-07
-1.20848e-06 7.43485e-08
-6.68672e-07 2.15657e-07
5.05077e-07 4.40981e-07
-1.72107e-06 -4.89364e-07
1.60157e-06 -2.5435e-07
1.21465e-06 -6.4411e-07
2.5807e-08 -5.98819e-07
1.14292e-06 -1.57007e-07
-6.59368e-07 5.47625e-07
1.49765e-06 3.64365e-07
-1.63963e-06 3.52146e-07
-8.86957e-07 5.54064e-07
-1.44728e-06 -2.9006e-07
-1.18474e-06 3.56426e-07
-9.06145e-08 -5.48164e-07
-7.00477e-07 6.91387e-07
2.59433e-08 4.09977e-07
1.02742e-06 -1.46821e-07
-1.80783e-06 -5.0974e-07
-7.60259e-07 -1.18055e-07
1.95114e-07 -5.5826e-07
-9.3785e-08 1.88449e-07
-1.1542e-06 4.74088e-07
-1.13093e-06 1.25254e-07
-2.22342e-07 1.91965e-07
9.18327e-07 -3.2105e-07
7.07816e-07 -3.48229e-07
-5.61895e-07 4.07329e-07
-6.99982e-07 1.33626e-08
-1.53098e-06 -5.01257e-07
5.89972e-07 6.29316e-07
9.60495e-07 -2.29789e-07
-1.41138e-06 2.35928e-07
1.45012e-06 -3.39031e-07
-4.41745e-07 2.34001e-07
-7.23846e-07 -5.95388e-07
1.51499e-06 -4.05802e-07
-1.69367e-07 -5.39637e-07
-1.50782e-06 4.29854e-07
-9.22423e-07 -2.81784e-07
1.42734e-06 -1.74058e-08
6.05626e-07 1.38854e-07
7.36801e-07 -5.95596e-07
-3.54027e-07 -2.21024e-07
-1.19899e-06 -5.65896e-07
-1.95389e-07 -4.02668e-08
1.35028e-06 -2.34827e-07
5.17241e-07 -2.60724e-07
-8.68651e-07 -6.56793e-07
5.39673e-07 3.26417e-07
-1.3804e-06 1.68219e-07
-9.67095e-07 6.45971e-07
1.44689e-06 -1.07291e-07
1.37544e-07 4.45989e-07
1.19134e-07 -3.97032e-07
1.17693e-07 2.40443e-07
6.74717e-07 -1.3933e-08
-1.32428e-06 -1.45425e-09
1.09317e-06 -2.26912e-07
-4.23046e-07 -5.77438e-07
1.43318e-06 -1.22976e-07
-1.29728e-06 -5.83625e-07
-1.54273e-06 1.18571e-07
-1.48925e-06 -4.4883e-07
6.04528e-07 2.32106e-07
6.723e-07 -3.02267e-07
-6.29425e-07 -6.4006e-07
-1.19654e-06 -4.4258e-08
8.01797e-07 -6.07734e-07
-6.02717e-07 -1.71107e-07
1.14367e-06 -6.41671e-07
1.27293e-06 5.19886e-07
2.04447e-07 5.90539e-07
1.23033e-06 3.54081e-07
-1.80002e-06 -4.22419e-07
1.55969e-06 -6.44929e-07
1.35315e-07 4.22373e-08
-7.55526e-07 1.91366e-07
1.53602e-06 -6.1611e-07
-7.62802e-07 -2.99961e-07
-1.2167e-06 -2.38563e-08
1.37415e-06 -5.81846e-07
-1.05645e-06 -2.48546e-07
-1.212e-06 2.91732e-07
1.22452e-06 3.9128e-07
-3.50001e-07 4.70502e-07
1.1647e-06 -2.33081e-07
-6.45661e-07 6.44695e-07
-3.00228e-07 -6.7304e-07
1.35291e-06 -1.89427e-07
3.79508e-07 3.36545e-07
1.26322e-06 -5.98399e-07
1.11042e-07 -5.65163e-07
-5.04856e-07 -4.13187e-07
1.34659e-06 -3.09739e-08
1.11825e-06 -2.38223e-09
-1.62366e-06 6.79228e-07
-8.14302e-07 3.22132e-07
-1.02856e-06 -3.11119e-07
-3.18794e-08 3.95915e-07
-1.32589e-06 -4.02812e-08
1.61581e-06 -3.66946e-07
-1.3834e-06 4.97714e-07
4.23459e-07 -2.8252e-07
1.04035e-06 2.08575e-07
9.73613e-07 3.10847e-08
9.64459e-08 6.09559e-07
-4.76377e-07 3.43751e-07
-2.64628e-07 -5.34298e-07
-1.32571e-06 1.05526e-07
1.00721e-06 4.22885e-07
-1.07949e-06 6.0997e-08
1.23323e-06 4.12559e-07
1.17908e-06 5.15218e-07
-1.59181e-06 -9.72683e-10
-5.58211e-07 3.13559e-08
1.06822e-06 4.5904e-07
-2.07002e-08 6.00353e-07
1.31793e-06 -4.41534e-07
8.59958e-07 5.33522e-07
-1.26733e-06 1.83623e-07
-1.46684e-06 -1.11981e-07
-9.64958e-07 -2.07989e-07
3.83031e-07 3.06727e-07
1.67471e-06 6.40322e-07
-1.64746e-06 -1.99904e-07
1.7349e-06 -6.95206e-07
-1.67919e-06 -3.1779e-07
7.75816e-07 2.55034e-07
1.74036e-06 -5.03644e-07
1.22956e-06 -2.89566e-07
-6.72512e-07 1.00728e-07
-2.03777e-07 -6.7591e-07
-9.34843e-07 5.3004e-07
1.52624e-06 5.8501e-07
3.6874e-07 -4.45681e-07
1.80792e-06 -5.81755e-07
7.64272e-07 -5.24449e-07
-1.16067e-06 -8.75297e-08
1.76494e-06 -6.1665e-07
-6.79027e-07 -3.44912e-07
2.55454e-07 -6.86569e-07
-1.76539e-06 3.88826e-07
-1.16517e-06 -1.71039e-08
-7.13727e-07 -3.19601e-07
1.81013e-06 -4.64819e-07
1.2855e-06 -5.02394e-07
1.13087e-06 -1.86062e-07
-1.06623e-06 -8.84443e-08
7.39865e-07 6.70992e-07
7.03122e-07 -5.75111e-07
9.74304e-07 -4.4078e-07
-3.77005e-07 -1.52178e-07
7.8959e-07 6.48313e-07
-1.22033e-06 -8.10522e-08
7.84378e-07 -2.66032e-07
1.82439e-06 1.58046e-07
2.33311e-08 3.31954e-07
1.74349e-06 6.07268e-07
6.62627e-08 6.90961e-07
8.39516e-08 -4.06893e-07
-1.42891e-06 -1.31011e-07
1.74538e-06 -2.01575e-07
1.19099e-06 8.5382e-08
1.70532e-07 -5.83726e-07
-1.54007e-06 3.61941e-07
1.6016e-07 -2.40324e-07
-6.86735e-07 1.57108e-07
-5.53003e-07 3.69487e-08
-9.227e-07 5.8168e-07
7.62497e-07 1.70773e-07
1.07348e-06 4.61299e-07
-1.55132e-06 -3.28045e-07
8.01826e-07 4.42193e-07
-1.71187e-06 3.54353e-07
9.41696e-07 2.04032e-07
2.02425e-07 -6.30822e-07
-1.05854e-06 3.08342e-07
-5.81808e-07 -2.3826e-07
-4.59076e-08 2.12442e-07
-5.42742e-07 -4.0268e-07
5.16786e-07 -5.18572e-07
1.11588e-06 1.85997e-07
2.32857e-08 5.44785e-08
-5.8464e-07 -1.98677e-07
-1.77456e-06 6.72383e-07
-1.50858e-06 -5.00853e-07
2.83181e-07 -2.18426e-07
-7.81884e-07 4.11255e-07
-1.15684e-06 5.06644e-07
1.05941e-06 -4.08278e-07
1.64738e-07 1.05567e-07
1.62574e-06 5.11743e-07
-6.96755e-07 -6.31126e-07
-6.37594e-07 -4.61685e-07
1.2449e-06 6.88421e-07
-8.99986e-07 2.3339e-07
4.27399e-07 -6.77822e-07
7.38996e-07 2.05968e-07
-9.02504e-07 -5.15598e-07
1.67121e-06 3.28416e-07
-2.80744e-07 6.67014e-07
-8.54642e-07 5.33182e-07
-1.00806e-06 4.46841e-07
-1.23165e-06 -6.25022e-07
-4.45038e-07 1.3732e-07
5.8647e-07 6.80997e-07
-1.71539e-07 4.43814e-07
-1.26223e-06 -3.5131e-07
1.67346e-06 5.03748e-07
-1.17224e-07 4.01399e-07
6.10954e-07 5.99618e-07
-2.85232e-07 4.66908e-07
1.82432e-06 -6.36531e-07
-3.95504e-07 3.5846e-07
9.28742e-07 7.01335e-08
1.69138e-06 4.81151e-07
-1.70441e-07 3.17043e-07
-4.89728e-07 3.65543e-08
-3.52129e-07 -4.52892e-07
-3.42822e-07 8.80871e-08
-4.1677e-07 -6.61954e-07
-9.94563e-07 -4.02135e-07
-2.90913e-08 -5.73931e-07
-6.89391e-07 6.23622e-07
-1.54227e-06 -5.62492e-07
-1.21115e-06 -6.77048e-07
1.0412e-06 -1.89597e-07
-1.06185e-06 3.14475e-07
4.95931e-07 2.01933e-08
1.73868e-06 2.69691e-07
1.27016e-06 -5.21242e-08
-1.68246e-06 -3.21293e-07
-1.50292e-06 -3.58857e-07
-1.74406e-06 -3.61867e-07
-1.76167e-06 2.06052e-07
1.528e-07 -1.48971e-07
2.26877e-07 -5.3154e-07
1.03005e-06 -5.21054e-07
-4.56831e-07 2.42721e-07
-7.71659e-07 5.90845e-07
2.63292e-07 -6.94483e-07
-6.98218e-07 4.69943e-07
6.94873e-07 5.97539e-07
-1.41445e-06 -3.38144e-07
-9.75814e-07 -1.65591e-07
-1.61164e-07 6.06711e-07
-1.58654e-06 -3.63218e-07
6.39626e-07 2.67219e-07
1.34438e-06 -5.5395e-08
1.58758e-06 4.68394e-07
1.2137e-07 6.22555e-07
5.89981e-07 -1.57023e-08
1.2782e-06 2.87336e-07
-1.95381e-07 -2.08654e-07
3.57349e-07 3.9352e-07
-4.32232e-07 2.73592e-07
-7.09767e-08 -6.3494e-07
7.44478e-07 5.9414e-08
7.59228e-07 1.93825e-08
1.96702e-07 -3.31859e-08
1.35901e-06 -4.31242e-07
1.63169e-06 4.22848e-07
1.14318e-06 4.54413e-07
1.47464e-06 -1.76428e-07
3.83641e-07 1.09076e-07
4.01968e-07 5.38668e-07
6.76963e-07 -1.6486e-07
1.26039e-06 4.11659e-07
-1.42101e-06 6.68594e-07
1.51847e-06 -3.25868e-07
-8.57937e-07 4.29201e-07
1.32896e-06 -2.37995e-07
-4.48084e-07 -1.95606e-07
7.13837e-07 -6.91236e-07
7.8608e-07 -6.96295e-07
-8.88141e-07 3.0226e-07
5.75728e-07 -4.72306e-07
5.65256e-07 2.50448e-07
1.62047e-06 -1.56699e-07
1.7601e-06 -6.27133e-07
5.15841e-07 -3.64264e-08
1.54347e-06 -2.88095e-07
1.27292e-07 -2.73718e-07
2.94222e-07 1.59839e-07
-1.59998e-06 1.0869e-07
-1.12991e-06 -5.43429e-07
-1.04509e-06 2.01895e-07
5.93291e-07 4.63015e-07
-4.64413e-08 3.46905e-07
7.64561e-07 5.23252e-07
1.78534e-06 -1.18478e-08
-1.59472e-07 -6.6849e-07
-3.88947e-07 -9.27945e-08
-1.01475e-06 -2.55806e-07
-1.40362e-07 2.54221e-07
-1.05968e-06 2.36315e-07
-1.64581e-06 5.64334e-07
-7.64214e-07 3.30338e-07
-5.1323e-07 6.4962e-07
1.38677e-06 2.88674e-07
1.4098e-06 -1.56324e-07
1.0663e-06 -1.84105e-07
1.65972e-06 -1.12183e-07
1.5867e-06 4.42607e-07
-1.78557e-06 -1.69554e-07
-6.40364e-07 -2.01977e-08
1.36242e-06 4.09176e-07
-1.40758e-06 3.66239e-07
1.05715e-06 -6.28682e-07
-1.10095e-06 -4.03332e-07
1.00864e-06 -3.90423e-07
1.44068e-06 -3.89218e-07
-9.7187e-07 4.95725e-08
1.6662e-06 -5.74617e-07
-1.18228e-06 -1.49734e-07
-2.77284e-07 -3.54231e-07
-7.49196e-09 7.9989e-08
1.79818e-06 -5.15563e-07
1.34168e-06 -3.68355e-07
4.84791e-07 -1.44263e-07
4.15845e-08 -3.64662e-07
1.10483e-06 -3.32489e-07
-1.7118e-06 -6.02402e-07
-1.33999e-06 -6.04787e-07
-2.955e-07 -2.52678e-07
1.1738e-06 2.85559e-07
4.74338e-07 1.41379e-07
5.36276e-07 1.68531e-07
-1.03258e-06 -3.92511e-07
-1.48644e-06 2.7523e-07
1.33144e-06 6.35995e-07
-1.55504e-06 6.82505e-07
-1.42044e-06 3.65084e-07
-1.67691e-06 5.40481e-07
-2.84884e-07 -3.41825e-07
7.11839e-07 -3.1617e-07
9.45488e-07 -2.41766e-07
