-1.84319e-07 -1.50617e-07
1.26346e-08 3.42373e-07
1.65754e-06 -1.59082e-07
-1.70447e-06 -8.53842e-08
1.47761e-06 -3.11448e-07
-5.77299e-07 4.48512e-07
-5.9179e-07 -3.24335e-07
-1.76993e-07 7.69008e-08
5.18648e-07 1.19353e-07
-1.7938e-06 2.31293e-07
5.15044e-07 -5.20091e-07
4.73143e-08 -1.73593e-07
-2.59468e-07 -4.20413e-08
-1.21398e-06 5.70821e-08
-3.5181e-07 -4.21313e-09
2.83177e-07 6.19779e-07
-9.10719e-07 4.74249e-08
1.95026e-07 -2.77377e-07
8.2308e-07 -1.44142e-07
2.50995e-07 2.12043e-07
1.65214e-06 -4.63728e-08
-1.2083e-06 4.61788e-07
-4.24383e-08 6.13794e-08
3.35139e-07 2.30075e-07
3.37416e-07 3.62691e-07
1.37927e-06 -5.27093e-07
-1.45484e-06 3.14731e-07
-6.69825e-07 -1.86724e-07
1.37616e-06 3.53416e-07
2.97507e-07 -3.48622e-07
-1.58023e-06 1.62802e-07
2.57942e-07 2.07995e-07
4.89998e-07 2.45902e-07
1.72423e-07 5.38817e-07
-9.01588e-07 3.74254e-07
1.1822e-06 2.12316e-07
1.50372e-06 -5.712e-07
1.11811e-06 6.32265e-07
1.13902e-06 2.15669e-07
-1.82415e-07 -8.55591e-08
1.35629e-06 7.03924e-08
-1.33629e-06 7.14215e-08
1.66359e-06 -1.88546e-07
1.02513e-06 3.70312e-07
7.34363e-07 5.82386e-07
-3.86482e-07 4.29906e-07
-5.16664e-07 -2.13956e-07
-5.19953e-07 3.09434e-07
-8.95995e-07 1.87894e-08
8.44526e-07 3.9667e-07
1.55741e-06 -3.39999e-07
2.53902e-08 2.03173e-07
1.52554e-06 -2.69697e-07
-1.38854e-06 2.39332e-07
8.17538e-07 4.5749e-07
1.6969e-06 7.60318e-08
1.34355e-06 -4.49278e-07
6.18153e-07 6.08197e-07
-1.01435e-06 -3.0783e-07
-1.41407e-07 -1.50109e-07
-8.87369e-07 5.63572e-07
-2.93619e-07 -5.19604e-07
8.17665e-07 -3.63343e-07
-7.53176e-07 3.63711e-07
5.13556e-07 6.71958e-08
-4.47166e-07 -3.59247e-07
-1.37895e-06 -6.58095e-07
7.61651e-07 4.01405e-07
-1.68497e-06 4.08175e-07
1.22505e-06 -5.3308e-07
-5.50304e-07 4.01178e-07
7.07353e-07 -6.48994e-07
-7.07e-07 4.04046e-07
-1.22447e-06 4.85097e-07
4.07309e-07 -2.0593e-07
-1.13213e-06 -3.47424e-07
-3.46889e-07 3.63155e-07
2.18407e-08 -4.514e-07
-1.0251e-07 -2.04559e-07
5.92343e-07 -4.36216e-07
1.68373e-06 1.52151e-07
-6.96121e-07 -2.72096e-08
7.80996e-07 -6.88796e-07
-1.04278e-06 -3.47051e-08
7.25035e-07 -6.64825e-07
-1.65908e-06 2.83083e-07
9.99676e-07 -6.12602e-07
-6.50981e-07 3.90296e-07
1.46639e-06 -4.98645e-07
-4.08965e-07 5.23037e-07
8.62872e-07 -6.90436e-07
-5.64531e-07 4.74556e-07
-9.77079e-07 3.1687e-07
7.40611e-07 3.3574e-07
6.35625e-07 -5.7014e-08
1.54487e-06 2.20827e-07
1.26568e-06 -5.29774e-07
-8.22213e-07 -5.05549e-07
-1.09935e-06 -5.11769e-07
1.28022e-06 -3.67713e-07
-8.75871e-08 4.11234e-07
-2.93267e-07 -1.96999e-07
-3.09715e-07 -4.29852e-07
4.6812e-07 -2.48628e-07
1.76248e-06 6.40093e-07
9.43853e-07 -3.26169e-07
9.30305e-07 -5.89239e-07
-1.50143e-06 -4.92442e-07
-1.78311e-06 -1.02405e-07
2.33324e-07 -6.801e-07
-3.60834e-08 -1.92057e-07
1.73564e-06 -6.44167e-07
7.36543e-07 1.91764e-08
-4.99925e-07 -1.52925e-07
1.36515e-06 -4.30762e-07
1.94246e-07 -4.11223e-07
7.34128e-07 -6.29427e-07
5.2716e-07 3.56945e-07
1.79377e-06 -5.87683e-07
-1.67967e-06 5.39582e-07
-1.5164e-06 -4.50908e-07
8.412e-07 -5.08967e-07
-6.86602e-07 6.69011e-07
-1.64798e-06 -1.66811e-07
-4.24089e-07 4.68809e-07
-9.09212e-07 -6.40723e-08
-7.86456e-07 4.60429e-07
-8.12809e-08 2.36315e-07
-9.12977e-07 -2.59314e-07
-2.41448e-07 4.80078e-07
1.75007e-08 2.31064e-07
3.93676e-07 -4.43651e-07
1.78317e-06 4.18488e-07
1.76996e-06 3.30646e-07
5.4452e-07 2.54931e-07
1.52495e-07 5.72527e-07
7.67903e-07 -4.90239e-07
-5.61151e-07 -4.06013e-07
9.26419e-07 1.78527e-07
-3.93616e-08 -7.73997e-08
-1.74998e-06 -4.07958e-08
-8.59788e-07 3.75011e-07
-6.2568e-07 -6.6817e-07
-4.2272e-07 5.23403e-07
4.69973e-07 -6.09579e-07
-1.3115e-06 3.92014e-08
8.95636e-07 5.39416e-07
-3.47007e-08 -1.24625e-07
-2.27424e-07 -6.28943e-09
8.24219e-07 -4.45673e-07
-1.2747e-06 3.87035e-07
5.76724e-07 5.52337e-08
-5.19194e-07 4.00468e-07
2.85451e-07 -4.43416e-07
-8.0018e-07 -3.16126e-07
-1.86797e-07 -5.04905e-07
-9.55268e-07 -4.55389e-07
-9.15002e-07 -6.29948e-07
1.19353e-06 -4.28887e-07
-6.28353e-07 -4.25782e-07
1.56844e-06 -1.36135e-07
-9.18651e-07 2.13075e-07
-7.07641e-07 6.23559e-07
-1.14329e-06 5.07289e-07
1.55428e-07 2.50037e-07
-1.18257e-06 -1.50023e-07
-7.5393e-07 2.48563e-07
-1.30645e-06 6.77936e-07
1.35586e-06 -8.34655e-08
-6.09727e-08 -5.58471e-07
9.03452e-07 -2.10532e-08
1.94629e-07 6.51397e-07
-1.52799e-06 2.31913e-07
6.98742e-07 1.78294e-07
1.05389e-06 4.4746e-07
-1.74007e-06 4.53617e-07
-1.08628e-06 -3.00355e-07
1.74191e-06 -3.21722e-07
-1.10767e-06 -2.63145e-07
1.1863e-06 -4.00926e-07
-2.55154e-07 3.23818e-07
9.67454e-08 1.9922e-07
-4.4894e-07 5.4786e-10
-9.76428e-07 3.50386e-07
1.03157e-06 -7.02632e-08
5.21952e-07 -6.11515e-08
-2.52603e-07 -2.0274e-07
1.2857e-06 6.95916e-07
3.82801e-07 4.6485e-07
-1.55551e-06 -6.74909e-07
4.87735e-07 -4.82405e-07
1.75855e-08 2.78663e-08
-1.27009e-06 -5.27853e-07
-1.12168e-06 -2.30905e-07
-1.1108e-06 3.16364e-07
1.53868e-06 -1.69902e-08
1.2242e-06 -4.69795e-07
1.23112e-06 -5.69592e-07
6.6824e-07 -1.50202e-07
3.6704e-07 5.81116e-07
-1.34449e-06 -4.95721e-07
-9.10929e-07 1.81498e-07
-5.61847e-07 -3.97561e-07
1.0876e-07 3.58848e-07
1.07489e-06 2.6831e-07
9.42264e-07 1.56851e-07
8.0776e-07 -5.18402e-07
8.98696e-07 -4.31716e-08
-6.09871e-07 3.50407e-07
1.02676e-07 4.38357e-07
2.07134e-07 2.02239e-07
-1.59403e-06 -3.55942e-07
-1.04487e-06 1.56508e-07
-1.07345e-08 3.28624e-07
1.49697e-06 -6.87842e-07
1.60113e-06 6.05295e-07
-1.33528e-06 -1.74579e-07
7.45514e-07 8.42923e-08
-6.7778e-07 5.08748e-07
-2.24692e-07 1.81418e-07
1.39692e-06 6.27984e-07
5.91357e-07 -3.5e-07
-1.52833e-06 -1.57103e-07
-4.19794e-07 3.1657e-07
-8.74586e-07 3.62493e-07
7.24681e-07 6.8433e-07
6.9248e-07 4.87626e-07
-1.76978e-06 -4.31295e-07
-4.1283e-07 6.16169e-07
5.98157e-07 -2.12912e-07
1.07037e-08 -5.93988e-07
5.90487e-07 -4.90647e-07
7.61424e-07 1.8769e-07
-1.09823e-06 -3.33066e-07
-6.13085e-07 -4.05544e-07
-6.72233e-07 -6.9615e-07
-2.85856e-07 4.49485e-07
-9.10067e-07 2.54278e-07
3.73014e-07 1.41433e-07
1.05316e-06 -1.11646e-07
1.47946e-06 -4.82628e-07
2.0839e-07 -5.83191e-07
-2.09447e-07 4.02994e-07
-6.36477e-07 5.83456e-07
1.67715e-06 3.46506e-07
9.12204e-07 -6.1989e-07
1.02708e-07 -3.81059e-07
1.82499e-06 5.75438e-07
-1.18494e-06 -6.29864e-07
9.44717e-09 6.65317e-08
1.28141e-06 4.72328e-07
-9.56739e-07 1.4289e-07
2.62108e-07 -5.69803e-07
-5.5611e-07 5.6603e-07
1.53513e-06 -4.81073e-07
-1.53108e-06 6.66805e-07
4.82627e-07 -5.01095e-08
9.31895e-07 -2.582e-07
-1.08788e-06 -3.90882e-09
-1.29445e-06 -1.02064e-07
-6.80353e-07 2.86105e-07
1.14432e-06 -2.2658e-07
-1.36045e-06 -1.93181e-07
-1.31688e-06 -1.32945e-07
-6.53264e-07 -6.89112e-07
-1.51767e-06 3.85373e-07
-5.4602e-07 4.33597e-07
1.27822e-06 1.31443e-07
-1.22744e-06 6.41239e-08
-9.09434e-07 -2.07503e-07
-6.10472e-07 -6.60552e-07
4.91931e-07 3.43185e-07
-8.8201e-07 3.5116e-08
-3.59172e-07 -5.06948e-08
7.7519e-07 2.52739e-07
-2.77375e-07 -6.09779e-07
-3.82346e-07 -2.83605e-08
1.13987e-06 4.43098e-07
-1.09758e-06 2.4761e-07
5.96308e-07 5.46783e-07
1.70032e-06 -1.2666e-07
7.88987e-07 -3.44068e-07
-3.47419e-07 -3.08556e-07
1.43195e-06 -2.1165e-07
1.09609e-06 2.94138e-07
-4.69428e-07 -3.10241e-07
-5.47238e-07 5.41703e-07
3.36631e-07 6.66723e-07
1.14632e-06 -2.57863e-07
1.26466e-06 2.72752e-07
-1.24249e-06 -6.73527e-07
-7.41916e-07 1.8224e-07
9.92833e-07 -6.59308e-07
6.81453e-07 -2.9818e-07
-6.75319e-07 3.16741e-07
-1.1217e-06 2.74043e-07
1.6548e-06 2.43122e-08
4.79889e-07 9.79081e-08
1.62823e-06 -3.93997e-07
9.20177e-08 3.95196e-07
-2.21581e-07 5.5259e-07
-1.72745e-06 6.4694e-07
-9.51616e-07 6.6446e-07
-3.4099e-07 5.22267e-07
1.37501e-07 -5.92322e-07
3.83619e-08 -4.48685e-07
1.04102e-07 -5.89387e-07
-1.60785e-06 4.87065e-07
-4.60538e-07 6.49803e-07
5.48229e-07 -5.02013e-07
-1.29268e-06 -2.25527e-07
1.02959e-06 5.81827e-07
7.01346e-07 6.12215e-07
1.01964e-06 2.54435e-07
3.55611e-08 -1.75419e-07
1.26591e-06 2.6854e-07
1.6853e-06 1.0336e-08
-1.61265e-07 5.5135e-07
-1.63318e-06 6.65501e-07
4.22933e-07 -3.95659e-07
-5.76436e-08 2.79324e-07
4.98227e-07 6.83636e-07
-3.26108e-07 5.86579e-07
1.51736e-07 -1.17421e-07
-1.85708e-07 -2.378e-07
1.62635e-06 -1.74685e-07
-2.39981e-07 -6.31088e-07
4.89789e-08 2.43293e-07
1.63188e-06 -2.44847e-07
1.68323e-06 3.89398e-07
1.67612e-06 3.98954e-07
1.71092e-06 6.097e-07
2.34306e-07 -1.43538e-07
-1.24166e-06 -2.53097e-07
-6.03702e-07 -2.64074e-07
-9.29099e-07 2.50685e-07
-1.40812e-06 -3.52634e-07
1.0953e-06 2.26407e-07
1.41083e-06 8.76361e-08
-5.23777e-07 -1.62326e-07
-7.35045e-07 -2.53859e-07
-1.04199e-06 1.51632e-08
-1.51161e-06 -2.69907e-07
-2.59555e-07 -5.51277e-08
5.60967e-07 -7.95816e-08
-2.26186e-07 -3.97236e-07
-1.28177e-06 -4.28602e-07
1.5876e-06 1.60147e-07
9.00883e-07 -3.57786e-07
-5.5702e-07 3.04893e-07
-6.72989e-08 -8.81022e-08
1.61463e-07 5.12562e-07
-1.97932e-07 -1.52716e-07
8.89561e-07 -6.73032e-07
1.37713e-06 5.47961e-07
1.50919e-06 -2.31454e-07
-1.66466e-06 -4.09777e-07
-7.29575e-07 -2.36071e-07
-1.13078e-06 6.29032e-07
7.38061e-07 3.66648e-08
-1.59827e-06 -2.17384e-07
3.72825e-07 4.46722e-07
-9.28403e-07 3.67165e-07
-1.66469e-06 -2.70299e-07
1.58481e-06 -1.43282e-07
7.3899e-07 -4.54048e-07
5.25448e-07 5.55357e-08
-2.07891e-07 -3.19653e-07
-2.80186e-07 3.28875e-09
-1.62593e-07 4.75575e-07
-3.71162e-07 4.81815e-07
-1.13669e-06 4.18227e-07
-5.25183e-07 -7.5497e-08
-1.36386e-06 -6.47792e-07
2.79031e-07 -4.08797e-07
6.83671e-07 -5.05984e-07
-1.42276e-06 -2.10429e-07
-7.9383e-07 2.42984e-07
-2.12644e-07 5.38197e-07
7.72185e-07 4.32399e-07
1.56852e-06 6.09377e-07
-6.62442e-07 -1.16635e-07
9.3841e-07 -6.87519e-07
3.13612e-08 -4.23703e-07
1.1636e-07 3.21427e-07
4.99907e-07 2.93545e-08
1.68229e-06 5.71969e-07
8.78124e-07 -3.23447e-08
1.01647e-06 -2.58112e-07
1.47875e-06 5.24133e-07
2.37156e-07 -2.50668e-07
2.26629e-07 3.84178e-07
1.71603e-06 -5.69028e-07
5.48872e-07 3.0186e-07
-1.3591e-06 1.13177e-09
2.8216e-07 -2.51869e-07
2.38908e-07 -4.79565e-07
4.81521e-07 -5.07636e-07
3.83489e-07 -2.7183e-07
-1.30257e-06 -3.0344e-07
4.99166e-07 6.03686e-07
3.24419e-07 -6.86048e-07
1.74015e-06 6.26292e-07
1.01427e-06 -1.53074e-07
-1.56792e-06 -6.09254e-07
-7.50598e-07 -2.54343e-07
-4.04791e-07 5.80046e-07
6.34963e-07 -2.58888e-07
7.01625e-07 -2.80105e-07
-1.02047e-06 -1.89775e-07
-3.92801e-07 2.70919e-08
-1.20124e-06 6.40377e-07
1.16253e-06 4.26847e-07
-1.41109e-06 -4.85899e-07
-1.1837e-06 1.52864e-07
-8.62883e-08 4.65521e-07
-1.28086e-06 -5.81643e-07
-8.6325e-07 -4.33438e-07
-5.31077e-07 -1.83501e-07
-1.46463e-06 2.81137e-07
-7.39994e-07 -1.73555e-07
-1.09683e-06 2.52184e-07
4.77954e-07 5.73914e-07
-1.8616e-07 -1.57833e-07
1.11122e-06 4.6192e-07
3.98773e-07 -4.37078e-07
9.85929e-07 3.49148e-07
5.24046e-07 -6.87415e-07
6.59623e-07 -4.69925e-07
-3.13497e-07 4.29298e-07
1.36425e-06 -6.18441e-07
-1.99911e-07 7.05081e-09
1.29048e-06 -2.10688e-07
5.04627e-08 5.3387e-08
7.7475e-07 2.16753e-07
6.59382e-07 -2.03641e-07
1.46604e-06 -1.69476e-07
-4.78477e-07 5.07613e-07
9.29798e-07 1.86028e-07
1.72001e-06 -8.85428e-08
-1.50343e-06 -5.23745e-07
-1.3137e-06 -2.63062e-07
-2.32691e-07 -1.05172e-07
-1.28231e-06 -6.07462e-07
-6.37663e-07 -2.91443e-07
-1.49006e-06 -3.09675e-07
1.64781e-06 -1.14974e-08
-8.73262e-07 -3.83676e-07
1.55506e-06 3.71199e-07
1.1322e-06 -4.84695e-07
-1.54046e-06 4.58318e-07
-1.25387e-06 -1.12368e-07
6.66503e-07 9.49176e-08
6.86835e-07 3.74793e-07
-1.15417e-07 -9.99062e-08
-8.29721e-07 2.96512e-08
1.29325e-07 1.21417e-07
4.4665e-07 -1.52752e-08
5.743e-07 -1.10752e-07
-1.75728e-06 3.0501e-07
-1.78278e-06 6.5574e-07
-1.2483e-07 -4.10115e-07
-8.34509e-07 3.73323e-07
7.41366e-07 -3.01509e-07
-8.96116e-08 1.57481e-07
-1.74064e-06 2.48604e-07
1.12008e-06 3.40935e-07
1.37737e-06 -2.06251e-07
8.4515e-07 -3.69182e-07
-5.85927e-07 6.04395e-07
3.22796e-08 4.80637e-07
1.51139e-06 1.01611e-07
-1.33171e-06 1.18326e-07
1.94789e-08 -5.89877e-07
-1.38557e-06 1.17493e-07
1.48985e-06 -5.73767e-07
-1.77067e-06 -2.1614e-07
1.34107e-06 2.87002e-08
5.05152e-07 -6.51728e-07
1.5197e-06 2.94584e-07
-3.1123e-07 6.43822e-07
1.22908e-07 9.97703e-08
4.88683e-07 4.62068e-07
-1.47917e-06 -5.64778e-07
-1.3406e-06 6.27684e-08
1.17351e-06 -4.33922e-07
1.30992e-06 3.16173e-07
-3.40937e-07 4.14639e-07
-1.57073e-06 5.88631e-07
1.2723e-06 -2.29369e-07
7.83251e-07 -3.55537e-07
5.59667e-07 -1.1597e-07
5.04711e-07 -9.21872e-08
-1.63301e-06 6.85183e-07
1.32831e-08 -5.78138e-07
-2.4238e-07 -5.14834e-07
1.73091e-06 2.44043e-07
6.58461e-07 -1.34746e-07
1.76253e-06 1.91809e-07
8.17206e-08 3.27928e-07
-1.75993e-06 4.65379e-07
1.66563e-06 -3.72803e-07
-5.70311e-07 -5.2237e-07
1.66364e-06 -6.65836e-07
1.08878e-07 -4.38744e-08
-1.04659e-06 4.42701e-07
4.44322e-07 5.14921e-07
-2.54894e-07 4.0118e-07
1.57199e-06 1.01749e-07
1.51589e-06 4.36505e-07
-9.67197e-07 -6.65421e-07
-1.48051e-06 -6.06076e-07
-1.02222e-06 3.30927e-07
-1.50208e-06 4.17727e-07
-2.27466e-07 -9.30026e-10
1.18744e-06 5.24791e-07
-1.48197e-06 -2.24432e-07
-6.45929e-07 -5.97542e-07
3.27715e-07 -1.40147e-07
4.09187e-07 -5.60573e-07
-6.26711e-07 -3.94551e-07
-1.15436e-06 4.38826e-08
2.99873e-07 -6.68631e-07
-6.24861e-07 -5.3635e-07
8.22371e-08 3.49588e-07
-1.39549e-06 2.13138e-07
-1.49526e-06 5.09472e-07
1.00983e-06 -3.90879e-07
-5.18329e-08 -4.19521e-07
8.20495e-07 6.93395e-08
5.4467e-07 6.75003e-07
-1.81544e-06 3.34987e-07
-1.6641e-06 -6.33202e-08
1.63438e-06 4.07375e-07
1.02803e-06 2.72829e-07
-2.44488e-07 2.83624e-07
1.22798e-06 2.45129e-07
-1.27021e-06 2.93257e-07
-5.40661e-08 -1.46743e-07
6.58789e-07 -2.35339e-07
-3.53462e-07 4.49466e-07
-1.43457e-07 4.74843e-07
1.44739e-06 -4.86364e-07
2.98214e-08 6.05294e-07
9.52502e-07 -4.64197e-07
-1.46488e-06 -3.86587e-07
4.55021e-07 4.7687e-07
7.05039e-07 4.82573e-07
-5.43269e-08 -3.99571e-08
-1.26853e-06 2.46875e-07
-1.60686e-07 6.63098e-07
-1.81785e-06 -3.37271e-07
1.67907e-06 -2.49997e-07
1.78785e-06 -6.97212e-07
-3.51208e-07 -8.87386e-08
-1.05233e-06 -4.08854e-09
1.24256e-06 1.50997e-07
1.83334e-08 -3.98829e-07
-7.60327e-07 6.63571e-07
-1.28924e-06 2.31971e-07
4.99114e-07 4.4967e-07
-1.03403e-06 4.92032e-07
6.39195e-07 2.00831e-07
1.77738e-06 2.29151e-07
-1.70816e-07 -1.76127e-07
-3.72117e-07 6.07722e-07
6.36632e-07 1.18886e-07
-1.63706e-06 -6.21866e-07
-3.71384e-07 4.41769e-09
1.58391e-06 1.68548e-07
1.47752e-06 1.61827e-07
1.4116e-06 -6.45063e-07
9.91448e-07 2.47974e-07
-1.42171e-06 -6.76567e-07
1.02679e-06 -1.17209e-07
1.01942e-06 -4.52204e-07
-1.01475e-07 4.94842e-07
-9.38767e-07 -3.32555e-07
1.74107e-06 2.51141e-07
1.77588e-06 3.93886e-07
3.6579e-07 1.21315e-07
5.70924e-07 -5.31134e-07
1.72333e-06 -2.09699e-07
-1.60041e-06 1.66251e-08
-1.48621e-07 -4.58556e-07
-1.66694e-06 -2.03821e-07
-2.73679e-07 1.14585e-07
3.22486e-07 2.90961e-07
2.87932e-07 -6.00667e-07
1.39549e-06 -4.27369e-07
3.24325e-07 1.64927e-07
-8.98981e-07 -3.9412e-07
-1.60153e-06 5.33817e-07
1.27014e-06 5.7224e-07
-1.14088e-06 -2.04997e-07
-1.21873e-06 -4.27655e-07
5.32589e-07 5.8592e-07
1.41857e-06 5.09553e-07
-1.76954e-06 -2.91798e-07
1.34408e-07 -1.70362e-07
-1.44314e-06 -3.41467e-08
-1.44773e-06 3.31433e-07
-9.55672e-07 -1.80764e-07
-3.92586e-08 3.06136e-07
1.46778e-07 6.4876e-08
-8.5503e-07 -4.49415e-07
-3.55378e-07 1.2e-07
-5.68832e-07 -5.83952e-07
-4.50833e-08 -4.29437e-07
-8.18648e-07 3.48677e-07
-2.05981e-07 -5.92703e-08
-1.59028e-06 -2.64211e-07
-3.50316e-07 6.19967e-07
6.62361e-07 -6.7188e-07
-1.4842e-06 2.70854e-07
2.45382e-07 1.00182e-07
-1.29064e-06 -5.48671e-07
7.66958e-07 6.51498e-07
1.44408e-06 6.94965e-07
6.24134e-10 1.1413e-07
-1.21632e-06 -2.72756e-07
8.50421e-07 -6.88085e-07
4.94065e-07 1.14211e-08
6.2584e-08 6.73459e-07
1.17756e-06 -4.84128e-07
-1.06539e-06 2.03964e-07
-7.52229e-07 -6.27924e-07
-8.12429e-07 6.00012e-07
-1.76419e-06 -6.93889e-07
-4.99655e-07 1.61895e-07
-6.60791e-07 -2.61592e-07
1.10426e-06 -5.14978e-07
-1.6262e-06 -4.64285e-08
-1.55608e-07 9.22383e-08
-6.29614e-07 6.14884e-07
-5.82724e-07 6.97055e-07
-1.94187e-07 -4.18486e-08
5.4596e-07 -3.41594e-07
-3.52128e-07 -3.12319e-07
4.47385e-07 -5.57774e-07
-5.55494e-08 5.12868e-07
-1.4797e-06 3.99012e-07
8.57287e-07 -3.40131e-07
-8.04037e-07 5.63937e-07
6.4162e-07 1.96907e-07
1.3793e-06 -5.31491e-07
-5.91646e-07 6.44553e-07
-1.8116e-06 -3.97979e-08
1.81501e-07 4.03726e-07
6.41586e-07 -2.9634e-07
2.61447e-07 -3.71179e-08
4.5457e-07 3.30621e-08
2.22725e-07 -4.35902e-07
1.41851e-06 -1.6261e-07
-2.77824e-07 3.39228e-07
1.1204e-06 -4.23844e-07
1.53534e-06 6.3873e-07
-4.15008e-07 1.28572e-07
-1.27387e-06 -2.53498e-08
-1.15016e-06 3.36163e-07
4.53213e-07 2.55967e-07
-1.5565e-06 2.50124e-07
-1.65237e-06 -5.52004e-07
-6.42226e-07 8.17374e-09
-1.69582e-06 -1.91955e-07
-1.38953e-06 -1.90767e-07
2.26266e-08 -6.90402e-07
4.31003e-07 -4.2962e-07
-1.03293e-06 -8.56692e-08
-1.03686e-06 -5.57193e-07
-1.46773e-06 1.6938e-07
1.00042e-06 3.88374e-07
1.57988e-06 -4.79173e-07
-8.5258e-07 1.42573e-07
-1.76651e-06 6.44408e-07
-1.58888e-07 -5.73102e-07
-8.65343e-07 1.55162e-08
-1.17273e-07 4.31086e-07
-1.71294e-06 4.20619e-07
6.89834e-07 4.25717e-07
9.38834e-07 2.56823e-07
-1.80725e-07 -3.89669e-07
6.06568e-07 -3.90789e-07
-1.71639e-06 1.82583e-07
3.23135e-08 1.84083e-07
-1.33603e-06 -3.50301e-07
-1.25072e-06 -3.56367e-07
7.26506e-07 -1.80833e-07
2.91148e-07 -5.71908e-07
-1.0826e-06 -5.26198e-07
-1.39873e-08 -3.91142e-08
9.03206e-07 -2.95783e-07
-8.53194e-07 1.16693e-07
-1.28166e-06 -3.58194e-07
1.62453e-06 -1.07214e-07
2.93537e-07 -2.2839e-08
-1.61868e-06 2.88141e-07
1.24011e-06 3.60993e-07
6.81175e-07 -7.63724e-08
-5.39067e-07 -6.10586e-07
2.51924e-07 -9.28948e-08
-8.17345e-07 -2.79921e-07
1.63623e-06 -2.05222e-08
1.18757e-06 4.85521e-07
1.34505e-06 6.07595e-07
-1.77979e-06 3.29347e-07
1.16943e-06 4.63312e-07
3.45808e-07 6.19371e-09
-7.91984e-07 5.28638e-07
1.20269e-06 4.1375e-07
1.50419e-06 1.87669e-07
9.53877e-07 6.24374e-08
-1.05127e-07 8.59237e-08
6.91483e-07 -2.73284e-07
-1.12466e-06 2.80622e-07
7.23952e-07 2.47152e-07
1.26689e-06 -3.16525e-07
-8.04734e-07 4.65323e-07
1.57967e-06 -3.66273e-07
-1.04603e-06 -3.09982e-07
3.86802e-07 5.46837e-09
1.29828e-06 -5.13577e-07
-1.4729e-07 -4.17134e-07
-7.42219e-07 -5.9075e-07
-8.72981e-07 6.32431e-07
-1.22194e-06 -2.74729e-07
1.2575e-06 -2.81142e-07
1.64104e-07 3.29249e-07
2.07828e-07 1.6884e-07
-2.18967e-07 6.87015e-07
2.69461e-07 5.31136e-07
6.06647e-07 -6.59723e-07
1.39182e-07 4.42124e-07
8.65474e-07 3.2627e-07
1.03387e-06 4.2181e-07
-2.33477e-07 -2.10051e-07
1.3606e-06 -2.72473e-07
1.63153e-06 -6.49053e-07
-2.76915e-07 5.15351e-07
-9.68713e-07 2.51302e-07
-5.13285e-07 -4.95565e-07
1.60864e-06 -2.03834e-07
6.18914e-07 -5.74917e-07
7.95282e-07 -6.33905e-07
1.19507e-06 -1.79401e-07
-5.87109e-07 -5.2732e-07
-5.49575e-07 3.84814e-07
1.35706e-06 8.46501e-09
-2.16821e-07 -5.07069e-07
1.16689e-06 5.9701e-07
9.28442e-07 -3.33268e-07
1.80158e-06 3.61689e-07
1.01176e-06 3.74244e-07
-9.74009e-07 6.91352e-07
-3.60511e-07 3.39391e-07
-7.15264e-07 -6.60898e-07
-2.276e-07 -2.11286e-07
1.66562e-06 -1.79222e-07
1.43717e-06 -6.07243e-07
-1.10075e-06 -4.08567e-07
5.00771e-08 -1.38634e-07
-4.63089e-07 -5.07438e-07
-1.81632e-06 -1.00012e-07
-5.81526e-07 7.50531e-08
-5.31326e-07 -2.08313e-07
-1.59822e-06 5.81552e-07
8.63507e-07 5.88308e-07
-1.45586e-06 6.67769e-07
-1.29301e-06 5.02563e-07
1.11762e-06 6.7647e-07
-8.21288e-08 5.85343e-07
5.68601e-07 1.22301e-07
-6.48178e-07 -4.89684e-07
5.63403e-07 -1.74834e-07
-2.51006e-08 4.42548e-07
6.3517e-07 -1.66931e-07
-1.53136e-06 -3.67438e-07
1.39874e-06 -5.93858e-07
-1.32937e-06 -3.1311e-07
-8.51092e-07 4.45189e-07
-6.14018e-07 -2.30285e-07
1.71893e-06 -6.03532e-07
-1.26856e-06 4.3631e-07
1.05174e-06 -1.64284e-07
9.80143e-07 -5.66398e-07
-2.51232e-07 -7.3758e-08
2.34533e-07 1.98588e-07
1.12166e-06 6.88876e-07
1.69989e-06 -3.04901e-07
-8.69166e-07 4.4256e-07
-9.58781e-07 -5.38735e-08
-6.486e-08 -5.48342e-07
-8.71944e-07 1.0972e-07
-1.49187e-06 -3.54267e-07
2.67035e-07 -3.9928e-07
8.01122e-07 -7.91453e-08
8.44643e-07 3.55195e-07
3.36093e-07 2.69658e-07
-1.63147e-06 -5.65803e-07
5.60344e-07 -6.23488e-07
-1.01913e-06 2.67856e-07
-1.53343e-06 3.1532e-07
1.11106e-06 -3.22173e-07
-2.9683e-08 1.6689e-07
1.72921e-06 -1.11455e-07
2.41162e-08 6.60122e-07
1.79647e-06 -5.02557e-07
-1.6739e-06 -2.75944e-07
1.11722e-06 4.60682e-07
6.20699e-07 9.81509e-08
-1.18067e-06 6.21732e-07
-9.0639e-07 -1.2193e-07
1.20377e-06 -5.20562e-07
-1.73776e-06 6.41121e-07
1.17545e-06 4.43899e-07
6.53048e-07 4.32964e-07
-6.20994e-07 -5.40914e-07
5.50051e-07 -6.08703e-07
-3.31327e-07 6.98593e-07
-1.40418e-06 -5.31047e-07
2.86228e-07 6.30725e-07
-9.87269e-08 5.61522e-07
1.08313e-06 -2.37228e-07
1.32231e-06 3.16547e-07
-1.44391e-06 3.21234e-07
-1.54314e-06 -2.88564e-07
-1.24684e-06 -5.75439e-07
-1.58035e-06 -1.24171e-07
1.21972e-06 5.0809e-07
-1.68805e-06 3.68734e-07
1.81358e-06 -5.40034e-07
1.04649e-06 8.36769e-08
3.75756e-07 5.77347e-07
8.78715e-09 4.01254e-07
-1.21402e-06 -1.92119e-07
-6.81771e-07 1.23572e-07
-1.74378e-06 1.33247e-07
-1.44111e-06 2.86978e-08
-1.00943e-06 -6.80683e-07
6.81834e-07 -6.95999e-07
-5.50755e-07 -4.27347e-07
5.357e-07 -1.6511e-07
-6.37557e-07 -5.59421e-07
1.49148e-06 6.22396e-08
-1.62512e-06 -6.19729e-07
-7.37857e-08 -3.89107e-07
1.6862e-06 1.04992e-07
6.5466e-07 5.36248e-08
-1.4211e-06 5.05575e-07
-5.84028e-07 2.78278e-09
1.7543e-06 3.34474e-08
-1.23822e-06 5.75334e-07
2.15456e-07 -6.83155e-07
4.71371e-07 -1.98903e-07
-1.11658e-06 6.01377e-07
-8.08847e-08 4.63075e-07
1.19195e-06 -2.91821e-07
4.02589e-07 2.29537e-07
-1.64357e-07 -6.73521e-07
-6.17489e-07 -1.10317e-07
7.37041e-07 3.14171e-07
7.32694e-07 -6.38284e-07
6.5712e-07 -1.9642e-08
6.53273e-07 -3.0891e-09
-1.46575e-06 -1.40218e-07
1.25576e-06 1.57916e-07
1.43305e-06 -2.27725e-07
1.07629e-06 3.1675e-07
-2.33517e-07 -3.75389e-07
-1.32042e-08 1.26554e-07
-5.97079e-07 5.24128e-07
1.51774e-06 -3.44524e-07
-6.19295e-07 2.1317e-07
7.24218e-07 4.2833e-09
-1.30327e-08 6.9188e-07
1.63886e-06 3.60218e-07
1.2992e-06 -6.01237e-07
9.69353e-07 -2.83049e-07
-9.43595e-07 -3.53336e-09
-1.66241e-06 1.83628e-07
5.21041e-07 -5.18451e-07
4.16616e-07 4.82657e-07
4.11564e-08 -4.79999e-07
-1.72955e-06 1.17729e-07
-1.36055e-06 2.98123e-07
1.34323e-06 5.17488e-07
-1.37173e-07 -6.49601e-07
-1.81641e-06 -6.35241e-07
-1.00793e-06 1.94228e-07
4.34132e-07 2.18596e-07
9.38547e-07 3.42946e-07
-2.1069e-07 -5.40273e-07
-2.49736e-07 2.96322e-07
-1.21985e-06 4.64667e-07
7.25332e-07 -5.42743e-08
1.26509e-06 -5.57986e-07
5.76519e-07 4.32883e-07
-1.57028e-07 -3.11959e-09
-9.43188e-07 2.66887e-07
-4.07237e-07 3.88528e-07
1.54561e-06 -1.53812e-07
1.61508e-06 -3.391e-07
-1.01235e-06 -5.23711e-07
6.59528e-07 6.12946e-07
7.25269e-07 3.60898e-07
2.82122e-07 -5.36082e-07
-9.34559e-07 -6.97257e-07
-1.0518e-06 5.43305e-07
1.3814e-06 -1.66316e-07
-1.62348e-06 -4.19672e-07
-3.49966e-07 -1.1951e-07
-6.3762e-07 5.6712e-07
1.8168e-06 -1.04313e-07
5.06498e-07 -5.42495e-07
1.10994e-06 -1.30205e-07
-1.76584e-06 -5.20539e-07
-1.49673e-06 2.82294e-07
9.33401e-08 2.16761e-07
1.54014e-06 -3.98074e-07
-8.414e-07 -4.57702e-07
1.10845e-06 -4.83806e-07
-9.37769e-07 6.39686e-07
1.37982e-06 -6.07149e-07
-7.85869e-07 -2.76294e-08
9.68802e-07 -5.00429e-09
-1.79055e-06 4.24774e-07
5.98436e-07 9.17285e-08
-2.86357e-07 6.60866e-07
1.0205e-06 5.06492e-07
1.18277e-06 -5.38053e-07
-6.62045e-07 -2.35667e-07
1.18919e-07 1.80551e-07
9.12263e-07 3.52444e-07
5.74762e-08 2.16917e-07
-7.10994e-07 -5.26704e-07
-6.93105e-07 3.44202e-07
6.1324e-07 6.53702e-07
2.40915e-07 -1.49051e-07
-6.9947e-07 2.49022e-07
3.52603e-07 2.221e-07
7.604e-07 -1.27521e-07
-4.40516e-07 2.03764e-07
1.51318e-08 -9.80368e-08
1.23046e-08 7.55874e-08
-7.25405e-07 -4.21806e-07
-1.04334e-06 -2.72995e-07
-9.88882e-07 -5.72222e-08
-1.61369e-06 -2.72769e-07
1.63206e-06 6.63516e-07
-1.43704e-06 5.58085e-07
-1.06942e-06 1.71295e-08
-2.68422e-08 1.78852e-07
-8.14038e-07 5.54789e-07
2.79224e-07 -1.90372e-07
-1.19739e-06 -1.14535e-07
-1.51133e-06 -4.36335e-07
-1.15478e-06 -4.01623e-07
2.56283e-07 6.01445e-07
1.68281e-07 1.97588e-07
1.31449e-06 3.37444e-07
9.83034e-07 5.68988e-07
-7.19263e-07 2.44655e-07
-6.86711e-07 -1.61187e-07
-6.04489e-08 3.80515e-07
-8.32822e-07 -1.54575e-07
1.02395e-06 6.84732e-07
-4.47779e-08 3.37712e-07
1.56447e-06 4.55234e-07
-2.7578e-07 -5.60785e-07
2.15004e-07 5.41959e-07
1.71032e-09 -4.8898e-07
-3.63852e-07 -1.73354e-07
-1.59134e-06 -6.99764e-07
6.93948e-07 2.89265e-07
-1.65817e-06 3.69276e-07
-1.20728e-06 -4.26526e-07
-5.42463e-07 -4.22036e-07
7.89499e-07 -6.60262e-07
7.25283e-07 5.22022e-08
1.6702e-07 -6.00132e-07
-7.78163e-07 3.75399e-07
7.28791e-07 -5.91724e-07
-1.07534e-06 -2.62242e-08
-5.06832e-07 -5.36544e-07
-1.43544e-06 -5.52838e-08
8.55721e-07 6.55574e-07
-1.41771e-06 -3.74027e-07
-1.759e-06 -2.71352e-07
-1.64003e-06 2.11222e-07
-1.08781e-06 -5.21431e-07
9.93198e-07 5.17361e-07
-3.40636e-07 -1.69585e-07
8.54503e-07 1.35138e-07
1.79753e-06 2.15397e-07
3.12576e-07 -5.11124e-07
8.40331e-07 -4.13291e-07
-7.68233e-07 -6.28704e-07
9.84484e-07 -1.94094e-07
-1.13456e-06 -1.84443e-07
1.69303e-06 4.04153e-08
3.73682e-07 5.50776e-07
-1.1768e-06 1.6969e-07
1.40445e-06 -3.43861e-07
-3.006e-07 4.49138e-07
7.96997e-07 6.11886e-07
-1.49371e-06 6.67968e-07
-1.52868e-06 6.60242e-07
4.75495e-07 -4.05521e-07
9.52114e-08 3.23267e-07
-1.60905e-06 3.06543e-08
1.73991e-07 -2.67099e-07
-2.34328e-07 -4.51625e-07
-7.58568e-07 -3.06992e-07
-1.76842e-06 9.45643e-08
-1.39352e-06 -7.18187e-08
1.2143e-06 -1.51018e-08
1.75067e-06 4.74146e-07
-6.35004e-07 2.99421e-07
9.21887e-07 6.97679e-07
-1.67928e-07 6.79733e-07
2.12289e-07 -1.00113e-07
-1.77653e-06 -3.34545e-07
-4.48759e-07 -3.91386e-07
1.80945e-06 3.6761e-07
7.16896e-07 -6.52553e-08
3.0075e-07 9.07836e-08
-1.24534e-06 -8.21649e-08
6.11087e-08 -6.71128e-07
1.56327e-06 -6.96365e-07
-1.42511e-06 -3.51227e-07
1.80806e-07 -5.82122e-07
-1.2315e-06 -6.08948e-07
7.12222e-07 -5.40178e-08
1.737e-06 -1.98544e-07
-6.03257e-07 -5.75647e-07
1.25898e-06 -1.32173e-07
-1.46913e-06 -5.57887e-07
-7.82935e-07 -4.43988e-07
-1.0545e-06 3.65507e-07
-4.33079e-07 -6.42732e-07
1.36436e-06 -2.99448e-07
-1.79465e-06 -2.26583e-07
-6.7519e-07 1.86797e-07
5.2989e-07 1.09207e-07
3.12522e-07 -3.67055e-07
2.73929e-07 6.98809e-07
-1.08965e-06 1.3444e-07
3.95761e-07 6.45626e-07
-1.29425e-06 -4.21618e-07
-1.22605e-06 -1.82575e-07
8.35424e-07 1.41289e-08
-8.26764e-07 4.04453e-07
1.80165e-06 -2.49821e-07
-4.38467e-07 -3.35585e-07
1.10127e-06 -4.4924e-08
-2.10064e-07 5.15744e-07
-2.20082e-08 1.97924e-07
-1.20569e-07 -2.30095e-07
5.96087e-07 2.2894e-07
-8.659e-07 -6.20351e-07
-1.39294e-06 -5.13068e-07
-2.66629e-07 -2.59339e-07
2.64891e-07 -6.25219e-07
-1.45428e-06 -5.48123e-07
8.43428e-07 2.22898e-07
-1.29621e-06 -4.35819e-09
-9.2802e-08 -3.07817e-07
-2.66656e-08 6.04538e-07
1.45191e-07 -4.43939e-08
-8.20414e-07 4.39658e-07
-1.27716e-06 2.88402e-07
4.63744e-07 3.7988e-07
8.18023e-07 5.11526e-07
-1.7536e-06 2.8073e-07
-1.57685e-06 -3.78072e-07
-4.08209e-07 -1.32711e-07
9.9792e-07 1.27007e-09
-1.62759e-06 -6.47275e-07
5.43346e-07 5.41881e-07
-8.6942e-07 -4.49136e-07
9.53223e-08 -5.19439e-07
-1.02721e-06 -6.66733e-07
-4.0198e-07 3.87465e-07
-4.90718e-07 1.88314e-07
1.48652e-06 1.90401e-07
5.34623e-07 -3.8503e-07
-6.46683e-07 1.77915e-07
-4.60152e-07 6.53993e-07
9.17599e-07 -3.47722e-07
5.31352e-07 6.12989e-07
2.90843e-07 -1.60846e-07
-4.53328e-07 7.45753e-08
-1.80148e-06 1.08714e-07
-1.31818e-06 -4.02455e-07
4.09845e-07 6.44367e-07
1.45042e-06 5.68531e-07
1.29796e-06 5.21426e-07
1.33661e-06 -2.70296e-07
1.61699e-06 5.49908e-07
1.14643e-07 -1.03755e-07
1.65937e-06 -5.11852e-07
1.45246e-06 -2.46495e-07
8.05915e-07 -5.76095e-07
9.32232e-08 6.9578e-07
-6.44792e-07 3.11266e-07
-3.07493e-08 6.27052e-07
1.49064e-06 6.79564e-07
-1.40486e-06 5.07557e-07
1.61623e-06 2.17562e-07
6.01064e-07 4.40275e-07
-1.62093e-06 2.1574e-07
-4.85328e-07 -4.4169e-07
-1.5635e-07 2.25051e-07
2.59477e-07 -2.15449e-07
-1.82306e-07 3.42696e-07
-9.10029e-07 -2.08966e-07
8.7514e-08 -5.57273e-07
-3.89622e-07 -2.01976e-07
-1.50592e-06 4.78415e-07
-7.48251e-07 3.78817e-07
1.77736e-06 -4.67639e-07
7.7394e-07 -1.05235e-08
9.81678e-07 -3.83648e-07
-1.19066e-06 4.14949e-07
-1.61682e-06 4.0762e-07
-1.23322e-06 -2.17956e-07
1.41147e-06 4.29354e-08
-1.48746e-06 -6.07319e-09
9.46514e-07 4.83086e-07
-5.01091e-07 1.28436e-07
-1.64538e-06 3.30919e-07
-1.53132e-06 -6.33405e-07
1.52587e-06 3.64584e-07
2.24207e-07 -6.55407e-07
-1.26375e-06 1.14486e-07
-1.55033e-06 -2.29104e-07
1.26117e-06 5.72485e-07
6.15208e-07 1.79638e-07
-1.36205e-06 6.81688e-07
1.50015e-06 -4.12181e-07
1.24534e-06 4.16076e-07
-8.39555e-07 4.1455e-07
-1.29722e-06 -2.70013e-07
-7.71522e-07 3.34136e-07
3.6102e-07 4.74834e-07
-1.43046e-07 -6.7764e-07
-1.04804e-06 -6.92084e-08
-1.30914e-06 -5.76039e-07
-8.54108e-07 9.86683e-08
-6.53187e-07 4.28884e-07
-1.68796e-06 -5.15235e-07
3.77346e-07 -4.16171e-07
1.02908e-06 1.00559e-07
-1.77596e-06 5.85332e-07
1.81478e-06 6.46929e-07
5.14631e-07 3.40756e-07
-8.32179e-07 4.02681e-07
-3.09178e-07 -2.1177e-09
3.13721e-07 -3.17998e-07
-1.27311e-08 -2.20116e-07
-1.67537e-06 9.62108e-08
-7.22357e-07 -6.82784e-07
1.27221e-06 5.21464e-07
1.52228e-06 2.27244e-07
5.27152e-07 -6.10268e-07
3.36366e-07 -1.54154e-07
-5.30623e-07 2.0253e-07
1.03031e-06 -3.55615e-07
4.85979e-07 2.74766e-07
1.04807e-07 -4.27201e-07
-1.33594e-06 -1.69494e-07
-5.44691e-07 -2.48584e-07
8.67007e-07 3.51007e-07
-1.08799e-06 -6.61066e-07
1.44095e-06 -4.84891e-07
-1.34502e-06 -4.08025e-07
-1.24866e-09 -2.54643e-07
-1.49778e-06 6.02712e-07
-6.38868e-07 -1.71626e-07
-1.82758e-07 -3.69175e-07
-9.43591e-07 -4.75151e-07
1.7996e-06 -3.8926e-07
-7.16329e-07 -1.55713e-08
-1.09093e-06 5.1899e-07
-6.67721e-07 -4.21221e-07
-1.5777e-06 -4.21627e-07
1.50837e-06 5.381e-07
1.79975e-07 6.60639e-07
2.40949e-08 6.96281e-07
-1.34226e-06 -3.84876e-07
-1.02535e-06 -6.27297e-07
-8.06261e-07 -8.60529e-08
-7.38127e-07 -6.31793e-07
-6.78189e-07 6.53481e-08
-1.26853e-06 3.13515e-07
-1.37862e-06 -5.79079e-07
8.69127e-07 1.51493e-07
-1.16025e-06 -1.40085e-07
-7.02388e-08 5.78156e-07
-6.39189e-07 -3.91012e-07
-1.44237e-07 -3.27067e-07
1.66329e-06 3.4916e-07
1.14435e-06 -2.60153e-07
-1.50365e-06 5.40179e-07
9.78908e-07 -2.11059e-07
6.39756e-07 3.68108e-07
2.92417e-07 2.49149e-07
-7.937e-08 -4.78486e-07
1.42772e-06 1.0584e-07
-6.31832e-07 3.8831e-07
2.50859e-07 1.57912e-07
-1.60757e-06 -6.38435e-07
1.73811e-06 4.00763e-08
-1.45492e-06 -5.68233e-08
-1.20689e-06 -5.1876e-07
-1.04224e-06 -6.98896e-08
1.07953e-06 6.22552e-07
-7.09884e-07 2.21113e-07
4.02061e-07 5.57562e-07
4.14611e-07 -6.18708e-07
2.82903e-07 5.61309e-07
1.62124e-07 3.47712e-07
-1.66071e-06 -3.4913e-08
-1.34943e-06 -1.68665e-09
4.41946e-07 4.96391e-07
1.22723e-07 3.86626e-07
6.70415e-07 -3.57107e-07
7.72206e-07 4.62218e-07
-1.05616e-06 -4.6797e-07
6.40645e-07 4.49963e-07
1.15453e-06 -8.67842e-08
8.99277e-07 -4.89824e-07
-6.48331e-07 5.24264e-08
-8.55966e-07 -3.50832e-08
-1.3246e-06 1.685e-07
-1.40442e-06 4.49247e-07
2.55161e-07 4.02789e-07
9.46325e-08 -3.99033e-08
-1.78722e-06 5.80884e-07
-1.29058e-06 -5.31188e-07
5.78829e-07 -8.33687e-08
-1.69901e-06 2.46333e-07
1.6882e-06 4.1517e-07
2.62631e-08 5.72292e-07
-1.72852e-06 1.97059e-07
-8.36942e-07 2.22153e-07
-1.50372e-06 -3.42917e-07
-8.80853e-07 -5.63482e-07
2.09561e-07 3.19688e-07
1.32432e-06 5.20402e-07
1.75141e-06 -3.77218e-08
9.15802e-07 1.2696e-07
-1.64428e-07 -4.45642e-07
1.59622e-07 3.86387e-07
3.99936e-07 -6.41399e-07
1.4015e-06 6.78262e-07
1.45689e-06 -2.46527e-07
-5.19328e-07 -5.87814e-07
1.7639e-06 -4.37243e-08
6.58051e-07 4.62363e-07
7.26908e-09 -4.03481e-07
-1.22019e-06 -6.55441e-07
1.03818e-06 -1.14554e-07
1.11253e-06 2.40875e-07
1.53087e-06 5.78978e-07
1.48135e-06 -3.22549e-07
1.64546e-07 -2.26141e-07
-7.78443e-07 7.47363e-08
1.56459e-06 6.52796e-07
-3.52457e-07 -3.52036e-08
-1.7088e-06 2.52674e-07
1.09758e-06 -2.7695e-07
-1.78445e-06 6.18761e-07
7.23684e-07 3.31738e-07
-4.36377e-07 -2.67676e-07
-1.80939e-06 5.48128e-07
-4.70141e-07 -3.31056e-07
-9.92051e-07 2.00901e-07
3.8957e-08 6.51253e-07
4.29733e-08 -6.18565e-07
-3.82429e-07 -6.2776e-07
-1.62485e-06 -5.3967e-07
-1.76888e-07 -3.4607e-07
4.46206e-07 4.05121e-07
1.47566e-06 -4.43712e-07
-3.13565e-07 -6.07317e-07
1.71226e-07 1.94039e-07
-1.26347e-06 -4.55314e-08
-1.75245e-06 2.90811e-07
-2.47408e-07 -2.54346e-07
-3.42544e-07 -2.29152e-07
1.33409e-06 2.71326e-07
2.98496e-07 -5.47721e-08
1.65636e-06 -5.16439e-07
1.0333e-06 -2.96062e-07
9.05307e-07 -8.16735e-08
-1.48192e-06 -1.31051e-07
-1.28407e-06 5.91582e-07
-6.8625e-07 6.86221e-07
1.73265e-06 -5.90875e-07
1.17196e-06 1.14486e-07
-1.79971e-06 2.14859e-07
-8.88279e-07 1.15936e-07
1.81642e-06 -2.56525e-07
-1.0049e-06 -4.52124e-07
1.09098e-06 1.31374e-07
1.62377e-06 2.08043e-08
1.54202e-06 1.67729e-07
3.43571e-08 1.64634e-07
7.89552e-07 -3.20373e-07
-8.97626e-07 3.95608e-07
-1.77914e-06 3.60667e-07
-1.44284e-06 -3.82073e-07
-1.47441e-07 2.14997e-07
1.78465e-06 -4.31763e-07
-1.8069e-06 1.46062e-07
-2.41157e-07 2.18586e-07
-1.21586e-06 6.21544e-07
-4.11735e-07 4.20652e-07
-4.46819e-07 2.96498e-07
-1.23916e-06 3.70779e-07
1.59337e-06 -1.08839e-07
6.29545e-07 5.1226e-07
-1.26628e-06 6.49332e-07
1.0219e-07 3.84164e-07
-1.35592e-06 4.75033e-07
1.76802e-06 3.11516e-07
6.23049e-07 -5.44221e-07
1.45183e-06 -4.47119e-07
-1.79172e-06 5.52529e-07
9.27202e-07 3.54446e-07
8.51499e-07 -4.18268e-07
-1.19294e-06 -6.95025e-07
1.75445e-07 -2.49288e-07
-7.97739e-07 -3.68554e-07
9.68442e-07 3.02459e-07
-6.81189e-07 5.0916e-07
1.23127e-06 2.06267e-07
1.273e-06 5.49923e-08
1.65611e-06 -1.46443e-07
-1.20968e-06 6.82886e-07
-1.04886e-06 6.19096e-07
-3.70272e-07 -5.72636e-07
9.11161e-07 5.41829e-07
7.70978e-07 -1.74252e-07
6.23703e-07 1.75329e-08
-1.54865e-06 6.0582e-07
1.03394e-06 -2.68372e-07
-2.69397e-07 -1.21059e-07
-1.09985e-06 -2.20306e-08
-1.39669e-06 7.61589e-08
6.21849e-07 -4.90686e-07
-3.62111e-07 -5.44987e-07
4.08567e-07 4.08279e-07
-7.17599e-08 6.60855e-07
3.96373e-08 3.65162e-07
-7.27944e-07 -5.3881e-07
1.42962e-06 4.13237e-07
-1.41832e-06 -2.01337e-07
6.31474e-07 -1.00862e-07
7.94117e-07 4.7388e-07
1.20377e-06 2.58904e-08
-1.47464e-06 3.88507e-08
1.57896e-06 4.64125e-07
1.80829e-06 -9.34307e-08
1.55495e-06 -4.88233e-07
5.43857e-07 4.49974e-07
-2.15934e-07 2.86796e-07
-1.2004e-06 -5.34447e-08
-1.77154e-06 -6.50776e-07
-7.26816e-07 -3.62307e-07
-1.52896e-06 5.0547e-07
1.24147e-06 9.98829e-08
9.07052e-07 -2.23408e-07
4.51484e-07 6.94284e-07
1.65246e-06 3.92168e-08
-1.64688e-07 -5.2076e-08
-1.09517e-06 2.25902e-07
-8.1915e-07 -5.45698e-07
2.95072e-07 9.3719e-08
-3.55627e-08 6.55484e-07
6.71362e-07 3.3058e-07
-1.54838e-06 4.93908e-07
-1.41814e-06 -4.14351e-07
1.45604e-06 4.53258e-07
-1.48485e-06 -2.71289e-07
1.53995e-06 2.84397e-07
-1.5292e-06 -5.8091e-07
1.71042e-06 3.2822e-07
-1.76873e-06 2.34666e-07
1.15348e-06 -1.08575e-08
1.04861e-06 2.66055e-07
-1.33549e-06 2.83954e-07
-1.20641e-06 -3.60695e-07
-3.84965e-07 6.26501e-07
1.33e-06 2.71887e-07
1.56074e-06 6.55634e-07
-3.76586e-07 3.85185e-07
1.40836e-06 3.57972e-07
-1.48184e-06 -5.87336e-07
-1.78339e-06 -5.18419e-07
1.41459e-06 -3.90192e-08
-2.24229e-07 5.6105e-07
-5.52212e-07 -6.41172e-07
-8.99683e-07 -2.59373e-08
6.82902e-07 -5.94383e-07
1.90396e-07 1.47645e-07
-7.07161e-07 2.96563e-08
2.99444e-07 1.6218e-07
-8.11564e-07 4.16401e-07
-1.37482e-07 5.15698e-07
-9.05885e-07 -2.41824e-09
-4.02531e-07 6.05971e-07
1.75702e-06 1.75225e-07
-7.81855e-07 4.28264e-07
-9.40584e-07 -1.19636e-07
-3.46668e-07 -4.49215e-07
1.62881e-06 -2.08901e-07
1.81934e-06 4.70673e-07
1.79687e-06 -2.28093e-07
1.09172e-07 -4.37085e-07
-1.3066e-06 -2.86602e-07
-1.10328e-06 -4.55907e-07
1.33285e-06 -4.33702e-07
3.02635e-07 3.57974e-07
-5.83666e-07 6.68037e-07
-5.58842e-07 3.61885e-07
-1.29459e-06 6.12806e-07
1.75408e-06 -6.62083e-07
1.06586e-06 1.71703e-07
1.33561e-06 -6.20307e-07
-1.35751e-06 5.84002e-07
1.09502e-06 -5.27982e-07
-3.30849e-07 -1.37472e-07
6.76053e-07 -5.36773e-07
-3.65386e-07 -1.27394e-07
-1.4463e-06 2.21489e-07
-9.13086e-07 6.27329e-07
-5.24751e-07 -3.94469e-08
1.1562e-06 3.96936e-07
1.16582e-06 -1.10723e-07
8.00045e-07 -3.96852e-07
3.12902e-07 1.4087e-07
-5.80757e-07 -3.63033e-07
-1.77184e-06 -3.87581e-07
-1.08075e-06 4.21218e-07
6.90734e-07 1.40494e-07
-5.04948e-07 -8.69018e-08
1.11067e-06 2.20479e-08
-6.97893e-07 6.49647e-07
5.2439e-07 -7.02133e-08
1.13888e-06 -6.36805e-07
5.04217e-07 -4.70471e-07
-3.05234e-07 1.50564e-07
-1.29225e-06 -5.36018e-07
7.8842e-07 -5.4441e-07
-1.47508e-06 -3.88979e-07
-1.80113e-06 7.68264e-08
-1.67403e-06 -2.30656e-07
-1.64902e-06 -6.30733e-07
-3.8298e-07 -5.94726e-07
-8.5453e-07 -2.95126e-08
-2.02556e-07 2.66479e-07
-4.80541e-07 6.28362e-07
-7.14394e-07 3.55745e-07
2.0004e-07 2.50765e-07
6.67875e-07 -2.09588e-08
-3.32156e-07 -1.07876e-07
6.82889e-07 -2.78236e-07
9.50504e-07 3.58959e-07
-8.53935e-07 6.95834e-07
-2.28843e-07 -1.5391e-07
-1.27085e-06 1.65529e-07
-1.25843e-07 1.49624e-07
-1.24551e-06 1.57923e-07
5.54555e-07 7.67245e-08
-9.22376e-07 -3.44828e-08
1.06793e-06 -1.74278e-07
8.50252e-07 -1.23219e-07
-2.73213e-07 -3.4756e-07
6.64117e-07 -1.95518e-07
-3.31718e-07 1.53504e-07
1.66464e-06 -5.45741e-07
9.30015e-07 -3.07907e-08
1.21366e-06 1.88677e-07
5.00745e-07 4.60094e-07
5.33551e-07 7.95256e-08
-2.86732e-08 -4.36089e-07
1.76084e-07 6.60736e-07
-1.71416e-06 -1.52545e-07
2.46883e-08 -2.45337e-07
1.28579e-06 -1.6751e-07
-1.15284e-06 1.50889e-07
-1.01572e-07 -4.93845e-08
1.96765e-08 3.16134e-07
7.13987e-07 -3.95243e-07
5.80639e-07 -3.10216e-07
1.48791e-07 6.74999e-08
-9.62168e-07 3.00033e-07
1.00463e-07 -2.48391e-07
9.26049e-07 2.31778e-07
-1.16572e-06 -4.99148e-07
-8.00323e-07 9.37021e-09
1.62865e-06 3.92232e-07
1.12153e-07 -5.96426e-07
7.20483e-07 -6.68655e-07
-8.27998e-07 -1.00727e-08
-4.35229e-07 -4.31426e-07
1.64068e-06 -2.56446e-07
-2.93404e-07 -1.37181e-07
1.66466e-06 8.63346e-08
1.16384e-06 6.75095e-07
7.61558e-07 -3.77564e-07
1.20959e-06 5.05228e-07
-1.67357e-06 5.02857e-07
4.1499e-08 3.76486e-07
-2.21083e-07 -6.71765e-08
-6.09311e-07 -3.92425e-07
1.28011e-06 6.00232e-08
1.40676e-06 5.19959e-08
-1.04299e-06 5.41044e-07
-1.57451e-06 6.56105e-07
-1.25796e-06 5.81293e-07
-4.35803e-08 -4.20302e-07
-1.55783e-06 6.83833e-07
-1.01509e-06 -1.24651e-07
-9.82288e-07 1.25997e-07
8.45216e-07 3.41823e-07
7.72254e-07 1.96842e-07
-1.66349e-06 -3.16502e-07
1.00163e-07 -5.1642e-07
4.46083e-07 -1.02819e-07
-1.06886e-06 2.45412e-07
-6.87631e-07 3.24474e-07
8.52181e-07 1.754e-07
-1.30382e-06 5.02754e-07
6.13883e-07 1.12433e-07
-1.15345e-06 3.4413e-07
5.10357e-07 -5.47054e-07
3.98099e-07 2.42372e-07
-8.38609e-07 -6.55844e-07
1.15902e-06 4.06614e-07
7.39159e-07 6.78455e-07
1.77171e-06 6.01893e-07
-1.46755e-06 -6.43655e-07
1.04643e-06 -3.04755e-07
1.0468e-06 1.79294e-07
1.74993e-06 -4.80229e-07
-3.60243e-07 2.4591e-07
2.48657e-07 2.09419e-07
9.31672e-08 -4.19654e-07
1.81792e-06 -5.05668e-08
-1.77372e-06 -3.74892e-07
1.47063e-06 -4.92741e-07
1.08245e-06 4.39268e-07
3.12755e-07 -5.09993e-07
-5.91361e-07 7.36987e-08
1.2033e-06 4.20096e-07
8.2654e-07 1.30628e-07
-1.06245e-06 4.73573e-07
5.97011e-07 -5.71373e-07
8.28537e-07 6.85555e-07
-1.57162e-06 5.83293e-07
-3.98315e-07 -5.49851e-07
-1.05655e-06 -2.72842e-07
2.42697e-07 6.26941e-08
-5.23353e-07 -4.82141e-07
4.76856e-07 -5.48717e-07
4.11171e-07 4.5007e-07
7.11244e-07 4.72139e-07
9.93207e-07 6.47438e-07
-1.09489e-07 -3.57284e-07
-1.17574e-06 6.08999e-07
8.83545e-07 -2.59985e-07
1.16432e-06 4.88235e-07
-3.13668e-07 -2.19009e-07
-1.66382e-06 2.85117e-07
-5.87312e-07 5.73132e-07
-1.19274e-06 -2.34919e-07
-5.31801e-07 -8.30381e-08
-1.72719e-06 -6.72496e-07
2.10252e-07 -4.41633e-07
1.34983e-06 -5.61021e-07
5.94689e-07 1.19351e-07
1.20936e-06 -6.82883e-07
-3.81404e-07 -5.00656e-07
6.08431e-07 -6.75809e-07
1.78933e-06 4.68046e-07
-1.53809e-06 -6.0628e-07
1.19899e-06 -3.7834e-07
-1.26461e-06 -2.04201e-07
3.18155e-07 2.48724e-07
3.46636e-07 -5.68502e-07
5.60985e-07 4.65469e-07
7.52204e-07 -6.5133e-07
5.2906e-07 5.08753e-07
-1.61867e-07 -1.15907e-07
-5.89336e-07 -3.10117e-07
-1.26522e-06 1.07268e-07
2.71571e-07 5.28294e-07
-3.02826e-08 5.74496e-07
3.77908e-09 -3.10335e-07
1.47998e-06 -4.40562e-07
1.33549e-06 2.91843e-07
1.03296e-06 5.18891e-07
-1.54167e-06 -4.70737e-07
1.08561e-06 -3.6887e-07
8.00372e-07 -6.1648e-07
2.98103e-07 -6.09813e-07
1.49582e-06 -2.38801e-07
-6.3085e-07 -6.78498e-07
-2.57762e-07 -1.89004e-07
1.495e-06 -4.76559e-08
-1.72066e-06 -6.21009e-07
-2.10943e-07 6.09084e-07
-1.94264e-07 -1.91619e-08
1.76931e-06 -1.5574e-07
-1.65585e-06 -6.07513e-07
-1.31219e-06 4.96821e-07
-1.47587e-07 4.98384e-07
-4.11011e-08 5.20602e-08
1.66265e-06 3.63872e-07
-4.2587e-07 4.0619e-07
-1.29632e-06 5.79047e-07
3.85646e-08 -4.30619e-07
-8.45474e-07 -3.72095e-08
-9.18322e-07 -6.67585e-07
5.88354e-07 3.94566e-07
-1.59189e-06 6.84855e-07
1.76027e-06 -6.35349e-07
7.12244e-09 -3.10725e-07
1.51327e-06 3.98005e-07
8.39741e-07 6.64748e-07
2.662e-07 -3.76249e-07
-1.00105e-06 -3.34586e-07
1.08417e-06 -4.69469e-08
-1.17911e-06 1.87115e-07
-1.17782e-06 -3.88133e-07
1.68946e-07 6.19349e-07
1.77861e-06 -4.32003e-07
7.63554e-08 -4.63114e-07
-1.75675e-06 -2.36674e-07
1.30546e-06 -2.62605e-07
-9.59322e-07 3.2277e-08
9.7407e-07 4.23789e-07
1.54557e-06 -6.10059e-07
1.05041e-06 -5.34697e-07
-1.68e-06 -2.78084e-07
-3.32702e-07 2.65877e-07
1.31159e-06 1.75387e-07
2.99755e-07 5.187e-07
-1.45262e-06 3.17668e-07
-7.25513e-07 2.51265e-07
-3.38775e-07 5.19451e-07
7.10286e-07 -2.29409e-07
-4.54167e-07 2.65047e-07
1.19887e-06 -6.42819e-08
-5.20471e-07 6.68719e-07
-1.70598e-07 6.07141e-07
6.49262e-07 -9.34707e-08
1.93401e-07 -2.87225e-07
1.54308e-06 -7.79309e-09
1.67582e-06 6.63901e-07
1.48468e-06 -6.89965e-07
-4.3311e-07 6.72151e-07
3.81859e-07 -4.80739e-07
1.55902e-06 3.65915e-07
-8.67081e-07 1.39507e-07
-5.42818e-07 -1.76686e-08
7.9635e-07 -6.76537e-07
1.39931e-06 2.4301e-07
8.79209e-07 6.43062e-07
7.39854e-09 -6.97394e-07
-2.58926e-07 3.18962e-07
-6.49664e-09 -1.31415e-07
-2.79765e-10 -2.85889e-07
6.79809e-07 -4.9048e-07
-1.52591e-06 -2.57998e-07
-1.12323e-06 -1.5108e-07
1.63928e-06 -6.70836e-07
9.26897e-08 -3.30466e-07
-6.41154e-07 -2.45869e-07
-2.02388e-07 5.92056e-07
1.07533e-06 9.09531e-08
8.58339e-07 -4.16705e-07
2.96697e-07 2.70817e-07
-1.16509e-06 -6.00828e-08
-2.7731e-07 2.99077e-07
-1.46235e-07 -4.33371e-08
1.41682e-06 2.97693e-07
-4.47916e-07 -2.30205e-07
5.20889e-07 4.80674e-08
-2.82896e-07 -5.65738e-07
-8.87613e-07 3.25276e-07
-9.15844e-07 2.63034e-07
-7.43689e-07 -5.02525e-07
1.5437e-06 2.17012e-07
1.57778e-06 1.4645e-08
-1.14805e-06 3.7452e-07
1.15287e-07 6.54139e-07
1.51729e-06 -2.41339e-07
1.7134e-06 -4.56457e-07
3.33731e-07 6.54405e-07
-2.61975e-07 -2.65183e-07
-3.87502e-07 5.10511e-08
-1.72054e-07 2.5529e-07
-2.06571e-07 4.07715e-07
-1.62685e-06 3.02936e-07
7.11518e-07 5.04267e-07
1.7186e-06 5.89024e-07
-1.30257e-06 -5.04159e-07
-6.62065e-07 -6.54013e-08
-1.03254e-06 -4.62932e-08
-1.30828e-06 -7.7605e-08
-1.4139e-06 -1.75682e-09
-1.44798e-06 -5.17837e-07
1.08415e-06 6.85175e-07
7.07905e-07 2.5326e-07
6.28772e-07 -3.48311e-07
1.08065e-06 -3.11557e-07
1.02913e-06 -4.06355e-07
-1.68068e-06 5.74819e-08
-5.54877e-09 -5.95369e-07
1.37164e-06 1.02336e-07
1.69704e-08 2.19517e-07
1.48787e-06 6.88761e-07
1.34267e-06 -4.8515e-08
1.02865e-06 -5.15455e-07
1.14236e-06 1.51726e-07
-8.09252e-07 6.22235e-08
-6.78111e-07 -3.29095e-07
1.58146e-06 -1.98946e-08
-1.33743e-06 -3.01839e-07
4.8379e-07 -6.44892e-08
1.7796e-07 -4.4673e-07
-9.62391e-07 7.94115e-08
-9.06167e-07 5.16237e-07
7.84348e-07 -2.85621e-07
1.2306e-06 -2.92495e-07
-1.15374e-06 6.93236e-07
-9.14085e-07 -3.59338e-07
-8.82649e-07 -2.27285e-07
1.65239e-06 -6.99208e-07
-4.94305e-07 1.79765e-07
1.40631e-06 -5.18755e-07
-1.56063e-06 6.00382e-07
7.9272e-07 -1.09206e-07
-1.26326e-06 3.91313e-07
2.39891e-07 -4.23038e-08
3.53761e-07 -2.86358e-08
-9.40967e-07 -4.7392e-07
-1.7646e-06 5.40419e-07
1.21594e-06 2.34666e-07
7.29548e-07 -3.27932e-07
6.03209e-07 -3.39107e-07
-1.08715e-06 3.81175e-07
-1.75016e-07 1.05909e-07
-6.95948e-07 2.3998e-07
5.06365e-07 4.29302e-07
-1.85701e-07 5.12325e-07
-4.06083e-07 2.48302e-07
1.50128e-06 -3.54302e-08
8.54323e-07 9.83795e-08
1.18109e-06 4.96507e-08
-1.10347e-06 -2.66471e-07
9.63074e-08 2.08647e-08
1.22549e-06 4.58073e-07
1.24559e-06 5.22428e-07
-6.49377e-07 5.58557e-07
1.2832e-06 -6.55412e-07
6.2576e-07 5.68008e-07
-2.55053e-07 -3.40135e-07
1.61317e-06 3.87214e-07
-1.38231e-06 5.93318e-07
1.35878e-06 -2.65601e-07
-4.92186e-07 -5.76319e-07
-1.71472e-06 4.52233e-07
2.80011e-08 -2.22875e-07
-9.29226e-08 -3.68548e-07
-1.48571e-06 -3.40302e-07
-9.19641e-07 -3.73239e-07
-1.55742e-06 -5.84932e-07
-1.54496e-06 3.28315e-07
-1.3372e-06 5.78533e-07
-1.42942e-08 2.19942e-07
-1.3662e-06 -4.14446e-07
4.31885e-07 -6.94393e-07
-3.54846e-07 5.12565e-07
-2.02323e-07 3.32608e-07
1.33763e-06 6.32718e-07
1.38661e-06 -2.24551e-07
1.57092e-06 3.84081e-07
1.97867e-07 5.05807e-07
1.43339e-06 -2.49552e-07
-1.73425e-06 4.17659e-07
2.17152e-07 -3.96318e-07
1.2155e-06 2.21074e-07
-1.46673e-06 6.23392e-07
-4.12821e-07 -4.09037e-07
1.35866e-06 -1.93089e-07
-3.60732e-07 5.56319e-07
-6.68914e-07 -4.16583e-07
-1.59707e-06 1.99419e-07
9.97329e-07 -1.81511e-07
-9.79717e-07 -2.98865e-07
-2.93092e-07 -6.16383e-07
-1.18682e-06 -1.24388e-07
-1.05938e-06 5.24484e-07
-6.11878e-07 -5.23451e-07
-3.7412e-07 -2.98865e-07
7.45415e-07 -6.29622e-08
1.25187e-06 -5.97907e-07
-7.47358e-07 5.00561e-07
-5.27808e-07 4.1728e-07
-1.11614e-06 -2.31967e-07
3.12465e-07 -4.39601e-07
1.23891e-06 -2.11956e-07
1.5124e-06 -5.7829e-07
8.1536e-07 1.16684e-07
-4.96686e-07 5.41104e-07
-5.42587e-07 5.11687e-07
2.94854e-08 -3.93453e-08
2.10276e-07 -1.41445e-07
-1.03643e-06 -2.31751e-07
1.68789e-06 -2.95745e-07
-6.37927e-07 -5.05546e-07
1.47385e-06 5.88894e-07
-4.22619e-08 5.01389e-08
1.46266e-06 6.25929e-07
5.35649e-07 -2.6586e-07
-1.0632e-06 -1.69879e-07
-4.97887e-07 1.90526e-07
1.11884e-06 5.43511e-07
6.25182e-07 9.9629e-08
-1.05921e-06 5.25115e-07
1.40422e-06 6.38367e-07
-1.10633e-06 -1.87468e-07
-1.21569e-07 4.64573e-07
1.06478e-06 5.94699e-07
1.71673e-06 -1.96853e-07
1.59438e-06 5.68353e-07
8.57642e-07 -2.13175e-07
-5.69176e-07 3.45901e-08
-1.0278e-06 3.15945e-07
-1.20755e-06 -6.7247e-07
-8.49706e-07 -5.66349e-07
-1.02594e-06 -5.1141e-07
-7.86811e-07 6.54928e-07
1.15718e-06 -3.80204e-08
-1.79262e-06 -6.13313e-07
-8.71585e-07 4.85759e-07
-4.69181e-07 4.85123e-07
4.59774e-07 -1.04388e-07
1.52224e-06 6.51382e-07
-1.40521e-06 4.17101e-07
7.3256e-07 6.03526e-07
-1.25784e-06 -3.62203e-07
-1.72348e-06 -6.27264e-07
-1.35359e-06 -5.87897e-07
6.31315e-07 3.65118e-07
-4.93919e-07 -2.06074e-07
-8.28935e-07 4.96888e-07
1.14578e-06 3.58524e-07
2.13246e-07 5.14162e-07
-1.47766e-07 -4.16547e-07
-1.49102e-06 3.28925e-07
-5.93527e-07 -4.67292e-08
-8.71577e-07 8.87625e-08
-8.08935e-07 -1.98971e-07
-1.04996e-06 2.89475e-09
7.53749e-07 6.58558e-08
-1.09601e-06 -1.39598e-08
1.24604e-07 -4.74435e-07
-4.61967e-07 2.20393e-07
-1.22003e-06 -3.14723e-09
-1.75059e-06 -5.55132e-07
1.79905e-06 4.74256e-07
1.65684e-07 -2.10063e-07
9.89056e-07 -6.03065e-07
-1.59097e-06 -3.4431e-07
-2.0151e-07 4.52544e-07
-5.58869e-07 -3.63854e-07
7.32164e-07 2.26547e-07
-1.58553e-06 2.20221e-07
-4.02771e-07 4.60273e-07
9.62098e-07 -6.27472e-07
1.70739e-06 5.49024e-08
1.03879e-06 -3.39844e-07
8.02061e-07 -3.20433e-07
-2.28706e-07 8.89786e-08
-1.26539e-06 1.74053e-07
-1.62737e-06 1.1609e-07
-1.38025e-06 3.97599e-07
-1.82384e-06 -6.1494e-07
-2.96019e-07 -3.07179e-07
1.61531e-06 3.11451e-08
-4.89509e-07 9.63902e-09
-2.01295e-07 3.79425e-07
1.81539e-06 -3.75836e-07
-1.44461e-06 3.59258e-07
-1.68779e-07 -2.57201e-07
1.60203e-06 2.47172e-07
3.74729e-07 1.90999e-08
-9.48816e-07 2.19973e-07
5.34514e-07 3.63164e-07
-3.50754e-07 -4.9763e-08
5.86319e-07 -3.29748e-07
-5.32297e-07 -2.63659e-07
3.39672e-07 -4.45891e-08
3.18323e-07 -4.71261e-07
-8.25121e-07 5.17008e-07
1.09741e-06 -3.2139e-07
7.98166e-07 5.56917e-07
-2.85828e-08 -1.67894e-07
-1.08987e-06 6.00363e-07
-8.19518e-07 4.66384e-07
1.15414e-07 3.31197e-07
-1.302e-06 -4.66341e-07
4.96913e-08 3.86885e-08
1.66745e-06 -3.32702e-07
1.38686e-06 -6.64985e-07
-2.92305e-07 3.96816e-07
-9.53355e-07 2.53678e-07
-2.05541e-07 -2.6917e-07
-8.29061e-09 6.03173e-07
6.9587e-07 5.12142e-07
-1.58916e-06 -5.32331e-07
6.05749e-07 5.28343e-07
-8.16957e-07 2.30588e-07
2.02468e-07 3.78735e-07
4.95899e-07 2.53075e-07
-1.05618e-06 -3.91636e-07
-1.01349e-06 3.55686e-07
-1.15556e-06 4.7775e-08
-1.26229e-06 -3.32449e-07
-1.10529e-06 3.92281e-07
-9.49911e-07 -5.04289e-07
-1.77921e-06 2.17258e-07
3.91286e-07 4.40513e-07
-1.74379e-06 6.73448e-07
-1.81053e-07 3.29899e-07
-1.47866e-06 5.0918e-07
-7.63753e-08 -1.05721e-07
5.87203e-07 -3.52018e-07
-1.25725e-06 3.7694e-08
-2.21938e-07 -1.53687e-07
-1.3925e-06 -2.30841e-08
1.27596e-06 -2.04326e-07
1.60001e-06 -8.20301e-08
-4.6441e-07 -5.17051e-07
-1.77039e-06 4.08688e-07
1.15217e-06 1.46436e-07
1.13241e-07 5.06265e-08
1.08777e-06 -1.67156e-08
1.3973e-06 2.16026e-07
-1.53566e-06 -4.00208e-07
-1.80017e-06 6.85482e-07
1.53482e-06 -2.59402e-07
4.45157e-07 -3.10972e-07
-1.44927e-06 -2.68883e-07
-1.13834e-06 -3.91349e-07
8.5384e-08 -4.31689e-07
3.24066e-07 6.58101e-07
-1.30699e-06 1.82496e-07
1.59531e-06 -5.30136e-07
-1.0309e-06 -3.21705e-07
1.56664e-06 5.85341e-07
-1.50864e-06 6.64593e-07
-1.62305e-06 3.71413e-07
1.4175e-06 3.81517e-07
-1.66252e-06 -4.98969e-08
-4.7838e-07 -9.42323e-08
-1.47126e-06 5.87677e-07
1.52725e-06 7.21729e-08
-7.35179e-07 1.29531e-07
1.09856e-07 4.51657e-07
9.1561e-07 -5.60909e-07
7.50101e-07 -7.35471e-08
-6.45095e-07 3.82195e-07
-1.63078e-06 6.4622e-08
3.29425e-07 -3.84971e-07
6.22557e-07 -5.69887e-07
4.78834e-07 2.02564e-07
-1.77614e-06 -1.88674e-07
-5.41621e-07 -1.7275e-07
-1.47997e-06 6.88037e-07
6.91017e-07 6.13223e-07
-3.18761e-07 -5.21317e-07
1.40312e-06 5.34128e-07
-1.62678e-06 6.74118e-07
-1.5544e-06 -5.3465e-08
-7.90781e-08 -5.09927e-07
1.61997e-06 5.05647e-07
2.90355e-07 5.94907e-07
-1.57356e-06 6.56488e-07
-1.75892e-06 -8.69086e-08
-2.26874e-08 4.72251e-07
-1.81781e-06 -3.57172e-07
1.57782e-06 3.14482e-07
3.59576e-07 4.93439e-07
