4.81673e-07 -4.46074e-07
6.94277e-07 6.24158e-08
1.68038e-07 1.79718e-08
-1.61279e-07 4.98819e-07
2.27061e-07 6.26292e-07
-3.32408e-07 -3.0642e-07
-2.35826e-07 -2.6588e-07
1.0587e-06 6.51192e-07
-1.44769e-06 -7.64967e-08
-8.098e-07 1.70435e-07
-3.99191e-07 -4.15416e-07
1.07072e-06 2.9979e-07
-4.0909e-07 5.35083e-07
-5.22872e-07 -4.70813e-07
9.10207e-07 1.5249e-07
-1.38324e-06 -4.56486e-07
1.54417e-06 -3.44134e-07
4.93909e-07 6.01119e-08
-1.50285e-06 8.61609e-08
6.68809e-07 -4.61732e-07
-1.59346e-06 -4.70152e-07
8.2052e-07 -4.08949e-07
1.16292e-06 4.58884e-09
1.01519e-07 -1.39087e-07
1.69529e-06 1.66602e-07
-5.55261e-07 2.50195e-07
-1.03372e-06 9.49787e-08
8.24811e-07 2.33252e-08
1.79777e-06 5.86469e-07
8.83543e-07 2.21681e-07
1.50292e-06 1.96925e-07
5.07703e-07 -2.24145e-07
1.49803e-06 -3.19076e-07
1.39818e-06 5.57609e-07
1.62374e-06 4.56829e-07
-1.07113e-06 -9.16036e-08
-1.75738e-06 1.64267e-07
1.08697e-06 -6.92578e-07
9.47595e-08 -2.09182e-07
-1.1303e-06 1.74393e-08
1.2466e-06 -4.99659e-07
-5.62673e-07 1.50672e-07
1.4336e-06 1.41339e-07
4.78339e-07 3.02362e-07
1.66236e-06 -6.37012e-07
1.41613e-06 5.78497e-07
-1.34794e-06 -6.38065e-07
-3.84159e-07 -3.23734e-07
1.62843e-06 -5.01779e-07
-1.0963e-06 -3.30396e-07
6.48274e-07 2.33704e-08
1.10774e-06 2.57689e-07
-6.14257e-07 -5.65633e-07
-1.32494e-06 5.25997e-07
2.80618e-07 -5.03857e-07
1.19091e-06 -4.76305e-07
-5.61584e-07 2.7834e-07
4.33435e-07 -3.68598e-07
5.14668e-07 3.98018e-07
5.03959e-07 -6.30392e-07
-3.69437e-07 6.11252e-08
8.56683e-08 5.43243e-07
1.77838e-07 5.89012e-07
-3.64285e-08 -1.63366e-07
1.09143e-06 5.21737e-07
-4.32708e-07 -4.52641e-08
1.02027e-06 -5.7827e-07
3.6625e-07 2.83404e-07
1.23533e-06 -3.51965e-07
1.26338e-06 1.7277e-07
-1.04234e-06 -2.89333e-07
9.74602e-07 -2.86758e-07
4.05245e-07 -1.99507e-08
-1.95523e-07 -1.54296e-08
-1.36174e-06 -5.65171e-07
-1.23624e-06 8.31035e-08
5.00235e-08 -5.20541e-07
1.34753e-06 -4.58601e-07
-2.95679e-07 -6.82956e-07
5.37547e-07 6.21781e-07
-1.1002e-07 -6.57804e-08
1.47987e-06 -6.44673e-07
5.42184e-07 -7.00015e-08
2.40849e-07 6.22807e-07
-1.36176e-06 6.05314e-08
6.41928e-07 6.00864e-07
1.63969e-06 3.33371e-07
-1.01548e-06 6.18606e-07
-1.46597e-06 4.01064e-07
1.05234e-06 -2.33271e-07
-5.26987e-07 1.25984e-07
-7.99592e-07 4.52885e-08
-3.9444e-08 -1.60423e-08
2.8227e-07 -2.86799e-07
9.90778e-07 9.30281e-08
-1.22818e-06 -5.17299e-07
-1.54656e-06 6.92727e-07
-1.54905e-06 -1.31747e-07
-1.69917e-06 1.10229e-07
-6.01871e-07 -2.03797e-07
5.65606e-07 -1.23856e-07
-3.76836e-07 -1.21973e-07
1.51895e-06 7.38897e-08
-1.42869e-06 3.24913e-08
1.26126e-06 1.7478e-07
-1.13789e-06 -4.21955e-07
5.89016e-07 -1.74448e-07
-4.63099e-07 -5.56343e-07
1.78463e-06 -1.06607e-07
-2.47944e-07 5.67288e-07
6.88734e-07 -9.20799e-08
-3.7412e-07 -3.62978e-07
5.62836e-07 -5.20301e-07
-1.64569e-06 -4.69286e-07
9.47918e-07 1.2662e-08
1.82014e-06 -3.65729e-07
-1.62724e-06 -2.81434e-10
5.20602e-07 -6.94041e-07
-9.87043e-07 -3.93751e-07
-5.96396e-08 -1.68587e-07
-1.70124e-06 -3.85219e-07
1.79154e-06 6.24222e-07
8.25187e-07 6.34331e-07
4.03832e-07 2.48114e-07
-7.63762e-07 1.53588e-07
-8.38374e-07 8.40725e-08
7.24953e-07 7.04824e-08
3.01195e-07 -4.90456e-07
-4.44613e-08 4.64121e-07
-7.66565e-07 4.54529e-07
-1.02189e-06 3.7747e-07
1.49286e-06 6.94363e-07
6.79588e-07 2.90864e-07
-1.57165e-06 3.17653e-09
9.07718e-07 3.69026e-07
-1.35283e-06 2.66449e-07
-9.98922e-07 6.25213e-07
1.05649e-07 3.58009e-07
3.56122e-07 -2.43686e-07
-1.13179e-06 -2.06021e-07
9.78573e-07 -9.03951e-08
-6.29866e-07 -1.53901e-07
1.38454e-06 -3.06785e-07
-1.31785e-06 -6.48524e-07
-5.61111e-07 -4.22857e-07
-1.25447e-06 3.89036e-07
-2.80194e-07 -5.59458e-07
-8.66054e-07 -4.58328e-07
1.46553e-06 -4.28663e-07
-1.70609e-06 -2.20296e-07
1.19151e-06 5.98491e-07
-7.11423e-07 -3.76478e-07
9.67573e-07 5.20531e-08
3.89056e-07 -6.58987e-08
-2.3419e-07 4.17665e-07
-1.40623e-09 -4.54061e-07
-3.38041e-07 -3.33467e-07
-1.07615e-06 -1.83575e-07
8.19263e-07 -5.41361e-07
1.81213e-06 5.88661e-07
1.036e-06 3.00937e-07
4.40399e-07 -1.48671e-07
-1.36425e-06 6.8759e-07
1.14167e-07 -2.36405e-07
-2.59026e-07 -2.84484e-07
1.08806e-06 6.3195e-07
-6.25909e-07 -5.97317e-08
8.77246e-07 -5.95182e-07
1.79572e-06 -2.93769e-07
-8.43926e-07 1.90142e-07
1.36908e-06 -4.07857e-08
1.76816e-06 -4.81727e-07
7.85804e-07 6.75776e-07
9.99357e-09 7.71785e-08
6.65423e-07 -1.32416e-07
-5.44789e-08 -1.55838e-07
9.2644e-08 4.22913e-07
-1.66239e-06 -4.6093e-07
1.30826e-06 5.0367e-07
1.7822e-06 6.51353e-07
-8.82747e-07 -9.37162e-08
-1.55687e-06 4.23517e-07
-8.56115e-07 -6.14017e-08
1.55611e-06 4.28616e-07
-1.05116e-07 -3.77374e-07
1.22681e-06 -3.77426e-07
-1.08564e-06 -6.71575e-08
1.73474e-06 1.86757e-07
-1.03623e-06 -4.46059e-07
8.69547e-07 5.17569e-07
-1.77702e-06 6.99395e-07
-1.33686e-06 -6.41726e-07
9.3948e-07 3.23074e-08
-1.04075e-06 -3.59831e-07
5.36403e-07 -6.16603e-07
7.68544e-08 2.31166e-08
2.00545e-07 2.00652e-07
-7.22184e-07 -2.43141e-07
-1.53997e-06 -1.808e-07
1.12317e-06 4.11322e-07
-1.24695e-06 -6.65875e-07
1.46583e-06 -2.77585e-07
-1.30515e-06 5.12856e-07
8.739e-07 1.04423e-07
-2.00708e-07 2.30745e-07
-1.32563e-06 -1.98881e-07
7.417e-07 3.96268e-07
-1.82391e-06 -1.00915e-07
5.56662e-07 -1.64769e-07
1.6986e-06 -5.16404e-07
-1.11537e-06 3.38962e-07
-1.41931e-06 -4.83076e-07
-9.073e-07 -6.92574e-07
1.71564e-06 2.66572e-07
-4.98101e-07 3.70577e-07
-1.32888e-06 1.27516e-07
3.94387e-07 5.48818e-07
7.16843e-07 -4.80316e-07
5.53207e-07 6.61923e-07
1.54369e-06 -5.92116e-07
1.06476e-06 6.14505e-07
-1.56596e-06 -4.8002e-07
-1.27964e-06 -1.36483e-07
-1.42862e-06 -3.38336e-07
6.16044e-07 3.36385e-07
-1.79682e-06 -1.82443e-07
4.31155e-07 -9.11023e-08
-8.04487e-07 2.19549e-07
1.3016e-06 -6.08647e-07
-6.7499e-07 9.8228e-08
4.08392e-07 6.04598e-07
-1.04842e-06 2.00703e-07
5.42105e-07 1.77825e-07
-1.23505e-06 2.39362e-07
7.63309e-08 -1.09117e-07
2.46619e-07 2.94612e-07
-1.41492e-06 5.77929e-07
1.29263e-06 -4.82886e-07
4.82951e-07 -3.44033e-07
-1.7042e-06 2.45172e-07
-9.77568e-07 2.69182e-07
-1.03953e-06 5.17421e-07
-1.29068e-07 -2.96555e-08
1.06698e-06 5.32408e-07
1.93886e-07 -5.57723e-07
-6.32594e-07 4.73331e-07
1.19533e-06 3.05935e-07
1.3767e-06 -5.14824e-07
1.06687e-06 -1.25501e-07
-1.03523e-06 2.4102e-07
1.20915e-07 -6.14004e-07
-1.42077e-06 -1.68896e-07
-9.06223e-07 -5.08958e-07
-1.00832e-06 -6.81105e-08
-1.34295e-06 -2.90047e-07
-1.4004e-07 -3.80491e-07
3.68486e-07 -2.1323e-07
1.39043e-06 4.42372e-07
-1.44428e-06 9.70573e-08
-1.3435e-06 5.77303e-08
4.06197e-07 2.60332e-07
1.27627e-06 5.59139e-07
-1.44983e-06 -5.77668e-07
-8.51264e-07 3.73009e-07
-2.54137e-07 1.05694e-08
-6.26401e-07 6.2476e-07
1.19636e-06 -5.28645e-08
5.8268e-07 3.15929e-07
7.69512e-07 3.04096e-07
-1.00801e-06 -4.70947e-07
1.52745e-06 -3.70898e-08
2.0524e-07 -1.56452e-07
-1.32003e-06 -5.80782e-07
1.51407e-06 2.10328e-07
1.00247e-06 -1.59902e-07
-9.26724e-07 -4.50965e-07
-1.61974e-07 -6.62195e-07
6.19054e-07 3.60104e-07
-1.71301e-06 -2.11897e-07
1.6791e-06 -6.59358e-08
1.14449e-06 -2.37895e-07
-1.6774e-06 -3.6981e-08
-5.67896e-07 3.13773e-07
6.174e-07 -6.59862e-07
3.14499e-07 3.53903e-08
1.07768e-07 -5.75942e-09
-8.14679e-07 1.95296e-07
1.15199e-06 -4.31526e-07
-1.59646e-06 2.91681e-07
-3.46295e-07 -4.6433e-07
1.38408e-06 3.03576e-07
5.06292e-07 -5.42893e-07
1.67113e-06 -1.56433e-08
3.49627e-07 -2.79476e-07
-1.63084e-06 -1.8916e-07
6.2994e-07 -2.42539e-07
-2.79088e-07 4.11172e-08
-1.39678e-07 5.81014e-07
-9.60116e-08 -5.55939e-07
-4.02048e-08 -2.55668e-07
-4.97771e-07 -1.65931e-07
-4.50879e-07 -5.6825e-07
1.24842e-06 -2.07761e-08
-3.54765e-07 -2.66839e-07
-3.06059e-07 6.11697e-07
-4.86075e-07 3.63482e-07
-1.69062e-06 -4.58028e-08
1.62616e-06 6.46859e-07
2.82859e-07 -6.51842e-08
5.64828e-07 4.06214e-07
-5.59632e-07 4.01852e-07
-1.39245e-06 6.54857e-07
-3.47372e-07 1.04233e-07
9.39833e-07 -3.31731e-07
-4.03191e-07 8.06022e-08
-8.53848e-07 6.23739e-07
8.52431e-07 5.92453e-09
1.36813e-06 -1.46734e-07
-5.30058e-07 1.30532e-07
1.41233e-06 1.30224e-07
1.23758e-06 -4.05425e-07
-5.08259e-07 -5.80435e-07
1.62239e-08 -6.24001e-07
-1.74104e-06 1.39978e-07
-1.41729e-06 -6.83438e-07
9.32764e-07 -9.36236e-08
-3.82963e-07 -2.76918e-07
-1.22528e-06 -3.53539e-07
-6.76921e-07 8.93731e-08
5.06221e-08 -1.76894e-07
1.71572e-06 -2.36146e-07
6.61277e-07 -3.9688e-08
2.50193e-07 -3.18815e-07
9.10942e-08 3.72085e-07
-1.03108e-06 -3.1569e-07
-1.18157e-06 4.86659e-07
-1.01064e-06 3.61399e-07
1.351e-06 3.28878e-07
8.1257e-07 -5.13441e-07
1.31346e-06 -5.42298e-07
-1.14963e-06 -3.59041e-07
-4.7346e-07 2.03358e-07
8.12208e-08 9.98843e-08
1.84483e-07 -4.6136e-07
1.7169e-06 2.97172e-07
-1.71859e-06 -6.40339e-07
-1.41963e-06 -5.33125e-08
-1.29141e-06 -5.69829e-07
-1.02562e-06 6.65186e-08
7.77313e-07 1.38725e-08
6.08006e-08 2.76161e-07
-1.8008e-06 3.35071e-07
-2.1711e-07 1.68107e-07
1.48534e-06 -1.32828e-07
-6.98906e-07 1.59193e-07
1.5143e-06 -4.20572e-07
1.06105e-06 3.13604e-07
1.42431e-07 1.28361e-07
-7.31842e-07 -1.02483e-07
-1.58552e-06 2.88143e-07
-1.76941e-07 -9.37115e-08
-4.4268e-07 1.25727e-07
3.58473e-07 -3.777e-07
1.14243e-06 1.5059e-08
1.08886e-06 -6.81258e-07
1.56154e-06 6.86088e-07
1.81783e-06 -6.62029e-07
4.11927e-07 -3.54108e-07
-1.1781e-06 1.06139e-07
3.9705e-07 -4.95771e-07
1.30801e-07 2.80363e-08
-1.44967e-06 -1.40421e-07
2.71558e-07 3.75235e-07
-1.56728e-06 -6.79171e-07
-1.10546e-06 5.97491e-07
-1.06614e-06 3.48093e-07
-1.20399e-06 6.76939e-07
1.95399e-07 1.77275e-07
-4.68336e-07 3.68953e-07
1.30899e-07 3.53527e-08
-2.88621e-07 -4.88231e-07
4.88681e-08 -5.97928e-07
-7.94986e-07 5.07293e-07
1.81739e-06 6.33547e-07
8.05602e-07 1.73527e-07
-1.70174e-06 -6.63587e-07
1.1806e-06 -1.31619e-07
3.46104e-07 -2.4839e-07
-1.74035e-06 2.4228e-07
7.28204e-08 -1.11383e-07
3.62586e-07 -5.69721e-07
-1.43566e-06 -5.10141e-07
5.43948e-07 -3.81623e-07
3.2045e-07 5.55893e-07
-1.46251e-06 5.0742e-09
3.66199e-08 -5.96504e-07
-9.79691e-07 -1.32342e-07
1.24074e-06 -3.62184e-07
-1.48714e-06 5.2212e-07
-1.66528e-06 4.99376e-07
-4.76766e-07 6.63985e-07
1.03856e-06 -4.48577e-07
-5.43391e-07 3.50768e-07
-1.00948e-06 -6.65385e-07
4.59375e-07 -1.14422e-09
-1.96024e-07 -5.79635e-07
-6.06628e-07 -5.81162e-09
-1.0934e-06 -3.58295e-07
-2.09488e-07 3.21746e-07
-1.49713e-06 4.9119e-08
-1.31616e-06 -6.64995e-07
-1.57171e-07 -4.93193e-08
1.00899e-06 6.33202e-07
-7.21884e-07 3.96751e-07
8.69967e-07 -8.75868e-08
4.8204e-07 -3.21579e-07
-1.03094e-06 3.83408e-07
-1.70336e-06 3.78663e-07
1.22928e-06 -3.86804e-07
-1.1001e-06 -6.98907e-07
1.78111e-06 2.41913e-08
-1.81536e-06 3.48018e-07
6.72142e-08 -2.76323e-07
1.44643e-06 -4.20105e-07
4.9364e-07 -2.47287e-08
-8.64892e-07 4.51622e-07
-1.56896e-06 -1.07488e-07
-1.06556e-07 -6.92017e-07
-1.5568e-06 4.09585e-07
1.50606e-06 -4.03476e-07
1.12936e-06 2.21668e-07
-1.66922e-06 -5.78311e-07
1.28062e-06 6.00845e-07
-1.20263e-06 1.65793e-07
-1.18359e-06 -3.23767e-07
-1.2058e-06 -4.10099e-07
-3.8986e-07 2.07614e-07
5.23343e-07 1.70732e-07
-1.68873e-06 -6.48492e-07
-3.52273e-07 6.30184e-07
7.54346e-07 -1.70759e-07
-1.0052e-06 4.75023e-07
5.71004e-09 2.57352e-07
-1.65407e-06 8.76905e-08
-1.04099e-06 5.49106e-09
-1.7813e-06 5.46943e-07
-8.9702e-07 1.30786e-07
-1.39293e-07 -4.89348e-07
-1.385e-06 2.92503e-07
1.85333e-07 3.74241e-07
-1.47863e-06 -3.42251e-07
-3.66349e-07 -6.37373e-07
4.28904e-07 -2.28453e-07
1.17063e-07 5.37637e-07
-4.69541e-08 1.14814e-07
-1.71612e-06 -5.61545e-07
1.60305e-06 3.21253e-07
1.0606e-06 -4.85738e-07
4.56045e-07 4.41548e-07
3.74856e-07 1.21857e-08
7.7268e-07 4.34744e-07
-1.38687e-07 -1.36188e-07
1.81552e-06 -1.52607e-07
-5.79816e-07 -3.27628e-07
-1.59469e-06 -6.2826e-07
-8.79079e-08 -5.6585e-07
-1.1213e-06 -6.79993e-07
-1.36137e-06 3.06e-08
3.02772e-07 1.21695e-08
-8.30114e-08 9.44657e-08
-9.68773e-07 4.33198e-07
1.03078e-06 -4.60771e-07
6.12508e-08 -3.51371e-07
1.10433e-06 -4.12159e-08
-1.34631e-06 -3.90113e-07
1.0291e-06 6.23309e-07
-1.1936e-06 -7.64672e-08
-1.16631e-06 4.64645e-07
1.159e-06 -4.08026e-07
-8.92164e-07 1.46797e-07
-1.5384e-06 7.76649e-08
1.73334e-06 -3.17593e-07
-5.45621e-07 1.73992e-07
-1.48911e-06 2.66212e-07
9.5721e-07 5.58528e-07
-1.00628e-06 3.14453e-07
-1.6628e-06 -1.24012e-07
1.3779e-06 4.23914e-08
1.14535e-06 4.12121e-07
1.04374e-07 2.26292e-07
8.09856e-07 -4.99387e-07
1.04148e-07 -6.82825e-07
7.71933e-07 1.35582e-07
9.36284e-07 -4.51472e-07
-9.28918e-07 6.38674e-07
-7.7687e-07 3.00405e-07
-1.49153e-06 -5.74953e-07
9.13484e-07 3.63516e-07
2.00336e-08 3.61923e-07
1.63725e-06 -6.53517e-07
-5.80932e-07 -5.01818e-07
1.2437e-06 6.09767e-07
1.22332e-06 -4.54208e-07
-1.51464e-07 -5.2578e-07
2.28531e-07 4.02646e-07
7.68071e-07 -1.50767e-08
3.21275e-07 -4.76836e-07
1.29477e-06 1.89907e-07
-1.54737e-06 -3.97113e-07
-1.03464e-06 -2.16489e-07
1.22982e-06 3.7158e-07
-1.74519e-06 -6.25191e-07
-7.63468e-07 2.4085e-07
-9.5956e-07 -4.08811e-07
9.49803e-07 5.33474e-08
1.78034e-06 3.95942e-07
1.53278e-07 3.4891e-07
-1.20891e-06 4.23023e-07
-3.50461e-07 6.69871e-07
1.39972e-06 3.52523e-07
1.49229e-08 4.07831e-07
1.51075e-06 2.49179e-07
-1.28506e-06 6.96224e-07
-1.4815e-06 -5.81381e-07
-5.56409e-07 1.73016e-07
3.81135e-07 3.76765e-07
3.97389e-07 -5.1591e-07
1.36125e-06 2.39334e-08
-2.97403e-07 -4.16607e-07
4.74446e-07 5.12684e-07
1.03721e-07 5.46423e-07
1.64249e-06 1.47672e-07
3.53144e-07 4.73854e-07
-2.60618e-07 -1.32629e-07
-4.30424e-07 2.31726e-08
-2.2861e-07 -2.35794e-08
-1.68932e-06 -5.10081e-07
1.45937e-06 4.84316e-07
9.19228e-07 -1.76218e-07
-8.52811e-07 -4.46707e-07
1.53137e-06 -5.51316e-08
-1.28943e-06 -5.87e-07
7.00456e-07 -1.06764e-07
-1.82028e-06 -5.60239e-07
-2.92856e-07 -1.67811e-07
1.00511e-06 7.97889e-08
1.67902e-07 1.09217e-08
-9.02318e-07 1.04569e-08
1.39679e-06 3.69958e-07
1.92068e-07 -6.20823e-07
1.47983e-06 -1.81344e-07
1.43667e-07 -3.23514e-07
1.70994e-06 -3.41139e-07
1.61494e-06 -6.85526e-07
-1.72793e-06 -3.17691e-07
1.16637e-06 -4.73921e-07
2.80915e-07 3.3918e-08
1.1286e-06 3.34181e-07
-1.34655e-06 -1.02222e-07
1.63343e-06 3.63606e-07
-1.60537e-06 5.05565e-07
9.27764e-08 3.08384e-07
-6.28776e-07 -5.29767e-07
-3.99883e-08 -1.93586e-07
1.74875e-06 -3.13108e-07
1.51786e-07 -6.9149e-07
-5.58643e-07 6.24679e-07
-2.67167e-07 4.46554e-07
-5.87279e-07 5.40751e-07
1.25377e-07 4.72681e-07
-7.22542e-07 9.47061e-09
-5.43692e-07 2.51242e-07
3.42575e-07 -1.65447e-07
-4.53139e-07 -3.85417e-08
-4.50912e-07 1.6954e-07
7.10206e-07 -4.06502e-07
-9.30631e-07 3.11442e-07
1.05263e-07 6.60851e-08
-1.82364e-06 6.815e-07
2.90571e-07 -5.45295e-07
1.61634e-06 1.04912e-07
-1.86149e-08 -5.35888e-07
6.56199e-07 3.09187e-08
1.00238e-06 -5.80487e-07
1.56582e-06 -4.84087e-07
1.81279e-06 -6.65955e-07
-1.10153e-06 4.59114e-07
-6.3851e-08 2.08105e-08
2.43846e-07 6.54972e-07
1.16464e-06 6.11943e-07
5.25529e-07 4.00959e-07
-1.28124e-07 5.45046e-07
1.17139e-06 6.47615e-07
3.32597e-07 -4.33484e-07
-5.29031e-07 -3.02116e-09
-6.41518e-07 -4.71974e-07
1.18724e-06 5.427e-07
-7.98106e-07 -5.40054e-07
3.87308e-07 -3.25841e-07
1.2264e-06 4.21956e-07
-5.77844e-08 -4.45482e-07
1.37031e-06 -1.54491e-07
-5.11131e-07 -5.21893e-08
-1.7756e-06 -5.33355e-07
1.32715e-06 3.99107e-07
2.69667e-07 -2.7615e-07
-4.66001e-07 3.43614e-07
8.17734e-07 1.10277e-07
-1.68954e-06 3.06173e-07
-1.71917e-06 4.43215e-08
-2.25674e-07 -1.50684e-07
2.08849e-07 6.26123e-07
-8.44056e-07 9.27796e-08
1.55758e-07 2.5846e-07
1.0454e-06 -3.85443e-07
-2.57186e-07 -4.39354e-07
1.69078e-07 -3.82366e-07
-2.44254e-07 4.88406e-07
1.7101e-06 6.40078e-08
-4.14322e-07 2.35875e-07
6.5687e-07 6.46753e-07
-3.9509e-07 1.6581e-07
2.05574e-07 -2.93359e-07
-9.80944e-07 -4.36619e-07
7.39693e-07 -5.55731e-08
-1.58163e-06 -5.59748e-07
-1.53058e-06 5.64606e-07
8.66e-07 3.92551e-07
-1.68162e-06 -4.83174e-07
1.20152e-06 4.29589e-07
1.33596e-06 2.62227e-07
1.71214e-06 -5.1048e-07
1.78945e-07 -6.88274e-07
-1.51303e-06 -5.9478e-07
3.03731e-07 -3.57549e-07
-1.68667e-06 5.87454e-07
6.60284e-07 6.86755e-07
-1.76927e-06 -5.65661e-08
-1.16416e-06 -8.6519e-08
7.21415e-08 6.6016e-07
1.65035e-07 4.37009e-07
-2.79454e-07 7.42417e-10
5.71624e-07 6.02739e-07
-8.12577e-07 -6.85132e-07
-2.40022e-07 2.42942e-07
-1.1906e-06 -5.05458e-07
8.68379e-07 1.74259e-07
-6.56002e-07 1.14224e-07
3.39266e-07 7.18878e-08
-1.50085e-06 3.157e-07
4.80122e-07 3.147e-07
-1.22948e-06 5.27256e-07
-1.27661e-06 1.52409e-08
-7.74806e-07 5.5877e-07
-6.53303e-07 2.71935e-07
-5.85361e-07 -6.76141e-07
-4.42339e-07 3.69749e-07
4.99556e-07 -8.89324e-08
2.64168e-07 1.61532e-07
6.14266e-07 -3.26943e-07
9.34925e-07 -4.11825e-07
-1.03197e-06 -1.94148e-07
-1.34335e-06 -3.52142e-07
6.48679e-07 7.44804e-08
-5.94173e-07 -6.82733e-07
9.72548e-07 -6.56959e-07
-7.27797e-07 3.10378e-07
4.58586e-07 3.69974e-07
2.69643e-07 4.41025e-07
1.21193e-07 3.51857e-07
1.81329e-06 1.19527e-07
-1.37065e-06 1.48855e-07
-2.8873e-07 -4.83466e-07
-8.99486e-08 6.71378e-07
-2.03797e-07 -3.02473e-07
-2.53586e-07 -5.1826e-08
1.5606e-06 2.39054e-07
3.41548e-07 2.4909e-07
1.37698e-06 -2.19304e-07
-5.45065e-07 -3.70834e-07
1.1744e-06 -6.79344e-07
-1.48104e-06 -5.00684e-07
-2.84833e-07 4.79356e-07
-3.44572e-08 -1.64305e-07
-1.30297e-06 5.45505e-08
2.53728e-07 -6.38129e-07
-1.65669e-06 -4.40919e-08
1.7497e-06 1.31971e-08
2.74347e-07 2.67631e-07
-1.22702e-06 -3.60606e-08
6.40409e-07 -5.57078e-07
-2.24823e-07 5.55129e-07
1.36959e-06 9.37777e-08
9.66549e-07 -5.25186e-07
6.47949e-07 -4.76764e-07
-6.26393e-07 6.91545e-07
2.8975e-07 -8.18609e-08
1.44495e-06 3.45744e-07
6.97245e-07 -3.95354e-07
-2.90123e-07 -3.2897e-07
8.73452e-07 5.4538e-07
-6.83888e-07 -1.00558e-07
6.75115e-07 3.8296e-07
2.48053e-07 -3.83886e-07
-3.75102e-07 1.55893e-07
-1.52111e-07 -4.139e-07
1.67851e-06 6.96654e-07
1.04366e-06 -3.17082e-08
-1.25947e-06 -6.22821e-08
-3.29688e-07 1.44964e-07
-1.09725e-06 -3.07036e-07
-4.25739e-07 6.86081e-07
1.68617e-06 3.49186e-07
-1.55762e-06 5.9923e-07
2.09057e-07 3.48609e-07
-1.48391e-06 4.78611e-07
-3.02296e-07 -3.26648e-07
-1.72057e-07 3.46265e-07
-1.31444e-06 -2.19273e-07
-7.82685e-07 2.83575e-07
-8.20482e-07 2.12997e-07
9.17728e-07 -4.20593e-07
-3.95197e-08 3.42366e-08
1.52113e-06 -1.22676e-07
8.56161e-07 -4.49371e-07
-7.42797e-07 2.21247e-07
-1.47739e-08 2.59294e-07
1.13575e-06 1.85e-08
1.20613e-06 2.6373e-07
1.04515e-06 -5.16227e-07
-9.26593e-07 -5.75906e-07
1.39556e-06 2.45824e-07
-3.39579e-07 -4.53345e-07
-1.56797e-06 -1.98097e-07
1.51771e-06 3.4843e-07
-1.77899e-06 2.86328e-07
-4.46027e-07 -5.87086e-08
-9.38228e-07 -5.12389e-07
6.31753e-07 2.73063e-07
-7.04048e-07 -5.58895e-07
-1.41365e-07 3.36558e-08
-1.34744e-06 -5.2145e-07
-1.14284e-06 -5.43552e-07
3.31262e-07 4.64912e-07
8.3258e-07 3.53585e-07
5.21911e-07 -3.15228e-07
1.5991e-06 -3.5844e-07
-1.80981e-06 -1.91522e-07
-6.4409e-07 -4.91737e-07
9.8867e-07 6.37231e-07
1.15215e-06 -2.32057e-07
-7.027e-08 3.2584e-08
-1.39168e-06 -3.33219e-07
-1.01481e-07 4.30837e-07
-7.7808e-08 -2.3023e-07
1.25465e-06 2.04202e-07
1.06941e-07 -3.51357e-07
1.71848e-06 4.69165e-07
-4.4519e-08 2.69813e-07
1.26768e-06 -2.67935e-07
-1.04912e-07 -3.11573e-07
1.10462e-07 3.45165e-07
-1.7882e-06 6.86275e-07
7.21621e-07 1.84231e-08
-1.25912e-07 4.12094e-07
9.1471e-07 3.12544e-07
1.37448e-06 -4.85931e-07
-9.31097e-07 -1.00641e-07
1.63006e-06 3.56602e-07
-3.77087e-08 -4.41819e-07
-3.92584e-07 3.94435e-07
-2.33489e-07 2.42086e-07
-9.96017e-07 -6.8733e-07
-1.19658e-06 6.54385e-07
8.8806e-07 -6.38196e-07
-8.14676e-07 3.72589e-07
-5.32944e-08 -2.24925e-07
-1.67968e-06 1.00063e-07
1.39997e-06 -2.35187e-07
1.18814e-06 -1.85524e-07
-5.72283e-07 6.88894e-07
-1.04964e-06 -2.53936e-07
3.81589e-07 6.5422e-07
1.61912e-06 1.61986e-07
1.14445e-06 -1.6503e-07
-1.42189e-06 -3.31943e-07
5.31158e-07 -5.00482e-08
-4.04497e-07 4.80321e-07
-1.72127e-06 -6.68455e-07
-3.57995e-07 4.00155e-07
-1.12129e-06 4.62211e-07
1.02068e-07 -4.31311e-07
-1.7925e-06 -3.72034e-07
-1.73399e-06 -3.87117e-07
1.2795e-06 7.76804e-08
-8.77656e-07 2.2959e-07
-1.18936e-06 -2.21955e-07
-5.50612e-07 6.85323e-07
1.46967e-06 -6.34791e-07
7.80103e-07 -2.4385e-07
-1.8098e-06 6.40236e-08
2.18176e-07 6.03476e-07
-1.60895e-06 6.81139e-08
-7.81085e-07 -3.68793e-07
-1.00394e-06 1.91604e-07
1.50857e-06 1.02081e-07
1.63323e-06 1.24872e-07
-1.77559e-06 4.603e-07
1.26645e-06 3.47686e-07
-1.00304e-06 3.88698e-07
1.03845e-06 -6.07837e-07
-6.26748e-07 6.88458e-07
-6.60497e-07 -6.6948e-08
1.58116e-06 4.78776e-07
-8.17707e-07 2.24986e-07
3.08472e-08 -3.66959e-07
-6.77677e-07 1.8138e-07
-9.87579e-07 1.0353e-07
-4.99981e-07 -1.5614e-07
1.52182e-06 3.12301e-07
-1.05687e-06 -6.16735e-07
-1.1021e-07 -4.83088e-07
-1.0673e-06 -6.51109e-07
-4.76059e-07 1.06242e-07
9.04249e-07 -2.94842e-07
6.02882e-07 -3.73136e-07
-1.09291e-06 -6.01443e-07
-1.28651e-06 6.5034e-07
-3.14065e-07 -5.1389e-07
-1.58137e-06 6.67584e-07
5.52075e-07 -6.02027e-07
9.54563e-07 1.7124e-07
-1.34162e-06 1.58814e-07
-1.71176e-06 2.15426e-07
1.5065e-06 -6.91519e-07
-4.21165e-07 2.50956e-07
-5.9202e-07 6.99989e-07
-1.7674e-06 -6.37118e-07
1.78051e-06 1.22672e-07
1.3306e-06 2.04126e-08
6.58978e-07 1.80809e-07
-1.41109e-06 -5.59989e-07
-7.73042e-07 1.77375e-07
1.3162e-06 1.30434e-07
9.16451e-07 2.98918e-07
-9.86528e-07 -3.0836e-07
1.57417e-06 -9.6591e-08
-4.13821e-07 5.86609e-07
-1.16728e-06 -4.36236e-07
-8.48837e-07 -4.32386e-07
-9.599e-07 -6.57083e-07
1.33814e-06 7.75248e-08
8.0042e-07 3.99824e-07
-9.87061e-08 4.15867e-07
1.64755e-06 -1.35075e-07
1.03224e-06 -6.18233e-07
-1.32773e-06 -6.03167e-07
3.04545e-07 -4.32701e-07
5.65096e-07 -5.03569e-07
-1.49889e-06 3.30486e-07
-9.35952e-07 6.40648e-07
1.53084e-06 1.95386e-07
1.70439e-06 -2.66294e-07
3.17263e-07 4.91441e-07
-1.07023e-06 5.10574e-07
1.66872e-06 4.57773e-07
-1.56443e-08 -6.69233e-07
1.1256e-06 5.56481e-07
-5.56345e-07 -4.51306e-07
6.34373e-07 4.4912e-08
1.54145e-06 -2.90721e-07
-8.8282e-07 -4.50901e-07
-4.20471e-08 -3.69484e-07
1.66119e-06 -1.24422e-07
-1.24007e-06 -2.19636e-07
-5.46977e-07 2.69227e-07
-1.81121e-06 1.97834e-07
-1.32811e-06 6.42668e-07
1.70456e-06 -5.93329e-07
3.66363e-07 -3.3251e-07
1.18439e-06 -5.97257e-07
-1.23508e-06 -2.73897e-07
9.37247e-07 4.24788e-07
-1.54133e-07 4.96864e-07
-1.43881e-06 -5.93462e-07
-9.08843e-08 3.65368e-07
-6.08563e-07 2.06441e-07
9.72765e-07 -4.47368e-07
1.14506e-06 1.71597e-08
-1.2727e-06 -1.46868e-07
4.20788e-07 -5.66276e-07
-1.49438e-06 4.08954e-07
-1.49935e-06 -6.89853e-07
6.4539e-07 1.01726e-07
1.08916e-06 5.02379e-07
-3.47529e-07 -5.35368e-07
1.70148e-06 -4.38881e-07
5.22709e-07 -5.44619e-07
-1.98535e-07 1.7385e-07
-4.06815e-07 -6.47705e-07
5.36834e-07 -2.59404e-07
1.36636e-06 -6.98192e-08
-3.78693e-07 -4.72338e-07
1.68781e-06 4.99067e-07
1.44328e-06 -8.39904e-08
-1.4099e-06 -2.5429e-07
-1.61347e-06 3.47665e-07
1.0249e-06 -6.0687e-08
1.20737e-06 -3.80512e-07
-1.52353e-06 -3.56127e-07
-1.36527e-06 3.24212e-07
1.2268e-06 1.25674e-07
1.54806e-06 -3.37831e-07
-8.80523e-07 -2.99297e-07
-7.7434e-07 -2.19233e-07
-7.79678e-07 -6.18202e-07
4.17446e-07 -1.6016e-07
-1.77165e-06 -6.50489e-07
1.44163e-06 -4.46845e-07
1.74e-08 -1.98772e-07
5.01247e-07 -2.05305e-07
1.7113e-06 -4.33758e-07
7.41547e-07 3.1634e-07
-2.18181e-07 2.72298e-07
-3.06692e-07 4.69631e-07
6.56641e-07 2.01529e-07
-1.09839e-06 -2.06929e-08
8.28806e-07 -6.99917e-07
-1.61168e-06 -5.99627e-07
1.03705e-07 5.45635e-08
-5.52574e-07 2.04426e-07
1.04464e-06 6.10694e-07
1.47263e-06 -5.01813e-07
-9.77489e-07 3.00627e-07
1.42254e-06 6.92327e-07
1.12186e-06 6.82301e-07
-1.47192e-06 -6.26305e-07
-4.824e-07 3.78516e-07
-1.12455e-06 -6.1051e-07
2.30148e-07 3.59295e-07
1.21403e-06 -6.73771e-07
-1.60574e-06 -3.42241e-07
-1.46244e-06 -5.78955e-07
1.76408e-07 2.19111e-07
1.57329e-06 -2.05035e-07
4.42987e-07 4.96453e-07
-1.37328e-06 4.99713e-07
1.05344e-06 -4.70841e-07
1.55941e-07 -4.10961e-07
-1.40504e-06 -2.02897e-07
5.9292e-07 2.65846e-08
1.26075e-06 5.1722e-07
-5.21211e-08 5.53277e-07
1.66612e-06 -5.8111e-07
-1.19653e-06 -8.78841e-08
-9.84811e-07 -1.81311e-07
-1.14391e-06 -3.7364e-07
-1.25686e-06 4.68203e-08
1.16141e-06 -4.22635e-08
-1.40191e-06 -3.89801e-07
1.22742e-06 8.35209e-08
-9.47249e-09 -2.94279e-07
-1.05696e-06 -1.18477e-07
1.37236e-06 2.039e-07
-9.75933e-07 -3.79165e-07
1.55327e-06 -6.33871e-07
-9.90309e-07 -5.36948e-07
9.86454e-07 6.68429e-07
1.47867e-06 -5.19971e-07
4.03401e-07 -3.36327e-07
-1.67304e-06 5.53967e-07
-1.27693e-06 6.47773e-08
1.74274e-06 5.68148e-07
6.9911e-07 -6.79366e-07
-1.97298e-07 -3.28148e-07
-8.97852e-07 -5.21722e-07
-4.56145e-08 -5.894e-07
1.75562e-06 -2.19392e-07
-1.20604e-06 5.61325e-07
-2.04711e-07 3.43975e-07
1.49701e-06 4.59996e-07
5.35962e-07 3.32915e-07
-1.03749e-06 -5.10954e-07
-1.44737e-06 -3.86498e-07
7.30424e-07 4.53265e-07
-1.2858e-06 -6.96986e-07
-1.52639e-06 -5.18675e-07
-2.55041e-07 -4.75587e-07
-1.28816e-06 -2.9717e-07
-1.62919e-06 -4.68725e-07
-7.99895e-07 -6.16746e-08
-4.06131e-07 -5.05018e-07
-1.7977e-06 3.04537e-07
-1.35524e-06 1.66543e-07
2.3167e-07 5.49528e-07
8.0388e-07 4.59736e-07
-1.46703e-06 -4.81055e-07
-1.37825e-06 6.78787e-07
2.42364e-07 -5.57713e-07
4.44984e-07 -6.0856e-07
1.28553e-06 4.11966e-07
-1.80481e-06 -5.38146e-07
6.29036e-07 -1.71379e-07
-6.99164e-07 -3.66037e-07
7.66223e-07 3.0725e-07
-1.40976e-08 -3.99636e-07
1.55292e-06 4.90703e-07
7.20294e-07 2.53369e-07
-1.02633e-06 -7.90692e-08
-1.59426e-06 6.49083e-07
2.53317e-07 -2.65351e-07
1.91867e-07 6.75189e-07
1.36895e-06 -3.83084e-07
1.23944e-06 2.17088e-07
-8.51191e-08 -2.57701e-07
7.00473e-07 -6.57814e-08
1.7064e-06 6.65972e-07
-1.79585e-06 -6.03296e-07
1.62215e-06 1.13197e-07
7.94638e-07 6.41594e-07
7.02774e-07 1.67261e-07
-1.13814e-06 -1.85242e-07
3.31156e-07 4.16816e-07
1.14193e-06 6.01435e-07
-1.60592e-06 6.16335e-07
1.18665e-06 -6.85833e-08
8.14046e-07 1.16353e-07
-1.20693e-06 -2.82901e-07
-5.30227e-07 4.28494e-07
3.53536e-07 -1.47484e-07
-1.26811e-06 1.23816e-07
-1.24541e-07 4.11459e-07
-6.98094e-07 5.28305e-07
-4.18076e-07 3.21818e-07
-1.48115e-06 5.42539e-07
4.07188e-07 -3.97809e-07
-8.30581e-07 6.44869e-07
-1.52355e-06 6.38393e-08
-1.44613e-06 -4.47328e-07
1.10328e-06 -6.23372e-07
-4.00638e-07 3.11097e-07
-1.39046e-07 -4.04146e-07
-6.77537e-07 -5.97199e-07
1.81298e-06 3.80514e-07
-7.80972e-07 -4.05164e-07
2.03018e-07 5.47504e-07
1.76183e-06 6.88185e-07
-3.04421e-07 5.05297e-07
3.83859e-07 -2.03717e-07
1.76608e-06 -5.95463e-08
1.51268e-06 5.92386e-07
2.674e-07 -3.54582e-07
-1.72789e-07 -5.04567e-07
9.17404e-07 4.31083e-07
-1.79742e-06 -1.45258e-07
-1.68557e-08 -8.47158e-08
3.72989e-07 -3.05759e-07
-6.20356e-07 -1.19411e-07
-2.29589e-07 -6.93126e-07
-1.59074e-06 8.11716e-08
-1.70655e-06 -3.4682e-07
-1.28141e-07 -1.69488e-07
-1.2925e-07 4.56312e-07
-3.85516e-07 6.05566e-07
-1.48562e-06 -2.5061e-07
-1.43881e-06 3.87489e-07
1.58401e-06 -5.10085e-07
-1.79049e-07 6.77848e-07
-4.05726e-07 6.36835e-07
3.39417e-08 -4.62604e-07
-1.25154e-06 -3.32186e-07
5.15951e-07 3.87283e-07
5.79159e-07 5.31315e-07
-1.21857e-06 4.63133e-08
1.04985e-06 6.21293e-07
1.33601e-06 -1.0592e-07
-1.75206e-06 5.62322e-07
6.73889e-07 -4.14195e-09
7.88803e-07 -4.63617e-07
-1.67514e-06 7.4534e-08
-1.80562e-06 1.44351e-07
3.07025e-07 2.76061e-07
9.19716e-07 4.10001e-07
-7.33665e-07 4.81025e-07
1.66132e-06 -7.58699e-09
8.14267e-07 6.28434e-07
1.57101e-06 6.33572e-07
-1.53587e-06 -5.64595e-07
1.1905e-06 5.27603e-07
1.18615e-06 5.49673e-07
-7.96758e-07 4.92369e-07
-1.50938e-06 2.69888e-07
1.71286e-07 1.10737e-07
1.40551e-07 -6.42592e-07
3.75413e-07 -3.27206e-07
1.27016e-06 -1.67726e-07
-5.19216e-07 4.86653e-07
-5.7275e-07 -5.80594e-10
5.7409e-07 4.37912e-08
-1.65089e-06 3.78485e-07
-5.06275e-08 1.09445e-07
1.58404e-06 -6.88267e-07
1.54301e-06 -2.03274e-07
7.59222e-07 -4.36304e-07
-8.33285e-08 1.06313e-08
-1.05595e-06 -6.36667e-07
-6.52317e-07 -3.89966e-07
-9.4203e-07 6.74824e-07
-5.0459e-07 -1.28306e-07
-1.13616e-06 9.80571e-08
-7.91001e-07 5.58776e-07
3.98488e-08 -1.413e-07
-7.06519e-07 -5.6958e-08
-1.61304e-06 1.23365e-07
-1.7744e-06 -1.8449e-07
-1.70919e-06 -2.69433e-07
-1.54784e-07 5.91643e-09
1.37336e-06 -3.4269e-07
1.34991e-06 -1.72986e-07
9.18735e-07 3.78794e-07
-8.40188e-07 4.18983e-07
1.5387e-06 3.0258e-07
-4.04764e-07 4.99575e-07
-5.95476e-07 3.26373e-07
-1.45394e-06 1.46104e-07
1.45126e-06 -2.32049e-07
3.51848e-07 5.37e-07
-6.23414e-07 6.59302e-07
-1.35755e-06 -4.29195e-07
-1.29949e-06 -5.36061e-07
7.35109e-08 -1.76643e-07
1.64361e-06 -4.44398e-07
-1.39871e-06 -4.81662e-07
1.83158e-07 4.8993e-08
2.35036e-07 6.60268e-07
-1.21247e-06 -2.42008e-07
-1.03111e-06 -2.67287e-07
1.73686e-06 1.40137e-07
3.66633e-07 -3.08534e-07
-9.54215e-07 6.64973e-07
1.42737e-06 -3.69459e-07
2.18956e-07 -6.48767e-07
-6.54177e-07 2.16655e-07
-1.75903e-06 -4.90389e-07
-1.33527e-06 4.64876e-09
1.26261e-06 -3.18214e-07
1.55782e-06 -1.88074e-07
1.18076e-06 -2.74118e-07
-3.0549e-07 1.6606e-07
-9.03042e-07 1.11644e-07
1.23967e-07 -1.51616e-07
1.0587e-07 -3.96568e-07
-1.04978e-06 -6.19895e-08
9.88328e-07 1.67662e-07
-5.58082e-07 -9.81611e-08
1.49557e-06 1.5181e-07
4.88929e-07 -6.08538e-07
-1.7106e-06 3.16603e-07
-1.22983e-06 6.23021e-07
-9.55564e-07 5.6232e-07
7.11634e-07 4.0414e-07
-1.66792e-06 -3.04478e-07
-2.8247e-07 -3.90307e-07
-1.34324e-06 -1.883e-07
6.77442e-07 5.40814e-07
-1.16915e-06 6.32871e-08
-7.21896e-07 6.59848e-07
1.19985e-07 3.54215e-07
1.63254e-06 3.42011e-07
4.42415e-07 1.37105e-07
-5.23261e-07 5.35251e-07
5.27532e-07 -3.62724e-07
-1.73721e-06 6.51883e-08
1.42427e-06 -8.59445e-08
1.72341e-06 2.6992e-07
1.60295e-06 6.11938e-08
1.81586e-07 5.237e-07
-1.80829e-06 3.40059e-07
1.55601e-06 4.41892e-08
5.56078e-07 -4.69547e-07
1.48666e-07 3.18226e-10
7.92291e-07 -4.51296e-07
-1.21609e-06 1.14359e-07
7.22609e-07 -1.36438e-07
3.55129e-07 3.75787e-07
2.93011e-07 -1.20556e-07
9.13325e-08 -2.83456e-08
-6.59363e-07 -6.67801e-07
3.9185e-07 -4.19928e-07
8.84954e-07 1.02439e-07
1.06208e-07 3.51751e-07
-1.28569e-06 6.08989e-07
-4.55507e-07 -3.73843e-07
-3.25158e-07 1.3921e-08
1.68513e-06 -2.55067e-09
-1.19354e-06 2.34236e-07
-1.71468e-06 1.30801e-07
-1.23472e-06 -6.32166e-08
-8.30739e-07 1.38174e-07
-6.07656e-07 -1.32827e-07
-6.63497e-07 4.23472e-07
-7.60472e-07 2.38051e-07
-8.44394e-07 -2.15181e-07
-1.43341e-06 3.52019e-08
-7.26272e-07 2.82658e-07
3.29724e-07 -1.25621e-08
1.80532e-06 1.85427e-07
-1.11537e-06 2.86419e-07
6.34564e-07 7.40758e-08
-6.07788e-07 -4.37955e-07
-6.39303e-07 -5.17881e-08
5.76007e-07 -5.58373e-07
4.80728e-07 -3.60748e-07
-2.94254e-07 -6.07388e-07
1.19468e-06 -2.38761e-07
7.3503e-07 -2.66348e-07
5.04297e-07 -5.02547e-07
-1.25564e-07 -6.54925e-07
-4.86073e-07 -5.46781e-07
1.15916e-06 6.65813e-07
1.57925e-06 4.88641e-08
5.76537e-07 -1.89298e-07
-9.83042e-07 -5.64451e-07
-7.50538e-07 -3.78317e-08
9.94131e-08 -1.02364e-07
-1.82295e-06 -2.2319e-07
-7.8622e-07 -5.64969e-07
1.70783e-06 -6.48539e-07
1.68867e-07 -6.39964e-07
-8.83706e-07 -2.85773e-07
-5.36293e-07 3.8161e-07
-1.3039e-06 1.65598e-07
-1.65396e-06 4.75787e-08
-7.28595e-07 5.4415e-07
-4.03209e-08 6.43171e-07
-3.32776e-07 1.44949e-08
-6.69965e-07 5.41521e-07
4.73052e-07 2.18291e-07
-1.28549e-07 3.72118e-07
7.86035e-07 5.03446e-08
-6.09058e-07 6.78157e-09
-1.6988e-06 6.21632e-07
1.70516e-06 1.51753e-07
6.39048e-07 4.02585e-07
-8.6015e-08 -3.96934e-07
-5.33887e-07 -4.46516e-07
1.63642e-06 6.66139e-07
6.94805e-08 -4.39528e-07
-1.03088e-06 -5.01578e-07
1.8237e-06 1.12259e-07
-5.95298e-07 -5.14491e-08
6.37327e-08 1.9479e-07
-1.04799e-07 3.91019e-07
-3.4925e-07 1.48093e-08
1.15733e-06 -3.05958e-07
-1.68448e-06 4.84141e-07
4.89512e-07 -4.34897e-07
-1.10318e-08 2.34234e-07
-1.7574e-06 -3.2879e-07
-1.0866e-06 2.53075e-07
1.30735e-06 2.90446e-07
-9.34539e-07 -1.7061e-07
4.51429e-07 -1.3107e-07
5.22472e-07 2.40172e-07
1.28866e-06 -6.80176e-07
-1.76842e-06 -3.81108e-07
-5.13942e-07 7.45888e-08
-1.45966e-06 5.01637e-07
1.75857e-06 6.86158e-07
-1.71062e-06 -7.70041e-08
-5.08688e-07 2.60467e-07
-6.13147e-07 -1.73023e-08
1.06203e-07 -2.56619e-07
5.26697e-07 6.87518e-08
-2.36664e-07 -5.64278e-08
-9.84722e-07 -7.76283e-08
1.30715e-06 5.76282e-07
-1.45717e-06 -3.60501e-07
5.06691e-07 2.21157e-07
-5.02941e-07 -2.30146e-07
-9.27858e-07 5.77205e-07
3.12318e-07 -4.54238e-07
2.3746e-07 -1.56597e-07
-9.35067e-07 2.77354e-07
-1.39718e-06 -5.72157e-07
1.82098e-06 -3.7729e-07
-7.0876e-07 -5.29013e-07
2.74583e-07 -2.69276e-07
2.79502e-07 -5.23128e-07
1.61903e-06 3.80195e-07
6.15397e-08 -6.93616e-07
-1.25391e-06 -4.40486e-07
-1.06454e-06 -1.22125e-07
-1.01993e-06 3.35785e-07
1.44695e-06 -5.58001e-07
1.42265e-06 6.71189e-07
-5.8946e-07 5.5713e-07
-1.21344e-06 3.04019e-07
3.27704e-07 5.28521e-07
-7.37411e-07 1.7121e-08
2.77668e-07 -4.10483e-07
8.3848e-07 -1.92047e-07
1.45234e-06 8.05796e-08
-2.82852e-07 -6.81463e-07
-1.18287e-06 -4.51999e-07
8.93812e-07 2.45244e-08
-1.69598e-06 -1.58174e-07
1.31754e-06 5.92913e-07
4.71582e-09 -7.27193e-09
6.16779e-07 -6.60812e-07
-3.69541e-08 -8.31845e-08
5.28976e-07 4.73801e-07
6.91642e-07 -5.2747e-07
-2.51254e-07 -3.32448e-07
5.64834e-07 5.95783e-07
1.10028e-06 3.41615e-07
1.77613e-06 1.84527e-07
9.39894e-07 -5.74771e-07
1.08178e-06 -4.02554e-07
-3.15766e-07 3.2808e-07
4.86772e-07 -3.70722e-07
1.21329e-06 -6.27206e-07
9.68955e-07 5.5987e-07
1.08671e-06 -8.97302e-08
1.28993e-06 5.30084e-07
-1.14335e-06 5.80697e-07
1.11236e-06 1.53408e-07
8.79996e-07 3.13371e-07
-7.66985e-07 4.63041e-07
-6.65019e-07 -3.3692e-07
8.98465e-08 -6.74756e-07
1.42984e-06 -2.19995e-07
-1.23311e-06 6.14383e-07
2.16401e-07 -3.5571e-07
-6.74327e-07 6.42999e-07
-7.94142e-07 -5.17667e-07
-1.77667e-06 -7.04977e-08
-1.45255e-06 -4.82318e-07
-1.45181e-06 -1.47628e-07
5.90538e-07 5.27799e-07
-1.0262e-06 3.88233e-07
1.26589e-06 6.81057e-07
-1.77553e-07 -6.53809e-07
-1.06376e-06 -6.94831e-07
-1.76461e-06 6.79467e-07
-9.40193e-09 -6.82936e-07
6.63525e-07 -5.26177e-08
7.4151e-07 6.70301e-07
-7.74803e-07 -5.94728e-07
-9.34774e-07 -7.71157e-08
1.77792e-06 5.44261e-07
-1.56953e-06 -5.54727e-07
-1.67249e-06 -3.47639e-07
-1.05314e-06 5.10305e-08
7.08809e-07 1.24455e-07
-1.50631e-06 6.95096e-07
-1.17916e-06 4.96694e-07
-2.23655e-07 -5.80846e-07
-1.15682e-06 -1.15267e-07
-8.81988e-08 9.53383e-10
1.76408e-06 4.16337e-07
-7.0604e-07 -9.28696e-08
1.4267e-06 -7.55728e-08
7.0633e-07 -1.89716e-08
2.45148e-07 4.69426e-07
-5.50519e-07 7.88205e-08
-1.58339e-06 6.84182e-07
-8.69124e-07 4.86552e-07
1.62925e-07 -8.3512e-08
1.93322e-08 6.53693e-07
-3.54225e-08 4.26334e-07
5.77534e-07 -3.50935e-07
2.56976e-07 6.8086e-07
5.34606e-07 6.83047e-07
-1.74023e-06 -2.54363e-07
1.58326e-06 4.81365e-07
9.36936e-07 -6.14807e-08
-6.39355e-07 -2.77328e-07
-1.54081e-06 4.18824e-07
1.71052e-06 3.40031e-07
4.7717e-07 4.78621e-07
-5.71595e-07 -6.37377e-07
-4.67458e-07 6.86517e-07
8.62233e-07 1.6326e-07
5.65293e-07 4.04871e-07
1.44986e-06 -4.4098e-08
1.6887e-07 -3.02621e-07
-1.04879e-06 -1.48654e-08
1.15289e-06 -5.39459e-07
2.92973e-07 -3.58337e-07
9.84064e-08 -1.83338e-07
1.49111e-06 -2.78331e-07
-1.64255e-06 -5.36925e-07
6.55339e-07 9.84899e-08
-1.56838e-07 -2.01057e-07
1.19038e-06 6.01256e-07
-1.21811e-06 -5.52222e-07
5.47217e-07 -3.61732e-07
1.21602e-06 5.59421e-07
1.23154e-06 -4.6788e-08
-6.66171e-07 3.36016e-07
9.46832e-07 -6.20268e-07
-1.25373e-07 1.32382e-07
1.65834e-06 3.21078e-07
-1.09183e-06 3.36582e-07
2.07457e-07 -5.92007e-07
-1.01353e-06 6.51633e-07
-1.52652e-06 5.06933e-07
6.10512e-07 3.73828e-07
-1.91609e-08 3.75684e-08
-1.71918e-06 -2.66627e-07
-1.53823e-06 -5.92969e-07
-6.02624e-07 -9.09899e-08
1.78031e-06 -3.44631e-07
-2.74592e-07 -6.43288e-07
7.59735e-07 2.135e-07
-1.18873e-06 6.85109e-07
3.23409e-07 2.28391e-07
-1.40706e-06 6.45414e-07
-5.32004e-07 5.77013e-07
-1.51226e-06 -3.25787e-07
-5.91675e-07 -4.95729e-07
8.08118e-07 -3.36462e-07
9.07135e-07 -3.68079e-07
-9.17702e-07 -5.52049e-07
1.36248e-06 -2.5185e-07
-8.96996e-07 -6.02332e-07
3.51774e-07 -2.93103e-07
-9.76047e-07 -5.67709e-07
-1.63724e-06 1.69466e-07
-1.11903e-06 -2.82797e-07
9.11281e-07 -2.66808e-07
-3.72432e-07 -2.68964e-07
5.76485e-08 -3.08689e-07
6.55859e-07 -7.34378e-08
-9.84117e-07 5.04206e-07
1.24035e-06 -4.30674e-07
-7.28344e-07 -1.85414e-07
-2.59892e-07 3.3573e-07
-1.48644e-06 -5.94825e-07
1.4194e-06 -1.36315e-07
-1.17554e-06 6.94588e-07
-8.96045e-07 -5.27253e-07
-1.65238e-06 1.13426e-07
9.71596e-07 6.09536e-07
-8.78824e-07 4.77189e-07
-4.45942e-08 -1.89461e-08
-9.991e-08 1.20086e-08
-8.00061e-08 -2.32963e-07
-7.06618e-07 -5.21778e-07
-1.28182e-07 -3.76099e-07
-3.80331e-07 6.33153e-07
-1.01241e-06 -6.09593e-07
-4.58948e-07 -6.94457e-08
-9.32499e-07 -1.52922e-07
9.55383e-07 -4.74471e-07
2.74525e-07 5.26744e-07
4.18966e-07 -5.61441e-07
4.07452e-07 -1.1341e-07
-1.20057e-06 6.86656e-07
1.37145e-06 -6.8113e-07
5.50178e-07 6.53712e-07
4.18051e-08 1.08556e-07
6.08468e-07 -5.03572e-07
7.00284e-08 3.14934e-07
-1.27957e-06 1.45936e-07
-1.36683e-07 -1.84244e-07
1.48499e-06 3.3922e-07
8.85529e-07 2.63432e-07
-5.43545e-07 -2.01219e-07
5.83518e-07 1.39012e-07
-1.2656e-06 1.46295e-07
9.80028e-08 -1.54586e-08
6.76748e-07 -2.53931e-07
1.44443e-06 -3.83246e-07
2.89963e-07 -1.68876e-07
-1.8176e-07 -6.30291e-07
1.41501e-06 6.92199e-07
3.73368e-07 4.39954e-07
-1.5055e-06 -8.2733e-08
1.01917e-07 -5.26933e-07
-8.37123e-07 -1.28441e-07
-1.58658e-06 3.17139e-07
1.27731e-06 6.01673e-08
-1.07926e-06 4.23539e-07
-8.20114e-07 3.36344e-07
-1.51902e-06 3.75883e-07
3.24892e-07 -1.45873e-07
1.13331e-06 -4.23225e-07
-1.95682e-07 3.24319e-08
-1.69346e-06 -4.06465e-07
1.60725e-06 -6.11828e-07
-6.4148e-07 6.05486e-07
-1.79648e-06 -3.4878e-07
1.70081e-06 -9.97682e-08
1.06389e-07 2.55223e-07
6.94903e-07 -1.65487e-07
6.78316e-07 -4.06879e-07
5.92075e-07 5.46712e-07
1.82475e-06 4.85848e-07
1.65327e-06 -1.68786e-07
6.41974e-07 6.99972e-07
-1.1089e-06 4.04076e-07
-8.92824e-07 -6.35649e-07
1.40621e-06 2.63382e-07
-1.26654e-06 4.8706e-07
6.19861e-07 1.97441e-07
-1.40171e-06 3.2089e-07
-3.27335e-07 -4.16801e-07
8.33939e-07 -4.97263e-07
-1.58391e-06 4.95006e-07
-9.83379e-07 -4.50809e-07
6.73314e-07 -5.03634e-07
7.93508e-07 1.84629e-08
-1.16769e-06 1.20432e-07
1.1994e-06 -2.46254e-07
4.03169e-07 -2.31864e-07
2.44541e-07 -3.80454e-07
8.62403e-07 -3.81688e-07
-7.6408e-07 5.04522e-07
-9.13394e-07 -3.79993e-07
8.99902e-07 -5.8007e-08
-1.00187e-06 -6.67329e-07
1.34971e-06 -5.97055e-07
-1.89471e-07 3.8902e-07
1.1015e-06 -4.80054e-07
1.31375e-06 6.58818e-08
-1.22526e-06 -8.44488e-08
-1.62572e-06 -6.64465e-07
1.36862e-09 -4.12859e-07
-1.37593e-06 4.46022e-07
1.01332e-06 -2.03787e-07
-1.05113e-06 -3.56297e-07
-5.854e-07 -3.92637e-08
1.09875e-07 3.15783e-07
-1.07612e-06 6.80752e-07
-3.02258e-07 1.02625e-07
1.12643e-06 4.88544e-07
6.46934e-07 -5.18188e-07
-1.37075e-06 4.83876e-07
9.28773e-07 2.49646e-07
-1.17603e-06 5.4025e-07
7.55324e-07 -1.53656e-07
9.53958e-07 6.44729e-07
-1.76684e-08 2.43933e-07
-8.67231e-07 -5.27122e-07
-8.34744e-07 5.37407e-07
5.24892e-07 6.46183e-07
-1.52215e-07 -3.52981e-07
1.26943e-07 -3.7701e-07
1.78225e-06 6.43468e-07
-1.38175e-06 -1.99595e-07
-5.70011e-07 -1.51043e-07
8.09034e-07 5.07585e-07
-1.7709e-06 6.63295e-07
-5.81977e-07 -2.13327e-07
3.56314e-07 -3.11351e-07
-1.45397e-06 1.75271e-07
-1.21541e-06 -5.51333e-07
-7.222e-07 2.03722e-08
9.06376e-07 -3.68065e-07
-7.85424e-08 -3.36622e-07
1.50004e-06 4.07287e-07
-4.27501e-07 5.57475e-07
3.02557e-07 4.88735e-07
1.31947e-06 -5.14344e-07
6.8331e-07 6.44835e-07
-2.87169e-07 -5.42513e-07
-8.64775e-08 -8.20007e-08
-1.5152e-06 1.8322e-07
1.59787e-06 -4.48784e-07
-5.12678e-07 -3.2892e-07
7.34911e-07 1.48135e-08
-8.91122e-09 -5.59417e-07
8.98185e-07 -3.2558e-07
8.06555e-07 4.55306e-07
-5.89997e-07 2.94195e-07
-1.71726e-06 -3.49061e-07
9.78125e-07 5.95741e-07
5.98204e-07 1.56204e-07
1.35741e-06 -6.79415e-07
1.29247e-06 7.73996e-08
-1.50025e-06 6.2609e-08
1.10069e-06 5.84372e-07
-2.43103e-07 -7.03472e-08
7.03577e-07 8.82838e-08
9.41819e-07 -5.10033e-07
-1.09112e-06 5.41974e-07
1.05809e-06 4.69874e-07
1.67559e-06 -3.38776e-07
-1.13199e-06 -3.72805e-08
-1.40405e-06 3.89687e-07
1.42159e-06 -1.10413e-07
-1.53968e-06 -4.5259e-07
9.24243e-07 5.08784e-07
-7.66906e-07 -3.26276e-07
-1.64023e-06 -2.57238e-07
1.51573e-06 2.5677e-07
1.49915e-06 5.19371e-07
-4.13074e-07 -5.74753e-07
1.06326e-06 4.47642e-07
1.52104e-06 -3.32728e-07
-1.71585e-06 -3.68118e-07
1.05326e-06 -4.09136e-07
-5.8908e-07 -3.93042e-08
1.67972e-06 -5.15385e-07
9.65415e-07 3.46545e-07
-1.04756e-06 3.24212e-07
4.95806e-07 -1.43941e-07
-1.57474e-06 -5.55385e-07
5.28725e-07 -2.18783e-07
-9.74285e-07 4.70689e-07
-1.76148e-06 1.66368e-07
1.54146e-06 4.02661e-07
3.6986e-07 -5.32394e-07
1.23758e-06 1.09948e-08
3.68878e-07 -1.42483e-07
9.19533e-07 1.06064e-07
7.60589e-07 -3.71046e-07
6.4356e-07 -5.47946e-07
-1.32134e-06 3.6267e-07
8.85297e-07 -3.71568e-07
1.71089e-06 -3.09944e-07
-1.6216e-07 -1.28392e-07
1.25745e-06 3.10744e-07
1.42907e-06 -5.01767e-07
-1.05954e-06 -5.39469e-08
1.25973e-07 -2.45446e-08
-8.38333e-07 5.04978e-07
-5.93809e-07 2.73547e-07
6.77614e-08 4.01914e-07
-6.41644e-08 -6.05961e-08
1.16659e-06 5.57113e-07
-3.44077e-07 -1.85465e-07
7.13898e-07 -5.95116e-07
1.71028e-06 -2.76675e-07
1.53112e-06 -1.71949e-08
-4.77386e-07 1.61344e-07
4.36061e-07 -4.26699e-07
-5.01804e-08 -4.45683e-07
-1.41704e-06 6.14548e-07
1.35243e-06 -1.34027e-07
-6.42442e-07 -2.43508e-07
-3.72547e-07 5.82881e-07
-1.50628e-07 3.40038e-07
2.9797e-07 -2.54324e-07
1.01089e-06 -4.31945e-07
7.98519e-07 -4.11362e-07
-9.45672e-07 5.52306e-07
2.99602e-07 4.50769e-07
5.08975e-07 -6.58865e-07
1.26322e-06 -4.77001e-07
2.24586e-08 -3.48098e-07
2.87903e-07 1.93878e-07
1.60061e-06 5.2272e-07
1.23219e-06 -2.21374e-07
1.66793e-06 6.78124e-07
8.37102e-07 1.906e-07
-1.51825e-06 -3.45515e-07
7.53541e-07 -3.12487e-07
-4.48134e-07 -4.52596e-07
2.60301e-07 -2.21202e-07
-1.72637e-06 -5.00171e-07
-1.65489e-06 -4.26768e-07
5.25663e-07 3.81958e-07
-1.29595e-06 2.80845e-07
9.00251e-08 1.86266e-07
-8.81701e-07 -3.14245e-07
9.21823e-07 -6.07088e-07
-9.16466e-07 9.63879e-08
-4.20711e-07 4.64285e-07
-1.36414e-09 -5.83099e-07
3.94785e-07 5.46892e-07
-1.8042e-06 1.32656e-07
6.8382e-07 -6.47326e-07
-1.34758e-06 -4.20483e-07
7.24763e-07 -1.33082e-07
1.57416e-06 9.69194e-08
1.80166e-06 6.20804e-07
-4.80053e-07 3.65119e-07
-1.09364e-06 -4.5683e-07
-1.17268e-06 4.07692e-08
-1.74892e-06 -1.86312e-07
7.37575e-07 3.53506e-07
-2.11908e-07 4.83828e-07
-3.6971e-07 6.89796e-08
2.94607e-07 5.20043e-07
-1.62231e-06 3.77399e-08
-5.65398e-07 3.27512e-07
-1.78972e-06 -2.60955e-08
6.59433e-07 5.40785e-07
4.9756e-07 4.99995e-08
1.50641e-06 4.41351e-07
4.57961e-07 4.80211e-08
2.77021e-07 -1.80749e-07
-6.1508e-07 3.14208e-07
-1.68235e-06 3.6343e-07
1.37024e-06 -6.6368e-07
-1.14091e-06 -6.04183e-07
-6.1006e-07 -3.94511e-08
-1.52265e-07 5.18008e-07
6.70844e-07 -5.1739e-07
1.48243e-06 2.2397e-07
-1.41533e-07 1.73106e-07
5.34947e-07 3.87258e-07
1.56339e-06 4.93017e-08
9.10451e-08 -2.30453e-07
-7.04829e-07 -4.77221e-07
5.40399e-07 -9.86987e-09
1.07901e-06 -1.39519e-07
-4.67747e-07 -3.1568e-07
-1.61559e-06 6.79844e-07
-6.83759e-07 -2.95275e-07
5.49336e-07 6.87857e-07
-1.77505e-06 -5.71501e-07
-1.69016e-06 -2.3233e-07
-1.35519e-06 -1.2113e-07
-1.12448e-06 8.20568e-08
1.61024e-06 -5.39858e-07
-1.42165e-06 6.42283e-07
3.40739e-07 -2.9944e-07
-6.37814e-07 5.7566e-07
-5.14479e-08 -6.19795e-07
9.19282e-07 -4.08144e-08
2.4341e-07 -3.43065e-07
2.82398e-07 -6.06495e-07
-1.5777e-06 4.61908e-07
1.26013e-06 -5.62812e-08
6.61842e-07 1.45083e-07
8.64571e-07 -6.78012e-07
1.70494e-06 -7.82865e-08
1.0121e-06 -5.17414e-07
1.28287e-06 -6.20701e-07
-1.71578e-06 5.57895e-07
-9.44138e-07 5.53359e-08
-9.52635e-07 3.42494e-07
-8.77418e-07 6.09288e-07
5.50938e-07 2.89597e-07
8.41808e-07 3.88307e-07
7.75807e-07 2.51882e-07
1.44829e-06 -6.80322e-07
8.41196e-07 8.5127e-08
1.13284e-06 -2.30545e-07
-7.48671e-07 -2.95835e-07
1.07315e-06 -2.42404e-07
9.58847e-07 1.72587e-07
1.19035e-06 -3.28666e-07
6.74785e-07 -6.96955e-09
5.87239e-07 2.91875e-07
1.48661e-06 6.51679e-07
-1.34671e-06 -1.5326e-07
-1.03974e-06 -4.49625e-07
-1.2647e-06 -7.69744e-08
-7.73038e-07 -4.22103e-07
2.27178e-07 6.45456e-07
-4.36959e-07 2.79537e-07
6.6254e-07 -5.58872e-07
1.65191e-06 1.67073e-08
-8.03038e-07 -5.99309e-07
-9.91451e-07 -3.05668e-07
1.05118e-06 -4.61286e-07
-1.83532e-07 1.53173e-08
1.80415e-06 -6.84117e-07
7.06732e-07 -4.86522e-07
-6.37325e-07 2.86282e-07
-1.72546e-07 5.6621e-07
-4.58381e-07 -2.81076e-09
-6.02559e-07 -6.01472e-07
4.45607e-07 -3.66199e-08
-4.17259e-07 -6.47759e-07
-1.07571e-06 -4.03809e-08
2.64981e-08 -3.50186e-07
-1.02654e-06 4.18927e-07
-1.08035e-06 6.77398e-08
-1.17419e-06 -1.65867e-07
1.16578e-06 -6.29403e-07
-5.92691e-08 -1.37609e-07
3.12621e-07 -1.33838e-07
-1.72874e-06 -4.2063e-07
-7.55079e-07 1.62872e-07
-7.5194e-07 -6.83067e-07
1.18576e-06 -5.21011e-07
7.45079e-07 -4.4557e-07
-1.16458e-06 1.45919e-07
-5.23146e-08 -1.26322e-07
-1.3718e-06 1.28419e-09
1.78936e-06 -6.67926e-07
-1.00081e-06 -6.4374e-07
1.74098e-06 -1.64527e-07
3.58695e-08 -3.50048e-07
-5.55824e-07 -2.49465e-07
1.31213e-06 -1.40656e-07
-1.64248e-06 5.49035e-07
5.26964e-07 -2.64674e-07
-9.29628e-07 2.42244e-07
1.27322e-07 -6.24647e-08
1.0309e-06 5.93605e-07
1.72107e-06 5.27325e-08
-9.49313e-07 7.66222e-08
-1.11736e-06 -4.37368e-07
-1.13366e-08 -4.24121e-07
-1.74025e-06 9.57583e-08
1.164e-06 -1.60142e-07
-1.38671e-06 -6.98185e-07
-8.15418e-07 1.21096e-07
3.29254e-07 -5.93774e-07
3.62856e-07 4.63568e-08
1.45022e-06 6.80413e-07
-7.97867e-08 -4.60042e-07
-1.71947e-07 1.53072e-07
-1.13437e-06 -9.14441e-08
-1.52846e-06 5.81885e-07
3.27873e-07 -2.72232e-07
-1.61762e-07 5.34651e-07
9.22455e-08 -6.05934e-07
-1.02198e-06 2.67755e-07
1.38416e-06 -4.20557e-07
2.037e-07 -1.45188e-07
-1.60483e-06 -1.47349e-08
2.81937e-07 -6.25212e-07
1.47355e-06 4.44815e-07
5.4786e-07 -4.05002e-07
1.57483e-06 1.72883e-07
1.34922e-06 4.74528e-07
-1.50691e-06 -1.75211e-08
4.63637e-07 2.5253e-08
-4.55755e-07 4.2272e-07
1.54613e-06 -4.02657e-07
1.12759e-06 -4.38346e-07
-1.73153e-06 -4.8224e-07
1.13834e-06 4.99122e-07
1.50099e-06 -2.28425e-07
4.74759e-07 1.75809e-07
3.02807e-07 -9.54751e-08
3.66861e-08 -2.80988e-07
-4.819e-07 -4.19217e-08
-1.49196e-06 5.38589e-08
-5.99368e-07 1.08906e-07
-7.84276e-07 -4.25541e-07
-4.26477e-07 5.68786e-07
1.69877e-07 -6.22963e-08
-9.27755e-07 2.43951e-07
-1.27203e-06 6.70982e-07
8.50179e-07 6.0309e-07
-7.11184e-07 -5.99285e-08
-1.74357e-06 8.58641e-08
-7.87648e-07 -4.26998e-07
1.4297e-06 5.43787e-07
1.04782e-06 6.70637e-07
8.89129e-07 5.30063e-07
1.42119e-06 -4.75522e-08
-1.1416e-06 1.2893e-07
1.03332e-06 -3.7031e-07
2.34929e-08 4.62028e-07
-2.18476e-07 6.79627e-07
-1.51957e-06 -5.2224e-07
3.46755e-07 6.16027e-07
-1.20964e-06 -3.35268e-07
6.25114e-07 -6.97013e-07
-1.22791e-06 -3.58468e-07
-9.1211e-08 4.01434e-07
-1.205e-06 5.65284e-07
1.52402e-06 5.18886e-07
2.49065e-07 -5.1342e-08
-4.39628e-07 3.84553e-07
-1.41563e-07 1.92148e-07
-1.09603e-06 2.66217e-07
1.76893e-06 -2.06537e-07
-1.28724e-06 5.07387e-07
-6.6209e-07 4.65024e-07
1.67782e-07 -2.44293e-07
-1.4555e-06 5.66236e-08
4.50138e-07 5.05026e-07
-8.30362e-07 6.75617e-08
1.11108e-06 -4.3194e-07
1.69697e-06 -5.75736e-07
-1.47314e-06 4.80832e-08
-4.48076e-07 3.24073e-07
1.22581e-06 5.61196e-07
-1.04688e-06 -4.89297e-07
-4.29759e-07 5.40512e-07
1.46949e-06 1.71624e-07
7.73611e-07 -2.32948e-07
1.51467e-06 -5.81075e-08
1.6681e-06 -4.10986e-07
-7.78648e-07 -5.2876e-07
-9.0626e-07 2.43869e-07
1.67422e-06 -5.65085e-07
2.34721e-07 -6.19987e-07
-9.8135e-07 -3.88421e-07
-1.0663e-06 8.97804e-08
-6.22758e-07 1.53001e-07
-1.46602e-06 6.26315e-07
7.10524e-07 -6.88658e-07
-3.13395e-07 4.87485e-07
1.00475e-06 2.15916e-08
-1.52134e-06 -2.78814e-07
1.77798e-06 3.81173e-07
9.53889e-07 -5.21862e-08
6.36835e-07 5.06682e-07
8.36721e-07 4.42252e-07
1.1372e-06 -6.86524e-07
-3.84748e-07 2.27459e-07
-4.50847e-07 5.54103e-08
-1.4679e-09 3.01802e-07
6.35348e-07 3.6498e-08
8.87106e-07 -4.30331e-07
1.12325e-06 -4.65567e-07
-1.44843e-06 -5.31227e-07
1.20235e-06 -4.74019e-07
3.44576e-07 -4.81946e-07
3.33643e-07 -2.80127e-07
-1.41109e-06 -4.04574e-07
1.43819e-06 3.53611e-07
1.45318e-06 5.35593e-07
-1.29453e-06 -1.63237e-07
7.34835e-07 1.22903e-07
-1.78398e-06 -4.50274e-07
-1.24598e-07 1.52278e-07
-1.60726e-06 6.39783e-07
-1.66388e-07 4.59706e-07
1.06155e-06 4.10012e-07
1.55702e-06 -9.17701e-08
3.16935e-07 -4.50741e-08
-1.49633e-06 -3.42096e-07
-1.54529e-06 3.67987e-07
1.99676e-07 1.19214e-08
-1.13456e-06 -4.88317e-07
3.07452e-07 -6.26545e-07
6.50174e-07 -8.11497e-10
-1.04529e-06 5.11681e-07
7.83433e-07 -5.11837e-07
-1.1368e-06 -5.45997e-07
-7.22784e-07 1.06493e-07
-1.49267e-06 6.97175e-07
6.14252e-07 -5.26427e-07
-1.37221e-06 6.55382e-07
-1.34595e-06 2.96712e-07
3.94143e-07 -4.7149e-07
-6.39104e-07 2.38398e-07
-1.16877e-06 -2.81295e-07
4.62456e-07 -5.15627e-07
-1.24183e-06 1.03765e-07
1.04993e-07 -1.8866e-07
-1.28048e-06 2.64926e-07
-1.69232e-06 -2.14951e-07
-5.26719e-07 3.66221e-07
5.98398e-09 -2.42414e-07
1.17559e-06 -4.13206e-07
1.55569e-06 -6.58926e-07
6.30701e-07 5.85972e-08
1.90923e-07 3.30762e-07
-7.22687e-07 -5.62207e-07
2.83808e-07 -4.86315e-07
-1.43105e-06 -4.48213e-07
-1.11625e-06 -4.35243e-07
8.95263e-07 -3.7855e-07
-1.07561e-06 -2.61529e-07
2.3599e-07 1.3137e-07
4.40755e-07 -5.95167e-08
9.81582e-07 -6.63174e-07
9.87842e-07 -9.87202e-08
7.91372e-07 -5.26997e-07
-4.60484e-07 2.4475e-07
9.55641e-07 3.97902e-07
5.78928e-07 -3.25542e-07
2.03328e-07 -6.61106e-07
1.13036e-06 5.00897e-07
-1.54434e-06 -6.19147e-07
1.50159e-06 3.02834e-07
-9.68975e-07 -1.38682e-07
4.51696e-07 -5.28603e-07
1.00522e-06 -1.53924e-08
1.67181e-08 5.89605e-07
4.73817e-07 1.44553e-07
-1.18765e-07 -6.05426e-07
-9.38218e-07 -2.07264e-07
-7.13905e-07 -1.63766e-07
-9.01411e-08 4.77391e-07
5.47266e-07 -1.56228e-07
7.18415e-07 2.60164e-07
1.61661e-06 3.6106e-07
9.71468e-07 9.80761e-08
-4.83227e-07 -6.35884e-07
-6.70281e-07 5.98956e-07
-1.10633e-06 -6.45011e-07
-1.62676e-06 -4.77349e-07
-1.35983e-06 -6.32194e-07
5.3395e-07 2.14135e-07
-3.08779e-07 4.42657e-07
1.40049e-06 1.77426e-07
-1.49472e-06 5.06775e-07
-1.41615e-06 -2.63914e-07
1.32829e-06 -6.27526e-07
3.7782e-08 -6.7496e-07
1.50932e-06 -3.90006e-07
-1.94397e-07 4.40555e-07
-7.38577e-07 7.73621e-08
1.56131e-06 -4.73861e-07
3.39673e-07 4.16302e-07
