1.70448e-06 -3.18916e-07
-1.07933e-06 3.24974e-08
-1.09649e-06 -8.12569e-08
-5.51035e-07 -1.59637e-08
-8.74789e-07 1.23489e-08
8.13921e-07 5.01196e-07
3.07877e-07 2.95808e-07
1.73492e-06 2.54942e-07
6.43958e-07 1.1655e-07
1.45887e-06 -6.98207e-07
-1.26257e-07 3.89865e-07
-1.00859e-06 5.39435e-07
-1.00433e-06 5.54906e-07
-5.40814e-07 -5.24032e-07
4.70161e-07 5.36847e-07
-8.99169e-07 -7.47857e-08
-7.15411e-07 1.02254e-07
-3.3193e-08 -7.08688e-08
1.50549e-06 3.26161e-07
-1.76807e-06 5.45892e-07
1.56674e-06 6.01353e-07
-3.06868e-07 7.7863e-08
1.36896e-06 4.28374e-07
-6.45166e-07 4.94927e-07
-1.55232e-06 -2.77839e-07
1.50862e-07 -4.40868e-07
-1.96724e-07 -5.66327e-07
4.23911e-07 3.07076e-07
1.28278e-06 -5.02469e-07
-3.87721e-07 3.96569e-07
-1.65733e-06 -4.2174e-07
1.16974e-06 1.3275e-07
-5.39134e-07 -6.16346e-07
1.42843e-07 -4.74992e-07
-8.19624e-07 4.32003e-07
1.37724e-06 -4.60054e-07
3.97456e-07 -1.48944e-07
-7.32403e-07 3.12812e-08
5.77151e-07 -5.54299e-07
-3.618e-07 -3.01697e-07
6.26069e-08 5.74268e-07
-4.60357e-07 -4.40161e-07
-5.32025e-07 5.0722e-07
-1.0465e-06 -1.72793e-07
8.29868e-07 6.55088e-08
-6.04241e-07 -5.93684e-09
7.83377e-07 5.55187e-07
1.58851e-06 3.94203e-07
-1.1014e-06 -1.26511e-07
8.42264e-07 2.7626e-07
1.53336e-07 -6.29504e-07
-1.38443e-06 2.69575e-07
-1.41346e-06 -6.01336e-07
-9.98224e-07 1.10271e-07
-1.11511e-06 -3.66807e-07
7.40585e-07 5.49003e-07
1.11827e-07 -3.34152e-07
-6.06407e-07 -1.2219e-07
2.53605e-07 2.44976e-08
-4.02203e-07 4.90811e-07
2.7242e-07 6.68841e-07
-3.45543e-07 6.90813e-07
-6.11825e-07 9.0815e-08
3.54536e-07 -6.56342e-07
-1.18097e-06 6.12315e-08
-1.44407e-06 4.6728e-07
1.21387e-06 6.84045e-07
9.39674e-07 4.10322e-07
-1.53823e-07 4.15679e-07
-6.04286e-07 2.39856e-07
-1.60245e-06 -6.87811e-07
-3.35953e-07 2.54293e-07
-8.06482e-07 -4.12161e-07
-1.61944e-06 -6.68064e-07
-1.28615e-06 -5.23372e-07
1.31877e-06 3.72035e-07
1.01309e-06 4.02341e-07
3.72423e-07 1.62922e-07
1.02144e-06 5.10708e-07
-1.09451e-06 6.96421e-07
1.42166e-06 3.31424e-07
-6.24426e-07 -1.85995e-07
-7.08157e-07 -2.09063e-07
1.50939e-06 1.09026e-07
-1.57595e-06 3.31446e-07
4.22254e-07 4.39408e-07
5.51021e-07 1.40944e-07
-7.53168e-08 1.72501e-08
-2.54851e-07 1.90137e-07
1.35388e-07 5.23215e-07
1.40123e-06 -2.10632e-07
1.81134e-06 -2.58874e-07
-1.22034e-06 6.77047e-07
-1.81615e-06 3.53145e-07
-1.42925e-06 -3.31802e-07
5.08029e-08 4.7998e-07
1.23903e-06 1.01124e-07
1.47436e-06 -1.38906e-08
1.60273e-06 -7.96062e-08
-1.13332e-06 2.15384e-07
9.46099e-07 2.8291e-07
8.2328e-07 -9.37451e-08
-5.09033e-07 9.21236e-08
1.08775e-06 -6.27821e-07
-1.42268e-06 5.09146e-07
-1.75253e-06 -1.77925e-07
-4.53195e-07 3.43063e-07
1.42537e-06 -5.0693e-07
1.20467e-06 -3.16076e-07
9.31958e-07 3.2133e-07
-1.71661e-06 -3.40072e-07
1.02352e-06 -5.2307e-07
-2.36964e-07 5.16527e-07
-1.25486e-06 4.3384e-07
-1.70068e-06 5.84525e-07
9.74494e-07 -3.6232e-07
-1.51248e-07 2.23066e-07
-6.69007e-07 3.47155e-07
6.11438e-08 -3.37228e-07
-1.32533e-06 -6.88446e-07
-1.55128e-06 1.39713e-07
1.49282e-07 4.79606e-08
1.20101e-06 -3.20564e-07
-1.26162e-06 -3.32347e-07
-1.04576e-06 -4.24813e-07
-9.67448e-08 -1.95147e-07
4.35755e-07 5.83532e-07
8.25848e-07 5.26304e-07
-1.28555e-06 3.29956e-07
1.34727e-06 -4.93149e-08
9.64895e-07 6.1817e-07
-3.74181e-07 -1.5812e-07
1.5545e-06 8.75746e-09
-1.54078e-06 6.14224e-07
-1.17467e-07 1.5937e-07
-1.25288e-06 3.85351e-07
1.28301e-06 -3.95073e-07
-1.19258e-06 6.52691e-07
-5.31848e-07 -2.95894e-07
2.25818e-07 -4.40752e-07
7.6087e-07 1.21529e-07
-1.42793e-06 2.15634e-07
-1.55256e-06 -6.10368e-08
3.88912e-07 -1.82024e-08
5.69204e-07 3.48066e-07
6.33932e-07 6.71405e-08
7.23226e-07 7.05972e-08
-6.60724e-07 1.77545e-07
-1.78291e-06 2.97993e-07
-2.67142e-07 -1.77894e-07
-1.14198e-06 3.08425e-07
4.26009e-07 2.70908e-07
-4.7519e-08 2.0313e-07
-1.15754e-06 -9.87889e-08
-1.62802e-07 2.08931e-07
4.31391e-07 -6.51027e-07
6.46114e-07 5.0699e-07
-1.77217e-06 -3.22237e-07
6.66254e-07 6.64223e-07
-2.67819e-07 6.96346e-07
5.24427e-07 -5.81674e-07
1.28243e-07 -5.9554e-07
-4.64103e-08 3.2909e-07
-8.80407e-07 -4.73092e-07
-2.99498e-07 6.63969e-07
-1.50039e-06 2.45647e-08
-1.49247e-06 -5.72455e-07
1.6003e-06 -3.51703e-07
-1.61717e-06 8.53099e-08
1.49194e-07 5.48073e-07
-1.47992e-06 -4.69481e-07
7.94738e-07 4.47967e-07
-3.96763e-07 -3.21287e-07
8.81525e-07 5.2077e-07
6.52483e-08 -2.42641e-07
1.56051e-06 1.28715e-07
-1.47656e-06 4.0012e-07
2.37834e-07 6.14189e-07
-3.37342e-07 4.73688e-08
-6.69166e-07 5.65084e-09
-1.68915e-06 -4.12842e-07
5.3472e-07 -6.31654e-07
1.40837e-06 -1.86302e-07
-3.68662e-07 -5.20432e-07
-1.35469e-06 4.79306e-07
-1.49081e-06 -3.81192e-07
4.53499e-07 4.90765e-07
1.58086e-06 -4.44545e-07
9.64235e-07 3.11084e-07
1.26972e-06 -2.934e-07
-4.17703e-07 3.52173e-08
-2.01493e-07 -1.16672e-07
1.05682e-06 4.2873e-07
1.1739e-06 5.81653e-07
1.32986e-06 6.62356e-07
-7.10692e-07 6.18967e-07
9.11667e-07 4.01837e-07
-1.65518e-06 4.13465e-07
-1.22911e-06 -5.50513e-07
-1.80824e-06 6.92979e-07
1.34213e-06 -6.80095e-07
1.38928e-06 -3.55551e-07
2.60853e-07 3.17301e-07
-1.20401e-06 9.16326e-08
1.19853e-06 4.10962e-07
-1.96426e-07 -3.01873e-07
-8.55797e-07 4.52414e-07
-6.70379e-07 -9.88087e-08
1.30127e-07 -5.07086e-07
-1.09144e-07 -5.49624e-07
-2.01324e-08 4.29979e-07
-1.55199e-07 5.97078e-07
9.81107e-08 -1.37707e-07
-9.57832e-07 2.76022e-08
-2.04936e-07 1.59643e-07
-6.81839e-07 -5.95552e-07
-9.44513e-07 2.90597e-08
-3.37122e-07 5.68536e-07
3.59996e-07 -4.3393e-07
-1.79445e-06 -6.07104e-07
8.60189e-07 3.18295e-08
-5.98255e-07 -1.98939e-07
1.37611e-06 2.50493e-07
-7.72969e-08 -3.76524e-07
1.11386e-06 2.06777e-07
3.34979e-07 6.45887e-07
1.11432e-06 4.06442e-07
1.55529e-06 8.78513e-08
1.33508e-06 2.08797e-07
-1.21841e-06 -5.47691e-07
1.56721e-06 -1.60433e-07
4.50641e-07 -6.17045e-07
-6.26734e-07 -5.03646e-07
-4.45057e-07 1.36802e-07
1.36724e-06 9.38583e-08
3.32078e-07 5.40768e-07
-1.65615e-06 1.46197e-07
-1.69576e-06 4.73297e-08
-1.27487e-06 -4.93119e-08
1.25379e-07 3.07839e-07
1.15153e-06 -1.61338e-07
-1.61273e-06 6.06527e-07
-1.48575e-06 6.94448e-07
-3.18116e-07 5.39184e-07
8.97602e-07 5.56475e-07
-1.69655e-06 3.45296e-07
-2.46591e-07 6.68968e-07
-1.80715e-06 -2.99813e-07
3.90847e-07 -6.4291e-07
-1.66899e-06 -4.73431e-07
1.60451e-06 -5.36059e-07
-8.34878e-07 1.68137e-07
-1.21243e-06 -4.73281e-07
-1.46379e-06 2.6064e-07
-1.70227e-06 3.35415e-07
1.04924e-06 -3.31377e-07
-1.0689e-06 5.50041e-07
-1.45515e-06 5.62122e-07
-4.49564e-07 -5.11369e-07
1.27216e-06 9.68457e-08
-1.77525e-06 -4.52378e-07
6.07523e-07 5.05927e-07
6.66718e-07 -3.1112e-07
-1.75407e-06 5.83888e-07
-1.18341e-07 6.77378e-08
1.62529e-06 3.02842e-07
1.80858e-06 -2.64105e-08
2.14384e-07 -8.96273e-08
-1.82035e-07 -5.56884e-07
-1.08812e-07 -6.0209e-07
-1.63425e-06 3.56467e-07
-1.33552e-06 6.83218e-07
-1.01532e-06 -6.13143e-07
-7.22156e-07 4.97177e-07
-1.58148e-06 -2.82974e-07
-6.92474e-07 -3.32359e-08
-1.75696e-06 -5.57652e-07
1.09335e-06 1.30234e-07
5.14223e-08 -1.58872e-07
-3.44404e-07 -1.95871e-07
-1.81457e-06 6.63349e-07
1.61852e-06 -2.57816e-08
1.61854e-07 3.76714e-07
5.62461e-07 4.89201e-07
1.12488e-07 -3.92458e-08
1.52675e-07 -2.44847e-07
-2.31297e-07 5.63616e-07
1.4287e-06 -3.06029e-07
-8.80754e-07 -3.26053e-07
-6.11171e-07 -5.66725e-07
1.21169e-06 -4.32824e-07
1.48998e-06 2.03402e-07
-1.4381e-06 -6.35047e-07
2.08406e-07 5.64752e-08
-1.18555e-06 2.9146e-07
-1.27953e-06 -7.44411e-11
-6.24354e-07 1.04244e-07
-1.7257e-06 -5.87149e-07
-1.51939e-06 4.58236e-07
-1.01376e-06 5.07685e-07
9.48092e-07 4.35587e-07
-8.86513e-07 1.10947e-07
-1.64565e-06 6.92984e-08
9.56595e-07 -3.79374e-07
-9.45676e-07 1.74566e-07
3.07675e-07 6.60308e-07
1.19659e-06 -5.60249e-07
1.18351e-06 -3.25812e-07
-1.31787e-06 2.96835e-07
-1.31251e-06 3.89081e-07
-6.52967e-07 4.31004e-07
-1.48773e-08 2.59222e-08
-1.77935e-06 -5.81984e-07
-1.86356e-08 1.33369e-07
-9.04608e-07 2.73798e-09
-2.58882e-07 6.55139e-07
9.03415e-07 1.49642e-07
3.50136e-07 2.72255e-07
5.59867e-07 9.47574e-11
-1.72039e-06 9.69824e-08
-1.79493e-06 9.54412e-08
2.31905e-07 -1.13279e-07
-1.82292e-06 -4.81089e-07
1.22076e-06 -1.27832e-07
-1.31627e-06 4.99567e-07
-7.90142e-07 1.50991e-07
-1.11869e-06 4.67405e-07
9.24248e-07 3.18299e-07
1.43382e-06 -5.91733e-07
-1.62339e-06 6.67566e-07
-1.23013e-06 -4.77274e-08
3.15864e-07 -1.30879e-07
-8.46162e-07 4.10301e-07
6.48028e-07 3.33233e-07
1.33417e-06 3.80969e-07
1.41471e-06 -6.14865e-07
1.48399e-06 -2.02304e-07
5.74093e-07 -1.46952e-07
-1.52549e-06 -3.5426e-07
1.27049e-06 9.05265e-08
2.43045e-07 9.36707e-08
-5.83736e-07 -6.75738e-07
-4.54735e-07 5.15903e-07
-7.84937e-07 -6.79149e-07
-6.74635e-07 -2.3706e-07
7.87683e-07 -5.01286e-07
-1.04053e-07 -5.20182e-07
-1.52974e-07 2.08391e-07
-1.5231e-06 -3.50345e-08
3.96496e-07 -1.74567e-07
-1.6834e-06 -5.42173e-07
9.1363e-07 5.44905e-07
8.21494e-07 -2.87572e-07
4.12801e-07 -4.29287e-07
7.53822e-07 -5.46232e-07
-1.45358e-06 5.26356e-07
1.20592e-06 -6.21105e-07
-1.57153e-06 -4.64785e-07
-1.36492e-07 -6.29591e-07
3.91148e-07 -3.65305e-07
1.39543e-06 1.68025e-07
4.70951e-08 -3.35343e-07
6.48497e-07 2.36606e-07
1.13528e-06 4.51661e-07
1.67748e-06 1.10365e-07
-3.73365e-07 -6.25623e-07
5.87937e-07 2.29288e-07
7.56975e-07 5.7218e-07
-4.45826e-07 6.27917e-07
1.2762e-06 1.25697e-08
-1.72274e-07 5.31781e-07
-2.84561e-07 3.722e-07
-6.13215e-07 -1.00728e-07
1.11495e-06 6.06526e-07
-1.14826e-06 7.13007e-09
7.10846e-07 4.34401e-07
-7.23015e-07 1.36746e-07
9.34054e-07 -2.79434e-07
9.9417e-07 -4.62346e-07
-8.44192e-07 1.55408e-07
-1.31722e-06 -3.89584e-07
-2.82457e-07 -3.87837e-07
8.91943e-07 -7.93076e-08
-1.17929e-06 -5.70374e-07
3.66945e-07 -2.94667e-07
1.53529e-06 5.68305e-07
8.29691e-07 2.87887e-07
-3.79224e-07 6.31277e-07
8.45011e-07 7.81788e-08
6.13309e-07 -5.53191e-07
-8.40012e-07 1.70896e-07
1.62019e-06 3.00641e-07
1.48028e-07 6.86228e-07
-1.46536e-06 -6.63566e-07
-1.64766e-06 6.33359e-07
-1.7094e-06 -1.64562e-07
1.55229e-06 5.38513e-08
-1.74539e-06 -4.94356e-07
1.29446e-06 -4.92885e-07
2.42756e-07 -6.78109e-07
1.4479e-07 -9.55381e-09
1.28853e-06 -3.2162e-07
1.14649e-06 2.27491e-07
-3.78053e-07 -1.31853e-07
-1.2847e-06 1.79392e-07
-4.80532e-07 2.03852e-08
5.61512e-09 -3.19831e-07
-5.64029e-07 -3.25254e-07
1.56333e-06 6.41094e-07
-1.27891e-06 2.25207e-07
-1.09591e-06 -2.59603e-07
1.60884e-07 6.51074e-07
-1.53312e-06 2.18708e-07
-3.23905e-07 -6.47348e-07
-8.61021e-07 5.60741e-07
7.46497e-07 -5.99893e-07
-1.44967e-06 5.75283e-07
-1.66245e-07 3.32368e-07
1.64871e-06 6.22683e-07
-1.81672e-06 -1.12287e-07
1.08193e-06 -1.88542e-07
-4.61672e-07 -2.45943e-07
-1.0831e-06 5.57014e-07
4.51735e-07 2.76585e-07
-6.23496e-07 2.70822e-07
-8.57306e-07 6.02844e-10
6.66707e-07 -5.04661e-08
-1.21042e-07 2.51661e-07
-5.72721e-07 6.36851e-07
-9.54164e-07 4.73884e-07
8.23715e-07 1.27286e-07
1.62166e-07 1.00574e-07
-1.52214e-06 -6.71035e-07
7.25427e-09 -1.02707e-07
-1.11915e-06 -1.77384e-07
1.75929e-06 9.86048e-08
1.635e-06 1.95955e-07
1.27271e-06 1.46292e-07
9.31109e-07 -6.13031e-07
1.76389e-07 -4.8072e-07
-1.81612e-07 -5.12854e-07
-1.11939e-06 5.20453e-07
-1.75677e-06 3.41868e-07
-1.72462e-06 -4.85925e-07
1.42634e-06 3.46517e-08
1.66e-06 -7.35281e-08
8.70041e-08 -4.88567e-07
-1.25892e-06 -1.90145e-07
1.70858e-06 -2.13846e-07
-4.71432e-07 -2.58837e-07
-1.19706e-06 1.26002e-07
4.628e-07 -3.43357e-07
-1.80383e-06 -3.15939e-07
-3.15801e-08 -5.52629e-07
-3.8205e-08 3.44019e-07
1.93458e-07 2.09249e-07
-1.79635e-07 -5.66669e-07
9.53704e-07 4.28604e-07
9.69721e-07 5.21222e-07
-1.039e-06 -3.80886e-07
2.61063e-07 6.38303e-07
4.70319e-07 9.6112e-08
1.53561e-06 -3.11194e-07
1.18758e-07 -1.34132e-07
-4.73477e-07 -6.05741e-07
1.27479e-06 -3.3507e-07
-9.86451e-07 6.6757e-07
1.22037e-06 -4.34755e-08
1.37378e-06 -6.82215e-07
5.56477e-08 -2.70684e-08
-1.28691e-06 -1.68592e-07
-1.13421e-06 -3.19054e-07
-1.63712e-06 -4.19381e-07
1.365e-06 6.4174e-07
1.59128e-06 2.61325e-07
-1.43141e-06 3.3565e-07
-1.29704e-06 2.61054e-07
-5.47646e-07 8.01751e-08
1.08921e-06 3.3723e-07
1.20542e-06 -3.25526e-07
1.137e-06 -4.52031e-07
1.59507e-06 6.30815e-07
-1.24536e-06 6.90942e-07
-9.03405e-07 2.02549e-07
-8.99301e-07 5.7523e-07
-2.02438e-07 -4.34251e-07
1.24143e-06 6.26689e-07
-2.14964e-07 1.69411e-07
1.35827e-06 2.60614e-07
6.1619e-07 -5.09802e-07
-1.20182e-06 4.45254e-07
-1.64244e-06 4.10324e-07
-9.67922e-07 -1.79916e-07
5.44674e-07 5.13117e-07
1.37481e-06 6.38603e-07
-1.68995e-06 4.60745e-07
7.84108e-07 4.21224e-07
1.05371e-07 3.52413e-09
1.26249e-06 6.80905e-07
-7.06569e-07 -1.52659e-07
-1.27264e-06 -1.33222e-07
-1.1997e-06 2.88202e-07
1.14199e-06 -5.4318e-07
5.93835e-07 5.46558e-07
-9.87574e-07 -6.1125e-07
-1.37224e-06 -1.15061e-07
2.76317e-07 -6.0956e-07
-3.45589e-07 -1.76461e-07
-1.71702e-06 -1.19722e-08
-6.36664e-08 -4.33859e-07
7.75387e-07 -6.84173e-07
-3.52001e-07 -1.70752e-08
4.48331e-07 -3.79371e-07
-1.27848e-06 3.52691e-07
1.42834e-06 -3.11181e-07
5.45565e-07 -5.26095e-07
-9.26216e-07 1.99157e-07
1.2209e-06 -4.57388e-07
-9.34487e-07 2.88003e-07
1.14741e-06 -3.99453e-07
-1.29373e-06 4.79025e-07
1.49087e-06 -5.56614e-07
-4.34213e-07 6.43237e-07
-8.61261e-07 1.43841e-07
3.55254e-07 4.55687e-07
4.14291e-08 -4.81889e-07
-1.24089e-06 -3.08679e-07
9.59723e-08 -1.40571e-07
2.24957e-07 5.51004e-07
-8.43183e-08 5.17719e-07
1.22378e-06 -3.99263e-07
7.20357e-07 -5.39673e-07
7.622e-08 -1.04312e-07
-1.61902e-06 -1.82675e-07
-1.16578e-06 -6.94833e-07
-1.2797e-06 5.50624e-07
6.74758e-07 -3.58515e-08
-1.49523e-06 -2.49378e-07
6.53996e-07 -4.96776e-07
1.49077e-06 4.04953e-07
-8.04306e-07 3.65893e-07
-1.49518e-07 4.45165e-07
-1.6001e-06 -5.61469e-07
9.12574e-07 2.84301e-07
-1.75016e-07 -2.77816e-07
6.60154e-07 5.84409e-07
-6.95424e-07 -2.98927e-07
-7.42897e-07 2.7793e-08
-6.79803e-07 -3.86853e-07
-3.54363e-07 3.2232e-07
-1.38534e-06 2.79415e-07
-2.33048e-07 -3.92112e-07
-1.32496e-06 -3.6324e-07
5.17793e-07 -5.83945e-07
-1.69758e-06 2.7798e-07
2.74031e-07 3.17592e-07
-3.24602e-07 4.58439e-08
-8.92038e-07 6.80883e-07
-1.65956e-06 1.57882e-07
1.49915e-06 1.4595e-07
-1.36115e-06 2.51693e-07
2.67738e-07 4.40701e-07
-4.22408e-07 -1.40847e-07
-1.77565e-06 -7.42222e-08
-1.33181e-06 -2.33365e-07
-1.34636e-06 3.8771e-08
8.58857e-08 4.55524e-07
-5.73058e-07 1.78214e-07
1.03721e-06 -6.24315e-08
7.82099e-07 2.20048e-07
1.63869e-06 -7.74829e-09
1.05978e-06 1.22124e-07
-1.68462e-06 -3.38225e-07
-1.41637e-06 2.49685e-07
-1.54684e-06 6.22368e-08
-1.3009e-06 5.78552e-07
-2.48461e-07 3.12451e-07
1.35775e-06 3.10459e-08
-5.60657e-07 6.78142e-07
1.37303e-06 4.03096e-07
9.84838e-07 1.10029e-07
-7.59452e-07 5.19369e-07
1.21964e-06 -3.66181e-08
8.45927e-07 -1.25342e-08
5.26351e-07 5.58355e-07
-1.34586e-07 -1.09217e-07
1.78546e-06 -6.56393e-08
-2.94196e-07 -4.22218e-07
-5.07051e-07 8.20274e-08
-5.01245e-07 -5.17834e-07
4.29181e-07 2.74991e-07
-1.94459e-07 -4.69286e-07
1.83269e-07 -4.2295e-07
-3.69972e-07 -5.58649e-07
-6.17612e-07 -1.68033e-08
-6.79191e-07 6.28618e-07
1.07137e-06 3.67479e-07
1.53198e-06 -7.92448e-08
5.0482e-07 -4.82348e-08
7.59184e-07 1.29801e-07
1.78525e-06 -4.08277e-10
-1.75079e-06 1.20194e-07
-9.69554e-07 3.6656e-07
-1.31684e-06 3.71705e-07
-2.75146e-07 -6.96493e-07
-4.6879e-07 -1.26247e-07
-1.59225e-06 -3.53528e-07
-1.90177e-08 3.50868e-07
1.33588e-06 2.67863e-07
-1.77063e-06 6.70689e-07
9.99448e-07 1.35677e-07
-9.81844e-07 1.19395e-07
1.48295e-06 6.90573e-07
8.51059e-07 -3.31122e-07
3.43575e-08 -1.73263e-07
-6.36302e-07 -4.53928e-07
1.66299e-06 -6.81609e-07
-4.74251e-07 1.93288e-07
-1.52679e-07 6.1357e-07
-3.74661e-07 -5.64236e-07
1.78568e-06 5.44276e-07
-2.77478e-07 6.73366e-07
-4.47271e-07 5.22222e-07
8.94003e-07 3.46755e-07
4.50002e-08 2.13642e-07
-1.30367e-06 3.30661e-07
-6.75317e-07 -4.54774e-07
1.01134e-06 3.62416e-07
1.77483e-07 -1.0234e-07
1.00351e-06 -6.33008e-07
9.31872e-07 -5.78667e-07
-2.94608e-07 9.38195e-08
7.37792e-07 -6.35051e-07
-1.53342e-06 -3.46383e-07
-5.31926e-07 1.25229e-07
-1.01811e-06 -8.13729e-08
-1.7133e-08 1.15423e-07
1.3955e-06 -1.75354e-07
9.42572e-07 -6.37766e-07
-8.818e-07 3.6413e-07
-1.39547e-06 -3.64898e-07
9.37425e-07 -2.7976e-07
5.3103e-07 -5.9434e-07
-3.00137e-07 -6.49637e-07
6.23569e-07 6.27831e-07
-7.81321e-07 1.47931e-07
1.352e-06 -4.23485e-07
-3.89515e-07 -5.69228e-07
-4.11255e-07 -4.95793e-07
-1.14058e-06 -5.39481e-07
1.8209e-06 4.95675e-07
9.82206e-07 1.02621e-07
5.20494e-07 -5.87151e-07
4.61982e-07 2.69065e-07
1.24302e-06 -1.51935e-07
-1.66031e-07 3.16025e-07
-8.87266e-07 3.83016e-08
1.79393e-06 -1.86009e-07
4.93185e-07 -3.21093e-07
2.03707e-07 -1.89519e-07
-5.2752e-07 -1.12882e-07
4.00547e-07 4.03591e-07
1.05696e-06 -1.79041e-07
1.19488e-06 3.22091e-07
1.45458e-06 -2.95957e-07
-1.38546e-06 -8.95271e-08
7.25394e-07 5.24616e-07
-1.51761e-06 -4.43381e-08
-7.45973e-07 5.32146e-07
-9.67899e-07 5.28658e-07
1.58031e-06 -6.80789e-08
-5.75502e-08 1.22643e-07
2.20509e-07 -6.70625e-07
-7.18975e-07 -3.80264e-07
-1.61138e-06 6.00436e-07
1.27856e-06 4.90918e-07
6.01045e-07 -4.74452e-08
-1.68472e-06 2.95861e-07
5.29652e-07 1.50662e-07
-6.20766e-07 6.80886e-07
-5.38235e-07 4.39452e-07
-2.06934e-08 -2.03245e-07
7.90472e-07 4.27164e-07
-9.37566e-07 3.01925e-07
-1.3968e-06 2.0731e-07
-3.78956e-07 -6.25918e-07
-1.7043e-06 4.72055e-07
-1.57164e-06 -6.79385e-07
-1.47937e-06 4.07245e-07
7.23743e-07 -2.56059e-07
-2.60998e-07 6.60954e-07
6.86041e-07 -4.70291e-07
7.3419e-07 -5.3524e-07
-5.27392e-07 -1.07172e-07
6.9875e-07 5.91131e-07
1.47955e-08 6.46477e-07
-2.32645e-07 2.15451e-07
-3.81195e-07 6.61019e-07
-8.81444e-07 1.48903e-08
5.84544e-09 3.26069e-07
-3.11388e-07 5.2534e-08
1.92073e-07 -5.55583e-07
-8.98983e-07 -5.41034e-07
-1.41653e-07 -1.40158e-07
1.46412e-06 -2.77607e-07
-1.38111e-06 -4.93215e-07
3.22995e-07 -5.21939e-07
-5.71909e-07 -1.5356e-07
-1.68844e-06 7.91691e-08
-8.86843e-07 3.369e-07
-1.63242e-07 -5.24278e-07
2.47025e-07 -2.63358e-07
1.31067e-06 6.59585e-07
1.75347e-06 6.64989e-07
1.39839e-07 3.45031e-07
-1.47738e-06 -3.68344e-07
1.02932e-06 -2.20721e-07
1.05237e-06 -3.18871e-07
-4.36029e-07 3.59174e-07
-1.53945e-06 -6.79943e-07
-3.35027e-07 2.53281e-07
-4.19077e-07 3.0188e-07
-1.44246e-06 2.60601e-07
1.00002e-06 2.0071e-07
6.85156e-07 -4.23177e-07
5.86007e-07 -6.02804e-07
4.60044e-07 -3.83903e-07
-3.95252e-07 -6.31858e-07
-2.03717e-07 7.12935e-08
1.61604e-06 3.34466e-07
3.34617e-07 -1.34431e-07
2.18413e-07 -5.3298e-07
-5.91425e-07 -1.79911e-07
-2.63508e-07 1.87541e-07
-7.06091e-07 5.61301e-07
-1.61339e-06 1.7355e-08
1.26117e-06 -6.16237e-07
-8.95915e-07 -5.3872e-07
6.26424e-07 -1.6438e-07
1.64306e-07 -5.68428e-08
1.70855e-06 1.0514e-07
-1.13007e-06 -3.3702e-07
-6.2745e-07 -1.85158e-07
4.64897e-07 -5.67414e-07
7.77582e-07 4.16445e-07
2.41918e-07 6.9977e-08
-1.21026e-06 -4.58541e-07
6.5061e-07 -1.00265e-07
4.05214e-08 -4.50841e-07
1.69513e-06 5.64155e-07
1.50722e-06 -4.76126e-07
4.74875e-07 -3.89286e-07
1.53323e-06 6.37179e-07
5.52987e-07 5.78924e-07
7.97757e-08 3.27517e-07
-1.12389e-07 2.77402e-07
-1.16435e-06 5.94311e-07
8.67503e-07 6.31412e-07
1.67952e-06 1.94686e-07
-1.08726e-06 -5.16327e-07
1.77373e-06 -1.6104e-07
-9.60777e-07 -1.32217e-07
-1.10687e-07 -1.39841e-07
-4.35663e-07 -5.71349e-08
6.92179e-07 -5.19451e-07
4.58871e-07 1.53124e-07
-1.66879e-06 -6.82903e-07
-1.68718e-06 -5.03478e-07
3.83268e-07 3.12456e-07
-1.33174e-06 -6.02329e-07
-1.6854e-06 -6.0474e-08
-1.22419e-06 -5.84866e-08
-1.44175e-06 -6.30319e-08
5.47565e-07 5.89286e-07
1.50683e-06 -1.00645e-07
1.20162e-06 4.31092e-07
1.13645e-06 -6.98631e-07
1.70014e-06 -5.16545e-07
-1.43804e-06 -4.33812e-07
1.14574e-06 2.29459e-07
2.16118e-07 1.84448e-07
-1.73708e-06 -1.956e-07
-9.74045e-07 -5.64209e-07
-4.90192e-07 6.59992e-07
-1.53099e-06 2.26353e-07
-1.17559e-06 -4.50649e-07
9.7069e-07 -1.55126e-07
8.7245e-07 -3.03076e-07
-1.37279e-06 -5.96549e-07
1.8037e-06 3.45601e-07
-1.39054e-06 1.75715e-08
-1.16158e-06 -3.02668e-07
-6.35894e-09 -1.65382e-07
-1.63407e-06 -5.75701e-08
8.77874e-08 3.78531e-08
-1.71275e-06 -3.4055e-07
4.13535e-07 -6.53814e-07
4.48202e-07 1.88726e-07
5.01841e-07 -4.64955e-07
-1.40792e-06 1.81435e-07
-5.27166e-07 -1.93739e-07
9.84338e-07 -5.93054e-07
3.16173e-07 6.31247e-07
2.9489e-07 2.00742e-09
-1.6955e-06 7.15338e-08
-1.7425e-06 -6.07368e-07
-4.56159e-07 3.6025e-07
6.32697e-07 -5.30456e-07
-1.19026e-06 4.01326e-07
1.33455e-06 3.99554e-07
1.67512e-07 2.71537e-08
1.60088e-06 -6.56491e-07
3.71205e-07 3.30354e-07
4.50213e-07 -6.62099e-07
1.66596e-07 6.44301e-07
-1.13008e-06 6.4396e-07
-9.46855e-07 -2.95333e-07
9.41289e-07 1.25893e-07
-1.49785e-07 -6.48763e-08
1.34464e-06 -6.62542e-08
-5.78042e-07 -1.70069e-07
-3.47439e-07 2.25819e-07
-1.36014e-06 -4.71903e-07
1.81362e-06 6.11881e-07
1.48795e-06 3.51987e-07
2.51017e-09 -2.7544e-07
-1.15332e-06 3.56122e-07
1.59909e-06 -2.27042e-07
2.52085e-07 6.87131e-07
9.22379e-07 -6.03948e-07
-5.62011e-08 -4.72553e-08
6.52177e-07 -3.45435e-07
-6.60064e-07 2.25187e-07
-6.00479e-07 -6.06474e-07
-8.15935e-07 5.30776e-07
3.95386e-07 4.20701e-07
1.3135e-06 5.5379e-07
1.33057e-06 1.437e-07
1.69904e-06 -6.62247e-07
3.02272e-07 3.99645e-07
1.51802e-06 -2.63799e-07
1.47964e-06 -2.87844e-07
-1.19871e-06 -1.33325e-07
-1.31723e-06 6.79021e-07
1.38905e-06 -5.63682e-07
-7.57084e-07 -1.71807e-08
4.42451e-07 -3.28952e-07
-3.54206e-07 -6.40546e-07
1.79849e-06 3.45688e-07
-3.54464e-07 3.7114e-07
-1.20308e-06 5.43747e-07
1.7351e-06 -1.26426e-07
-1.6312e-06 -4.90454e-07
1.24837e-06 -5.45015e-07
-3.98723e-07 1.81858e-07
-1.21715e-06 3.33583e-07
-6.26736e-08 -1.73986e-07
1.76891e-06 -4.71528e-07
-9.85557e-07 -6.10845e-07
2.22206e-07 -6.3552e-07
-1.33038e-06 1.74937e-07
-3.52069e-07 -7.34899e-08
7.65934e-07 -2.87886e-07
-1.76822e-06 -6.39977e-07
1.16816e-06 -5.43163e-07
-1.40547e-06 3.88167e-07
-9.08537e-07 -3.77722e-07
7.07325e-07 5.72641e-07
4.16504e-07 -5.95299e-08
5.77901e-07 -1.30151e-07
-4.85382e-07 4.82186e-07
-1.65393e-06 6.68546e-07
-2.03905e-07 5.78822e-07
-8.38207e-07 -1.96411e-08
-5.63264e-07 -6.23609e-08
1.6056e-06 6.11965e-07
-1.79478e-06 2.65285e-07
-1.16471e-06 -2.00582e-07
-1.1862e-06 4.09263e-07
1.80063e-06 -4.27055e-07
9.80569e-07 -2.88171e-07
1.81924e-06 -5.43432e-07
-1.23483e-06 -6.84419e-07
1.53827e-06 1.80935e-07
-9.20852e-07 -6.02493e-07
1.91178e-07 -2.81354e-07
-3.84491e-07 2.53179e-07
4.03506e-07 5.68469e-07
-1.55392e-06 4.17682e-07
1.75339e-07 4.46723e-07
1.31225e-06 4.61742e-07
9.93351e-07 9.03916e-08
1.16623e-06 1.24428e-07
-7.64118e-07 6.38963e-07
8.39447e-07 -2.14361e-07
1.08343e-06 2.67873e-07
-6.8075e-07 -1.33193e-07
-1.14802e-06 -3.84294e-07
-1.80347e-08 -2.9904e-07
-1.64956e-06 -1.97952e-07
2.96171e-07 1.81774e-07
-4.58412e-07 1.77942e-07
7.22159e-07 6.8425e-07
5.02511e-07 -3.04756e-07
9.2723e-07 2.78295e-07
8.06091e-07 -6.74179e-07
1.93621e-07 7.29807e-08
-1.61693e-06 5.63981e-07
-8.73441e-07 3.01878e-07
1.01619e-06 5.18843e-07
-1.44694e-06 -9.21897e-08
8.62199e-08 2.19497e-07
1.61648e-06 -7.84046e-09
1.3608e-06 -6.83973e-07
-6.91827e-07 5.65057e-08
-1.6256e-06 2.97013e-07
-3.84588e-07 -1.58645e-07
3.4571e-07 -4.65143e-08
-1.94663e-07 -1.95289e-07
-8.46068e-08 3.69637e-07
-1.58158e-06 4.24112e-07
-6.15874e-07 5.28357e-07
-8.36982e-08 -2.63742e-07
-5.03493e-07 -6.29558e-07
4.7563e-07 -3.08496e-07
9.90033e-07 -9.65927e-08
9.64681e-07 -4.7799e-07
-1.1887e-07 2.95301e-07
1.17002e-07 -1.82297e-07
-8.63867e-08 -6.17069e-07
-1.25368e-07 2.42819e-07
1.04098e-06 -2.25027e-07
6.47836e-08 -6.89841e-07
1.52846e-06 4.72928e-07
3.77534e-07 -8.96417e-08
4.51525e-07 4.78221e-07
-1.58917e-06 -1.11087e-07
-2.38954e-08 2.35129e-07
-1.74277e-06 -5.94458e-08
1.15845e-06 2.00071e-07
-8.2241e-07 1.79466e-07
7.66601e-07 1.62687e-07
1.1858e-07 5.68019e-08
1.55323e-06 -3.04862e-07
1.66779e-06 -2.00756e-07
3.36289e-07 -5.29589e-07
-2.00856e-07 -4.25217e-07
4.33088e-07 1.73771e-07
1.76748e-07 5.17412e-07
-1.35955e-06 5.59284e-07
-1.79627e-06 5.40469e-07
-8.78853e-07 3.66497e-07
-8.89656e-07 4.91479e-07
-1.32016e-06 -4.01414e-08
-3.45869e-07 -4.70176e-07
9.58771e-07 1.74862e-07
1.68404e-06 -8.16811e-08
-1.31066e-06 2.08356e-07
-1.74933e-06 5.00286e-07
2.18334e-08 -5.52248e-07
1.08032e-06 5.31443e-07
9.63708e-07 -3.06086e-07
1.78458e-06 4.55623e-07
-9.66126e-07 3.49792e-07
5.18142e-07 -1.77716e-07
6.59936e-07 2.78804e-08
1.72657e-06 3.25607e-07
3.60606e-07 -3.12853e-07
-1.05177e-06 4.04216e-07
-1.02752e-06 -1.21575e-07
-2.84771e-07 -5.50882e-07
-1.2742e-06 -4.32511e-07
-6.8018e-07 -5.49058e-07
-7.89764e-07 5.71164e-07
-1.72022e-06 4.02587e-07
3.9825e-07 1.43259e-07
1.63137e-06 -1.8838e-07
1.65091e-06 6.38779e-07
8.72804e-07 1.16832e-07
5.57441e-07 6.20479e-07
-1.60057e-06 3.94716e-07
-2.53308e-07 2.98568e-07
-1.17469e-06 3.99378e-07
9.46962e-07 4.74879e-07
7.89856e-08 -3.06455e-07
1.21869e-06 4.82705e-07
5.81281e-07 -1.40017e-07
-9.26249e-07 1.44994e-07
8.76811e-07 5.21299e-07
-8.86506e-07 -7.01427e-08
1.96125e-07 -4.33984e-07
1.30597e-06 -8.47682e-08
4.2821e-07 4.59624e-07
-1.80609e-06 5.29451e-07
-1.31832e-06 -9.43232e-08
1.74353e-06 2.42592e-07
1.68527e-06 2.60872e-07
-4.03011e-09 9.38983e-09
6.71413e-07 -3.56604e-07
-7.1573e-07 3.55785e-07
-1.62483e-06 3.69363e-08
1.33233e-06 -3.42188e-08
-1.45338e-06 5.74162e-07
1.31816e-06 -4.35662e-07
-6.88758e-07 -6.06589e-07
-9.00129e-07 4.38018e-07
-6.52574e-07 6.1062e-08
-1.57825e-06 -3.58439e-07
3.79903e-07 -5.70951e-07
1.00055e-06 -4.55403e-07
6.75352e-07 3.11222e-07
-4.15022e-07 -1.02845e-08
-2.77155e-07 -4.27906e-08
-1.06481e-07 6.52177e-07
-1.18324e-06 3.86495e-07
9.26417e-09 -3.58976e-07
-1.53877e-06 -1.91434e-08
5.53376e-07 -1.79202e-08
1.81774e-06 3.19078e-07
-9.56267e-07 -1.68698e-07
1.662e-06 2.32957e-07
7.16593e-07 4.38391e-07
-1.67285e-06 2.03482e-07
1.42188e-07 -5.15478e-07
1.08724e-06 6.56213e-07
1.38609e-06 2.61395e-08
-6.65861e-07 6.3625e-07
4.38852e-07 -6.2377e-07
1.00821e-06 5.57034e-08
-2.44937e-07 -9.58149e-08
-1.37022e-07 -1.36732e-07
-1.45732e-06 -3.72165e-07
-4.82391e-07 -2.94676e-07
1.25779e-07 1.22984e-07
-1.40681e-08 3.45078e-07
1.20628e-06 -1.63341e-07
-1.08831e-06 -2.9964e-07
5.14496e-07 -6.59745e-07
-4.93517e-07 5.93454e-07
3.08734e-07 -5.55159e-07
1.69393e-07 3.28813e-07
4.51089e-07 5.85931e-10
-5.40963e-07 -6.4487e-07
1.00756e-06 -6.08734e-08
-1.54842e-06 5.51021e-07
1.26728e-06 -3.38178e-07
1.12375e-06 2.68236e-07
4.18494e-08 5.36116e-07
-1.58905e-06 -5.2079e-07
1.20111e-06 -6.26821e-07
-1.37276e-06 6.89081e-07
-8.79224e-07 6.87016e-07
1.62545e-06 3.3114e-07
3.71214e-07 3.94493e-07
-1.01617e-06 -6.67653e-07
1.07913e-06 -2.3777e-07
-6.73045e-07 -2.0298e-07
1.28591e-06 4.65279e-07
9.12589e-07 -2.87707e-07
1.48429e-06 -3.17385e-07
1.16579e-06 6.77465e-07
3.85183e-07 3.11517e-08
-3.90795e-07 4.83333e-07
-9.23283e-07 -2.33349e-07
-3.84038e-08 5.09586e-07
-3.21773e-07 -4.21119e-07
1.35797e-06 -3.30282e-07
-1.27422e-06 8.54736e-08
1.207e-06 -3.49317e-07
1.06164e-06 2.68321e-08
-5.69749e-07 4.73553e-07
1.68396e-06 1.49881e-07
1.08521e-06 5.96657e-07
-6.06822e-07 6.93436e-07
-1.41884e-06 5.72802e-07
4.57665e-07 -6.45267e-07
-1.74838e-07 -5.50502e-07
8.14166e-07 2.11266e-07
-8.33734e-07 -4.06918e-07
2.42622e-08 4.25313e-07
-8.75806e-08 6.28649e-07
1.80951e-06 1.48788e-07
-5.75245e-07 2.68543e-07
-1.04588e-06 -1.69807e-07
1.67214e-06 -2.93482e-07
-7.17529e-07 -1.65704e-08
-1.55578e-06 -1.48156e-07
5.38704e-07 -6.28668e-07
-1.68135e-06 2.25348e-07
3.69729e-07 -3.28875e-07
1.43706e-06 6.35415e-07
8.06668e-07 -3.90439e-07
1.80345e-06 -6.08098e-07
-5.23728e-07 -4.51702e-08
-7.23603e-07 -4.42428e-08
-1.68915e-06 1.264e-07
1.35924e-06 2.85651e-07
1.07878e-06 -1.9165e-07
5.60139e-07 -6.19562e-07
-1.68153e-06 4.95883e-07
-6.68426e-07 4.42033e-07
1.38017e-06 6.53602e-07
1.81742e-06 1.24382e-07
-9.82485e-07 2.5394e-07
1.7184e-06 -1.20181e-07
4.36855e-07 1.80978e-07
1.67399e-06 -1.24687e-07
1.48216e-06 3.78211e-07
-1.45483e-06 -6.48682e-07
1.65504e-06 -6.10954e-07
-6.73246e-07 3.48681e-07
7.89275e-07 1.07147e-07
-1.32318e-06 -5.77473e-07
7.1229e-08 -6.96805e-07
-1.77169e-06 -1.37615e-07
7.59875e-07 1.12087e-07
-1.33542e-06 6.96985e-07
-1.81518e-06 5.53136e-07
-6.1385e-07 -9.19134e-08
-5.60416e-07 -6.68486e-07
-1.70896e-06 -5.27957e-07
2.4704e-07 -1.68363e-07
-1.40793e-06 6.9049e-07
-2.82851e-07 -4.04223e-07
-1.76192e-06 -4.81018e-07
-1.26298e-06 -3.99392e-07
7.02542e-07 -3.50219e-07
1.46225e-06 -3.54803e-07
1.28653e-06 -5.80315e-07
-1.80671e-06 6.32886e-07
2.51255e-07 -4.34344e-07
-1.78071e-06 -5.90239e-07
1.61057e-06 3.4496e-07
-8.44474e-07 -2.79244e-07
1.40796e-06 -9.8543e-08
5.93592e-07 -1.31197e-07
-8.12211e-07 4.32086e-07
-7.20988e-07 5.42428e-07
9.07302e-07 6.37426e-07
-1.20955e-06 -9.29491e-08
-1.59104e-06 5.67652e-07
1.42314e-06 -3.03027e-07
-7.00041e-07 4.71581e-07
1.58266e-06 4.81814e-07
3.75259e-07 -4.83423e-07
-1.10394e-06 -4.80959e-07
9.70426e-07 -4.12969e-08
-3.31109e-07 4.2329e-07
-4.46259e-07 -2.96151e-07
-1.23048e-08 -6.38055e-07
1.64454e-06 4.50521e-07
9.08474e-07 5.3287e-07
-1.29481e-06 2.32765e-07
-7.07065e-07 -4.63295e-07
1.06059e-06 -3.41905e-07
-4.22632e-07 1.20438e-07
5.85613e-07 -2.62127e-08
-1.07936e-06 1.8704e-07
5.77309e-07 -6.91423e-07
1.65393e-06 -2.38356e-07
-1.31453e-06 -1.30276e-07
1.06707e-06 -1.49216e-07
-4.44254e-07 4.13601e-08
6.32342e-07 -5.8893e-07
1.26035e-06 5.90054e-07
-1.25757e-06 -4.03135e-08
-1.15042e-06 -4.18815e-07
-9.22562e-07 4.76858e-07
-1.48975e-06 3.23233e-07
2.88731e-07 -5.6593e-07
1.2358e-06 -6.38735e-07
1.40219e-06 3.92899e-07
-1.18109e-06 -1.17802e-07
-2.07935e-07 -3.71672e-07
3.3092e-07 3.44077e-07
-1.17999e-06 -7.21029e-08
-1.61307e-06 5.46783e-07
-4.63343e-08 -1.76434e-07
6.76808e-07 -2.88487e-07
-1.30542e-06 1.7715e-07
-1.27853e-06 -1.21364e-07
6.29296e-07 3.191e-08
9.55338e-07 -4.96193e-07
-8.1536e-08 6.20966e-07
5.30079e-08 -5.58036e-07
3.10691e-07 4.57388e-07
1.27185e-06 -1.69156e-07
1.10208e-08 5.83787e-07
-2.30108e-07 6.33281e-07
-1.11871e-07 2.05095e-07
-1.3111e-06 2.98709e-07
7.83077e-07 -1.51162e-07
7.3567e-07 1.48109e-07
-1.79991e-06 -1.52109e-08
-1.02993e-06 -6.60656e-07
4.98066e-07 -5.8894e-07
-8.77644e-07 -6.69255e-07
-9.93976e-07 -5.78253e-07
-1.48551e-06 5.45756e-07
-3.1789e-07 6.66428e-07
8.50293e-07 -2.67135e-07
2.45909e-07 5.85048e-07
-5.39555e-07 3.49592e-07
1.67097e-06 6.74167e-07
-7.68603e-07 2.34661e-07
1.67071e-06 -2.16014e-07
1.10545e-06 5.20115e-07
9.05051e-07 4.58226e-07
9.10236e-07 7.48957e-08
-4.43647e-07 -4.87357e-07
1.47142e-06 -1.05776e-07
-1.06228e-06 2.23529e-07
-1.30138e-06 5.21112e-07
-1.78024e-06 8.09478e-08
-9.76536e-07 -3.452e-07
-5.58204e-08 5.35541e-07
7.88162e-07 4.68161e-07
1.28744e-06 -8.55653e-08
-2.19474e-08 2.76585e-07
1.49063e-06 -3.08151e-07
1.71489e-06 -3.38071e-07
-8.90089e-07 -4.94256e-07
1.55815e-07 4.26216e-07
1.03421e-06 -5.73576e-07
5.78154e-07 -2.35843e-07
8.9987e-09 3.27558e-07
-8.70274e-07 4.69557e-07
1.1271e-06 -2.96653e-07
6.56816e-07 -3.50126e-07
2.61443e-07 4.90604e-07
6.96651e-08 1.89113e-07
2.25931e-07 6.96174e-07
9.32585e-07 1.14112e-07
-2.61562e-08 1.43135e-07
1.39402e-07 -4.63677e-08
7.18754e-07 5.84564e-07
1.42335e-06 -2.61244e-07
6.03063e-07 4.40692e-07
9.82276e-07 1.72849e-07
1.35081e-06 1.67396e-07
-5.85606e-07 5.31853e-07
-3.32198e-07 -5.75727e-07
1.71919e-06 6.52652e-07
-6.28362e-07 -2.12388e-07
4.92848e-07 3.09704e-07
-1.43867e-06 6.74615e-07
4.47279e-07 4.88743e-07
-5.4046e-07 -5.00785e-07
1.66513e-06 -7.89855e-08
1.22647e-06 1.33683e-08
-1.45081e-06 -4.11705e-07
-1.68784e-06 -1.45502e-07
-4.34802e-07 -6.71324e-07
2.5503e-07 -1.60038e-08
-1.50022e-06 4.70572e-07
1.50271e-06 -3.35926e-07
2.72826e-07 -5.0659e-07
1.80534e-06 4.9196e-07
-1.17159e-06 -1.0721e-07
-1.30525e-06 -2.53287e-07
1.23728e-06 2.73814e-07
3.52927e-07 1.43332e-07
1.34481e-06 3.37354e-07
-9.14845e-07 7.8188e-08
2.44262e-07 -6.07438e-07
-7.92737e-07 -4.1124e-07
-3.76853e-07 -1.9375e-07
-1.10584e-06 2.38632e-07
-9.19207e-07 -5.52418e-07
2.94828e-07 -6.33679e-07
-1.21334e-06 -4.97305e-07
-1.19905e-06 -4.94266e-07
-1.10389e-06 -6.27532e-07
1.31355e-06 1.05339e-07
-1.76078e-06 -6.26705e-07
-4.53528e-08 5.24688e-07
1.41855e-06 3.65366e-07
-7.54484e-07 -3.6849e-07
-2.70237e-07 -1.88959e-07
-7.21505e-07 4.4685e-07
-1.09894e-06 1.87046e-07
-1.53357e-07 5.18865e-07
-8.87603e-07 -4.55465e-07
-5.46295e-07 2.33371e-07
3.90918e-07 -3.77963e-07
1.53547e-06 4.98841e-07
-1.50364e-06 5.72007e-07
-1.63813e-07 3.64955e-07
-4.60659e-07 5.47168e-08
1.7113e-06 -5.77672e-07
1.13548e-07 1.14008e-07
-9.13155e-07 6.62441e-07
-7.51495e-07 5.5413e-07
7.97316e-07 1.0044e-07
-1.73372e-06 5.88386e-07
3.11993e-07 -4.43337e-07
1.48417e-06 -1.22559e-07
-2.98932e-07 -3.99196e-07
2.52855e-07 4.15145e-07
-9.42733e-07 4.1727e-07
-5.18109e-07 5.49669e-07
-9.34036e-07 4.28944e-07
-2.06812e-08 4.47041e-07
-3.91108e-07 -6.78566e-07
5.6376e-07 5.59265e-07
-1.53577e-06 4.62651e-07
-3.033e-07 -5.20278e-07
1.50726e-06 -5.20091e-07
7.08587e-07 -2.04979e-09
-5.50844e-07 -4.65164e-07
-1.6444e-06 -2.29824e-07
1.70016e-06 -4.4746e-07
1.40742e-06 -4.87209e-07
1.69352e-06 5.5633e-07
-1.06246e-06 3.49586e-08
1.01482e-06 -3.65699e-07
-1.1728e-06 -3.87157e-07
-6.92907e-07 5.39244e-07
1.6813e-06 6.90645e-07
9.63884e-07 -1.34778e-07
-5.21239e-07 -4.73996e-07
7.57246e-07 -6.47701e-07
-7.70284e-07 -5.55284e-07
-1.64867e-06 -5.65532e-07
-1.64229e-06 -4.0961e-07
-3.01745e-07 -1.98168e-07
1.37643e-06 -8.39069e-08
6.42273e-07 -2.57203e-07
4.29374e-07 -2.84262e-07
5.15216e-07 2.75876e-07
1.26313e-06 -2.01781e-07
-2.59845e-07 4.93526e-07
-7.8415e-07 -2.14298e-08
1.32982e-06 -6.69485e-07
-8.31324e-07 -2.81273e-07
-1.40007e-07 6.76714e-07
1.46981e-08 5.32601e-07
-1.26727e-06 3.57711e-07
-1.10696e-06 -3.04379e-07
-5.46839e-07 1.46506e-07
1.54801e-07 1.63659e-07
-1.32194e-06 5.11592e-07
7.99632e-07 6.67219e-07
-8.70749e-07 -4.29968e-07
1.07514e-06 1.96731e-09
1.29729e-06 5.2222e-07
1.09606e-07 -6.08304e-08
1.19305e-06 -1.2106e-08
4.32904e-07 2.07353e-07
-1.80968e-06 3.35437e-07
-1.6973e-06 5.54358e-07
1.55918e-06 -5.81106e-07
-1.48557e-06 -6.31976e-07
2.48457e-07 -5.08981e-07
-1.36215e-06 2.02239e-07
-8.70186e-07 -4.98311e-07
-1.55029e-06 5.14247e-07
2.95132e-07 -6.20675e-07
-1.50328e-06 4.84418e-07
-8.1338e-08 -6.79992e-08
5.68354e-07 6.39072e-07
9.84476e-07 -6.49415e-07
1.35367e-07 -3.93006e-07
-1.48161e-08 -5.39373e-07
4.55059e-07 -1.35004e-07
1.34803e-06 6.55436e-07
-4.19083e-07 1.54587e-07
-1.28665e-06 -6.10146e-07
1.12931e-06 -4.12942e-07
2.66251e-07 3.4988e-08
1.64174e-06 -4.27976e-07
-6.28774e-07 6.40211e-07
-2.90273e-07 6.46592e-07
6.97734e-07 -3.21058e-07
1.23659e-06 6.58145e-07
-7.44551e-07 2.30328e-08
-1.36043e-06 5.41397e-07
-2.27697e-07 2.88165e-07
1.3782e-06 1.19698e-07
9.50076e-07 -3.89576e-07
-2.54241e-07 -8.20776e-08
7.85036e-07 -6.45517e-07
1.32978e-06 -4.36459e-07
-7.77409e-07 2.86174e-07
8.62916e-07 -2.79713e-07
-3.57585e-07 -2.89182e-07
1.63102e-06 -6.07454e-07
1.35108e-06 9.92056e-08
3.19162e-07 -5.94977e-07
-7.83639e-07 -6.21901e-07
2.67491e-08 2.44004e-07
-9.46895e-07 5.35998e-07
9.7538e-07 4.5387e-07
1.50762e-06 4.34492e-07
3.70052e-07 6.42179e-07
3.39316e-07 6.02311e-07
-1.42143e-06 2.51264e-07
-1.52058e-06 -4.16841e-07
-9.93714e-08 9.90611e-08
-1.08846e-06 -3.14452e-08
-7.75866e-08 -1.76087e-08
3.49261e-07 -4.97106e-07
1.09758e-07 2.74316e-07
7.56984e-07 3.93197e-07
-1.59683e-06 -1.20267e-07
2.30472e-07 7.50425e-08
-6.12358e-07 -9.27437e-08
5.99232e-07 -3.25168e-07
-1.04432e-06 3.14338e-09
-1.18118e-06 2.31147e-07
9.72346e-07 -5.68655e-07
-1.91946e-07 9.94011e-09
-1.0106e-06 -4.22568e-07
2.12115e-07 2.76023e-07
1.76687e-06 -5.86728e-08
-6.77368e-08 -4.33791e-07
9.1254e-07 -3.81943e-07
1.79661e-06 -2.4928e-07
1.32242e-06 -3.43127e-07
9.33589e-07 -1.7559e-07
9.68878e-07 2.96981e-07
-1.52086e-06 6.92652e-07
1.57325e-06 -6.55802e-07
1.81427e-06 -6.82916e-07
9.87116e-07 -4.9092e-07
1.45614e-06 -5.2309e-07
1.52967e-08 -4.14212e-07
-9.44616e-07 1.62572e-07
1.08864e-06 -4.43863e-07
-6.0609e-08 1.92459e-07
-1.5841e-06 2.57953e-07
4.40293e-07 4.85682e-08
-7.36894e-07 2.22586e-07
1.19108e-07 2.79002e-07
-1.04048e-07 -3.4021e-07
-8.8008e-09 -4.05069e-07
5.19085e-07 -4.17356e-07
-1.05463e-06 -1.98404e-07
3.35937e-07 -2.40774e-07
1.07923e-06 -2.30548e-07
-6.66731e-07 -2.49488e-08
2.98421e-07 3.24195e-07
-1.22051e-06 1.68555e-07
-9.43783e-07 -6.99187e-08
1.14661e-06 2.23071e-07
-9.94851e-07 6.04153e-07
8.97224e-08 -1.71595e-08
-4.0361e-07 -5.67093e-07
-3.14654e-07 3.35624e-07
5.77437e-07 -4.70397e-07
1.33387e-06 2.46204e-08
-1.54361e-06 -1.83944e-07
-1.73053e-06 -5.37049e-07
-1.00213e-06 -1.92161e-07
-7.13405e-07 -5.61043e-07
-5.44359e-07 5.051e-07
9.58295e-07 -6.49737e-07
1.25434e-06 -4.32116e-07
5.79352e-07 5.1124e-07
-2.97148e-07 -3.75853e-07
4.22284e-07 1.76988e-07
1.29522e-06 -2.3321e-07
-6.26076e-07 -2.30009e-07
1.02479e-06 6.92595e-07
-1.22389e-06 -5.38052e-07
1.64601e-06 6.58862e-07
1.54117e-06 -6.22183e-07
-1.05257e-06 1.96411e-07
9.94054e-07 4.96978e-07
1.15883e-06 8.98017e-08
5.91303e-07 -4.81102e-07
4.35821e-07 -1.2834e-07
1.48829e-06 -6.45605e-07
3.54253e-07 -6.10355e-07
1.02403e-06 2.23279e-07
1.07332e-06 -5.29877e-07
-1.62554e-07 -4.49426e-07
6.70973e-07 6.93311e-07
1.21563e-08 -5.07324e-07
-4.87251e-07 1.71739e-07
-1.09557e-06 2.86721e-07
1.51238e-06 -2.39447e-07
-1.71607e-08 3.95379e-07
-1.61537e-06 -4.80436e-07
-4.37739e-07 3.50402e-07
-1.06555e-07 6.31236e-07
-1.75369e-06 5.65766e-07
-1.3133e-06 6.91825e-07
1.38765e-06 -2.29149e-07
5.11197e-08 6.05441e-07
-1.59791e-06 -6.35435e-07
1.1384e-06 -4.02272e-07
-1.61832e-06 -4.08569e-07
-6.62727e-07 4.71878e-08
-6.1247e-07 -3.44457e-07
-1.73815e-06 -4.5597e-07
1.14092e-06 3.31571e-07
1.03781e-06 4.78416e-07
-4.43649e-07 3.01333e-07
1.27522e-06 6.65267e-07
4.51509e-07 -4.79094e-07
1.42128e-06 7.90039e-08
-8.97027e-07 5.42299e-07
-1.61804e-06 3.55249e-08
1.28908e-06 -1.20319e-07
3.72579e-07 -2.4581e-07
-1.23073e-07 -5.5861e-07
-8.77419e-07 -5.61766e-08
5.39809e-07 -5.05493e-07
1.55845e-06 -2.08821e-07
-1.76466e-06 3.68826e-07
-7.47096e-07 5.06355e-07
5.58822e-07 -6.04041e-07
1.32232e-06 -4.66115e-07
-1.19776e-06 4.33053e-07
-1.04094e-06 4.77112e-07
-9.5607e-07 3.482e-07
-1.33461e-06 6.72732e-07
-1.38254e-06 -6.12484e-07
-2.47775e-07 9.13631e-08
2.69135e-07 -3.59942e-07
-1.26536e-06 8.82324e-08
-7.81582e-07 6.14292e-07
1.68678e-06 6.23246e-07
-1.06599e-06 2.96706e-07
1.2233e-06 -6.58968e-07
9.15637e-07 -5.56627e-07
1.32878e-06 1.27662e-07
-4.09762e-07 7.93993e-08
1.72391e-06 -4.18635e-07
-9.32901e-07 -3.42422e-07
1.15594e-06 2.81945e-07
1.26622e-06 -6.34922e-07
4.52763e-07 4.80406e-07
-9.07512e-09 4.8819e-07
1.04885e-06 -5.33672e-07
8.18419e-07 -3.80897e-08
-6.81523e-07 1.37522e-07
-6.44327e-07 3.58363e-08
1.48597e-06 4.05759e-07
-5.51573e-07 -3.15567e-07
-6.81004e-08 -1.17123e-07
-5.21901e-07 -2.29444e-07
2.86162e-07 1.39628e-07
-6.52553e-07 2.23736e-07
9.40791e-07 2.83947e-07
1.04354e-06 -2.19046e-07
-1.09236e-06 -1.14238e-07
-1.79846e-06 -2.29431e-07
-5.12381e-09 -2.82604e-07
1.34087e-06 -3.223e-07
1.73042e-07 3.56285e-07
1.03169e-06 -6.36197e-07
1.52945e-06 2.51584e-07
1.35997e-06 -3.9706e-07
-1.47829e-06 -9.56279e-08
-9.88548e-07 1.98481e-07
1.41862e-06 3.56817e-07
3.69479e-07 1.01936e-07
2.76073e-07 -6.55074e-07
-1.41588e-06 3.41188e-07
-9.96216e-07 6.74756e-07
-9.50753e-07 4.20092e-07
2.79855e-07 -4.23291e-07
8.14351e-07 6.10192e-09
-1.29431e-06 4.33977e-07
-9.17212e-07 -6.81103e-07
-1.20376e-06 -9.60572e-08
-6.39438e-07 1.14752e-07
1.60725e-06 -9.16847e-08
5.53646e-07 -5.05914e-07
1.51231e-06 -3.06489e-07
-7.60807e-07 8.41967e-08
1.00764e-06 -5.87431e-07
1.12194e-07 -6.48296e-07
5.49051e-07 3.49765e-08
-1.59412e-07 -4.62101e-07
-1.58025e-06 -1.68672e-07
-1.37101e-07 -4.46923e-08
-2.46871e-07 -6.06119e-07
-1.78855e-06 4.41191e-07
1.50028e-06 2.87591e-07
-1.42214e-06 3.18785e-07
1.80335e-06 4.38108e-07
1.20112e-06 2.08083e-07
-1.09494e-06 6.96688e-08
-6.62296e-07 1.70217e-07
-1.81054e-06 -3.17123e-07
7.29416e-07 -3.09351e-07
-2.16785e-07 -6.98134e-07
5.35397e-07 6.55888e-07
9.50835e-07 -2.20073e-07
2.23402e-07 -5.29699e-07
1.59787e-06 -4.08038e-07
-7.71862e-07 -6.14524e-07
-1.23129e-06 -2.929e-08
1.68634e-06 5.0229e-07
7.15652e-07 -3.18401e-07
-1.71205e-06 -5.9515e-07
-1.31645e-06 -2.12728e-07
-2.42913e-07 8.73079e-08
1.28274e-06 -5.30995e-07
6.61153e-07 -1.07121e-07
6.90372e-07 -1.83712e-07
-1.6135e-06 -4.26222e-07
-1.74142e-06 1.5635e-07
6.44428e-07 -6.34545e-07
-6.8455e-07 2.92857e-08
9.08143e-07 -2.51497e-07
-1.74218e-06 4.3669e-07
1.11146e-06 1.42665e-07
-1.17577e-06 -2.27996e-07
-4.58709e-07 4.50538e-07
1.60206e-06 9.45998e-08
-1.309e-06 -1.11718e-07
-1.5763e-06 4.97652e-08
8.62834e-07 3.6339e-07
5.8835e-07 5.65596e-07
-1.20625e-06 1.03603e-07
1.08553e-07 5.17848e-07
1.5278e-07 -3.01456e-07
-1.76727e-06 2.51433e-07
1.57234e-06 -4.60414e-07
1.47653e-06 -1.62063e-07
4.80502e-08 2.74095e-07
-1.31077e-06 -4.48243e-07
6.20295e-07 -3.7334e-07
-1.22083e-06 3.74753e-07
1.95518e-07 -2.23389e-07
9.42677e-07 6.49567e-07
1.28453e-06 5.29018e-07
1.78234e-06 -1.02981e-07
-1.67609e-06 4.75513e-07
1.22806e-08 -5.49976e-07
9.33148e-07 -6.01848e-07
9.05516e-07 2.65559e-07
-1.25803e-06 6.14294e-07
1.28706e-06 4.16004e-07
-7.70405e-07 -2.29824e-07
-2.93144e-07 -7.25428e-08
7.60105e-07 1.59967e-07
-2.02617e-07 6.78593e-07
-8.60908e-07 -5.62297e-08
1.74804e-06 2.6291e-07
5.17416e-07 9.13184e-08
-7.34754e-07 4.2376e-07
1.08445e-06 8.43239e-08
9.42034e-07 -6.54445e-07
6.14619e-07 -6.1767e-07
-1.80034e-06 2.58309e-07
1.34227e-06 -3.64072e-07
-1.01559e-06 2.13576e-07
6.12908e-07 8.75773e-08
2.61085e-07 1.21155e-07
9.07125e-07 -4.70488e-07
-1.16064e-06 -5.3595e-07
-1.72145e-06 -1.82956e-07
-6.4821e-07 6.41044e-07
-1.71297e-06 -1.41761e-07
1.74362e-06 2.20829e-07
-1.88712e-07 3.83396e-07
1.52783e-06 4.25502e-07
-1.24995e-06 -2.51179e-07
1.74859e-06 -3.39029e-07
-5.45803e-07 -1.24719e-07
-6.09605e-07 1.0784e-07
1.0017e-06 1.30462e-07
1.75743e-06 5.89603e-07
-1.65871e-06 5.1509e-07
1.70054e-06 -3.78897e-07
-1.22974e-06 9.09858e-08
1.14808e-06 2.86692e-07
-5.06618e-07 -3.68396e-07
-8.82841e-07 3.52347e-07
2.6873e-07 -5.05467e-08
-4.18261e-07 -5.73094e-09
9.17512e-07 -2.70879e-07
1.76772e-06 -2.55357e-07
6.25449e-07 -6.17109e-07
1.02139e-06 5.37099e-07
6.85796e-07 7.64174e-08
6.67058e-07 3.91671e-07
-1.72628e-06 -5.52954e-07
5.87506e-08 4.3538e-07
-1.60938e-06 4.22762e-07
-3.65827e-07 -1.65338e-07
1.63522e-06 -2.13913e-07
5.33056e-07 1.59243e-07
-4.99727e-07 -1.78998e-07
1.14757e-06 5.80743e-07
-1.1949e-06 1.89893e-07
-2.45975e-07 -3.68589e-07
4.41427e-07 1.62667e-07
-4.87908e-07 -1.02672e-07
-1.15259e-06 -6.64013e-08
7.26811e-07 1.64558e-07
-1.24719e-06 -3.75133e-07
-1.46932e-07 1.69337e-07
-1.70299e-06 6.62459e-07
-3.9563e-08 -6.72426e-07
8.36245e-07 3.49931e-07
-1.26354e-06 2.70936e-07
2.66819e-07 -4.74406e-07
-1.34532e-06 -5.1634e-07
-7.24893e-07 1.69692e-07
-4.37551e-07 -6.46756e-07
1.35381e-06 -1.87056e-08
1.29676e-06 4.52731e-08
-6.3347e-07 3.42603e-08
1.4349e-07 2.97163e-07
-9.06492e-08 -1.13264e-07
-1.71611e-06 3.86168e-08
-1.79546e-06 -4.20711e-07
1.16693e-06 -1.44036e-07
-1.11148e-06 6.57284e-07
-1.68959e-06 -5.98292e-07
1.01921e-06 5.16266e-07
-1.08009e-06 -6.00032e-07
3.74819e-07 6.46061e-08
-1.80404e-06 -1.37315e-07
1.40241e-06 5.70793e-07
-7.12246e-07 5.81175e-07
-2.23178e-07 -2.91165e-07
1.07035e-06 -5.2533e-07
-6.86811e-07 3.49892e-08
-1.8435e-08 -4.89774e-07
-1.80654e-06 4.92792e-07
1.00793e-06 4.33632e-07
-5.11795e-07 -5.13622e-07
7.59059e-07 -2.43839e-07
-1.13973e-06 -4.33421e-07
-1.5887e-06 -1.06312e-08
3.83442e-08 3.59626e-07
-1.04293e-06 -9.82577e-08
7.77399e-07 -5.32788e-07
1.00804e-06 -2.13379e-08
1.08105e-06 2.69566e-07
-1.70963e-06 -2.98959e-07
9.76217e-07 -5.97686e-07
-5.90552e-08 -4.81582e-07
1.32525e-06 1.10668e-07
-1.66237e-06 6.02776e-07
1.49451e-06 -1.55334e-07
5.75664e-07 -3.31689e-07
-9.12426e-07 -4.84983e-07
1.32102e-06 1.73031e-07
1.81754e-06 4.56676e-07
6.35922e-07 -6.76276e-07
-1.11153e-06 4.1368e-07
1.23012e-06 4.50581e-07
4.66177e-07 4.14647e-07
-4.86395e-07 -5.87044e-07
5.47863e-07 -2.49933e-07
7.80961e-07 1.02646e-07
-7.48568e-07 -4.3306e-09
1.01661e-07 1.62048e-08
-3.21257e-07 -5.1657e-07
-1.68223e-06 5.29892e-07
3.28274e-07 -6.50594e-07
1.4425e-06 -4.07646e-07
-1.14473e-06 3.79318e-08
-9.88567e-07 -4.72025e-07
-4.96918e-07 -1.59101e-07
1.27065e-06 8.64089e-08
-2.24323e-07 -5.31246e-07
1.03473e-06 -2.35561e-07
9.41957e-07 -5.88022e-07
-7.06306e-08 5.31694e-07
-7.36308e-07 -6.44746e-07
-1.58303e-06 6.78828e-07
-1.39873e-06 6.99688e-07
-6.9268e-07 4.11648e-07
-1.80721e-06 -4.42741e-07
-1.72498e-07 -1.50488e-07
1.56704e-07 2.04534e-07
7.25643e-07 -4.96794e-07
-2.52457e-07 3.23322e-08
-1.00961e-06 4.78348e-07
-7.36163e-07 -1.08675e-07
-7.73461e-08 -6.77375e-07
3.37556e-07 5.82965e-07
-1.14696e-06 -1.86673e-07
1.09501e-06 -3.63987e-07
1.06489e-06 -4.43754e-07
-1.15294e-06 -1.01556e-07
1.67204e-06 -3.27691e-07
-1.01476e-06 6.12562e-07
6.13247e-07 1.37129e-07
1.51021e-06 1.27763e-07
1.53271e-06 -3.06685e-07
-6.75057e-07 6.69983e-07
-3.43555e-07 -4.41785e-07
-1.78752e-06 1.90644e-07
8.86425e-07 -4.06519e-07
-1.78037e-07 -2.39864e-07
7.04285e-07 5.99524e-07
6.90989e-07 -4.23126e-07
1.09527e-06 -2.24121e-07
-3.0358e-07 -1.8782e-07
-5.75989e-09 1.95418e-07
1.08333e-06 -2.66123e-07
-2.13773e-07 1.86149e-07
-1.05227e-06 -6.11486e-07
3.10824e-07 1.37733e-07
-1.51227e-06 1.595e-08
7.34104e-07 -2.15596e-07
9.96992e-07 7.40951e-08
-8.33673e-07 2.57567e-07
1.36709e-06 6.72461e-07
9.40493e-07 5.49977e-07
-2.7291e-08 1.74823e-07
5.49454e-07 6.58034e-07
3.35257e-07 4.28297e-07
-7.40037e-07 -2.81824e-07
-1.45369e-06 -4.69915e-07
7.75065e-07 -3.95656e-07
-8.41589e-07 -8.96182e-08
9.9764e-08 -1.27297e-07
-3.8019e-07 4.70794e-08
-7.77808e-07 -2.22347e-07
-1.24517e-06 5.26799e-07
7.41095e-07 -2.72922e-10
1.48043e-06 -5.3265e-07
1.01101e-06 -9.76752e-08
-4.22858e-07 2.19895e-07
-1.76996e-06 -2.97402e-07
-1.02774e-06 -5.71659e-07
-1.09081e-06 3.09108e-07
-6.31883e-08 -6.26296e-08
2.71311e-07 -2.47951e-07
1.77183e-06 2.78512e-07
-1.4821e-06 -4.09602e-07
-1.04258e-07 -1.54757e-07
1.05062e-07 1.80182e-07
-1.46703e-06 6.87245e-07
-1.17764e-06 4.59523e-07
-1.12954e-06 2.085e-07
7.63669e-07 -2.02491e-07
-2.33377e-07 -3.18177e-07
1.29672e-06 -4.87947e-07
1.06306e-06 -2.03411e-07
-1.07106e-06 -1.10324e-08
-5.30479e-07 1.90355e-07
1.3281e-06 3.64015e-08
-2.6309e-07 -5.53595e-07
-3.75463e-07 6.45273e-07
7.98168e-07 -4.39801e-07
1.56635e-06 4.62528e-07
-7.65872e-07 -6.01721e-07
-1.47943e-06 3.66171e-07
-1.68544e-06 6.29407e-07
5.7841e-07 -6.59612e-07
-6.2563e-07 6.28221e-07
-1.26099e-06 5.46832e-07
-1.77484e-06 5.39863e-07
-7.50403e-08 -6.73793e-07
-7.50366e-07 2.04062e-07
6.09679e-08 3.46099e-07
1.17204e-06 2.42877e-07
-9.35267e-07 9.29471e-08
9.66974e-07 5.81143e-07
6.38993e-07 -2.17122e-07
-9.57865e-07 -5.81204e-08
-1.67033e-06 1.86167e-07
9.00792e-07 2.27329e-07
-1.30294e-06 3.90228e-08
-6.75291e-07 -4.37795e-07
-1.00264e-06 -1.4181e-07
1.44821e-06 -2.4987e-07
1.2136e-06 -3.917e-07
-7.16824e-07 -1.82575e-07
-5.92484e-07 -1.2518e-07
-7.78309e-07 -5.45352e-07
1.23259e-06 -5.63035e-07
-7.492e-07 -4.52713e-08
-6.8093e-07 -2.05349e-07
-1.5273e-06 5.53198e-08
-1.58046e-06 5.35813e-07
-5.173e-08 6.51822e-07
1.80296e-06 -5.34312e-07
1.72956e-06 1.69916e-08
-6.29043e-08 4.68638e-07
-8.76799e-07 6.45098e-07
-1.18824e-06 3.93032e-07
-1.21495e-06 -5.31723e-07
8.03823e-07 8.47369e-08
8.17603e-07 7.9829e-08
1.33878e-06 -4.97269e-08
5.20289e-07 5.51522e-08
-3.15581e-08 3.821e-07
-6.89459e-07 5.71889e-07
-1.51574e-06 -6.23519e-07
1.54447e-06 -2.53724e-07
3.59729e-07 -4.56026e-07
-1.76726e-06 -1.23267e-07
-2.95636e-07 -4.09343e-07
7.07327e-07 -6.74936e-07
-1.19549e-06 5.80622e-07
2.65191e-07 6.85499e-08
5.59712e-07 -5.41743e-07
-1.51598e-07 -1.78172e-07
8.05423e-07 1.22622e-07
2.45125e-07 -1.26329e-07
5.795e-10 6.8395e-07
-9.98862e-07 5.86799e-07
-9.02224e-07 -2.64458e-07
-1.32692e-06 5.7391e-07
8.20245e-07 -2.57305e-07
-1.41706e-06 5.62699e-07
-7.41586e-07 1.25112e-07
1.80899e-06 -4.78595e-08
7.1861e-07 -2.29855e-07
-1.6206e-06 -5.9571e-08
-6.91231e-07 6.60522e-07
1.27412e-08 6.60604e-07
-1.47561e-06 -1.58155e-07
-1.27957e-07 -1.58998e-07
9.80467e-07 2.70825e-07
-1.99646e-07 -3.05909e-08
1.34686e-06 -1.45134e-07
-8.92449e-07 3.06482e-07
4.74304e-07 -2.00212e-07
-8.30767e-07 3.52578e-07
-5.67891e-07 -9.01743e-08
1.04856e-06 -4.82752e-07
-1.46972e-10 -6.82347e-07
8.58421e-07 6.87872e-07
7.92096e-07 3.17832e-07
1.37816e-06 -6.30482e-07
6.93952e-07 -5.86487e-07
7.85448e-08 -2.78976e-07
9.06961e-07 -4.26859e-07
-1.75898e-06 -3.27669e-07
1.7398e-06 -7.67326e-08
-1.77797e-06 -5.04266e-07
-1.40326e-06 4.6941e-07
1.36834e-06 2.41304e-07
4.7403e-07 -3.20168e-07
6.13193e-07 -5.57399e-07
7.07717e-08 -5.49892e-07
1.68441e-07 7.81991e-08
6.34411e-07 6.02534e-07
-1.27194e-06 6.88952e-07
-5.25135e-07 6.33404e-07
-5.41986e-07 -1.12094e-07
-1.63328e-06 1.66093e-07
-6.86688e-07 2.65228e-07
-1.40443e-06 -6.09971e-08
-1.05736e-06 -4.63394e-08
-1.66673e-06 -9.09591e-08
2.54032e-07 -3.46641e-07
-1.52842e-06 4.88332e-07
5.92173e-08 6.81503e-07
-1.23139e-06 -5.73784e-07
1.1088e-06 -1.98912e-07
-3.28645e-07 -3.68799e-08
1.666e-07 4.72978e-07
-1.34687e-06 6.77163e-07
9.38539e-07 7.56004e-08
-1.46622e-06 -2.35079e-07
1.4384e-06 -4.99537e-07
-5.08214e-07 2.7513e-07
-8.40086e-07 1.38554e-07
-4.79861e-07 2.14991e-07
5.42245e-07 4.68681e-07
-3.50423e-08 5.69434e-07
7.79794e-07 -5.84086e-07
1.7254e-06 2.80982e-07
8.40928e-08 -3.83419e-07
6.18234e-07 1.29951e-07
-1.62486e-06 -4.23961e-07
9.03665e-07 -7.9762e-08
-9.21331e-07 -6.29786e-08
-1.03228e-06 2.00488e-07
6.57805e-07 -1.15026e-07
2.39407e-07 -6.77947e-07
7.89478e-07 -1.70991e-07
-4.64724e-07 -3.40025e-07
-6.8714e-07 3.14322e-07
1.00503e-06 -1.72644e-07
-1.48991e-06 -3.07581e-07
8.2765e-07 -4.37177e-07
8.97248e-07 -3.39969e-07
-1.6528e-06 -6.83692e-07
5.27614e-07 -4.16322e-07
-4.17731e-07 -4.67377e-07
-1.48078e-07 -6.37454e-07
-3.2018e-07 1.94238e-07
-4.99367e-08 1.60529e-07
-1.22247e-06 -2.49045e-07
1.62619e-06 -4.96413e-07
-3.46102e-07 -4.88708e-08
8.15953e-07 2.77316e-07
-1.12962e-06 4.39666e-07
1.45805e-07 -2.90898e-07
-1.29514e-06 3.16629e-07
-1.08922e-06 -5.98564e-07
1.30491e-06 1.34391e-07
2.06323e-07 6.87946e-07
1.20907e-07 2.47588e-07
