-1.60712e-07 2.04003e-07
-6.36754e-07 2.83828e-07
6.22808e-07 1.61266e-07
1.10123e-06 8.33966e-09
8.55871e-07 -3.2129e-07
-1.02427e-06 -4.53152e-07
-1.04029e-06 -2.64202e-07
1.44784e-06 -7.24702e-08
5.9972e-07 -1.22839e-07
-1.2289e-06 -5.0268e-07
-1.44484e-06 4.87587e-07
-8.16175e-08 3.10742e-07
-6.18017e-07 -1.15805e-07
-1.24765e-06 6.05357e-07
-1.50674e-07 -2.84961e-07
1.39242e-06 6.72817e-07
-8.49836e-07 2.37799e-07
-7.20381e-07 -4.67001e-07
2.04415e-07 -6.52489e-07
1.71464e-07 -3.07401e-07
8.67027e-07 -3.43784e-07
6.61216e-07 -4.05588e-07
5.57347e-07 -5.78133e-07
5.44277e-07 -2.54343e-07
4.32499e-07 -2.55156e-08
1.59065e-07 5.31531e-07
-6.03949e-07 -1.93364e-07
1.02758e-06 -6.83198e-07
5.56003e-07 -6.14143e-07
-1.1204e-06 -3.57698e-07
1.20291e-06 -4.59016e-07
-5.6343e-07 -1.24878e-07
7.3433e-07 -3.93927e-07
-1.31847e-06 -5.2734e-07
1.68618e-08 2.26238e-07
6.24975e-07 -5.07159e-07
1.38686e-06 -5.72234e-07
1.07438e-06 -2.27696e-07
-1.4255e-06 2.65554e-07
6.48322e-08 -1.07889e-07
1.24721e-07 -6.3387e-07
9.75381e-07 5.61865e-07
1.40998e-06 -5.49138e-07
-8.94305e-07 -4.2831e-07
-4.59274e-07 1.44857e-07
-1.17531e-06 -4.87802e-07
1.13669e-06 1.03269e-07
-4.65213e-07 5.03426e-07
-1.33433e-06 2.73572e-07
-1.25164e-06 4.60503e-07
-9.41147e-07 -4.63708e-08
1.01362e-06 -2.4446e-07
1.22043e-06 1.3935e-07
-1.2024e-06 -4.40582e-07
3.75133e-07 -2.62438e-07
-6.89143e-07 3.22504e-07
6.08085e-08 -4.52e-08
3.6816e-07 -7.95136e-08
-1.05811e-06 -3.57757e-07
-8.71802e-07 -2.65474e-07
-6.27766e-07 9.43202e-08
1.29154e-06 -6.13453e-08
4.79e-07 2.63976e-07
4.15355e-07 -1.35368e-07
-1.28013e-06 -5.72978e-07
2.44176e-07 -5.74206e-07
-8.94959e-07 -6.60626e-07
-8.02616e-07 -3.54345e-07
-4.43626e-07 6.04757e-07
9.46215e-07 6.40846e-07
1.38875e-06 -2.66222e-07
7.32514e-07 -1.01503e-08
9.95357e-07 -7.78941e-08
7.52597e-07 -2.80615e-07
3.18548e-07 1.63166e-08
-1.20931e-06 -6.30632e-07
-9.34795e-08 -2.7211e-07
7.68507e-07 -5.70272e-08
1.0389e-06 2.18415e-07
1.1101e-06 -5.09556e-07
8.89141e-07 2.13238e-07
-5.27936e-07 -5.08089e-07
1.38645e-06 -6.5579e-08
1.10513e-06 -3.83989e-07
3.54252e-07 -1.93204e-07
1.24814e-07 -3.79868e-07
-2.35969e-07 -4.75425e-07
-2.75082e-07 -1.03193e-08
-1.84199e-07 -5.40283e-07
1.20059e-06 -6.20787e-07
7.92332e-07 4.43512e-07
-2.47681e-07 -8.81196e-08
-2.18787e-07 -6.28305e-07
-7.39985e-07 1.22076e-07
-1.00377e-06 1.91484e-07
5.86289e-07 -5.264e-07
-3.47545e-07 4.7418e-07
-1.02505e-06 4.98643e-07
4.04649e-07 2.29263e-09
-5.70714e-07 1.53474e-07
-8.14635e-07 -4.39306e-07
4.51159e-07 -3.26481e-07
9.48336e-07 2.23998e-08
-6.04651e-07 -5.3911e-07
6.51461e-07 5.23863e-07
-1.34938e-06 -1.69494e-07
1.07999e-06 -7.96062e-08
2.82166e-07 1.7508e-07
-2.44023e-07 -5.36211e-07
-5.87005e-07 -6.61814e-07
1.31913e-06 3.35354e-07
-1.02793e-06 -1.29935e-07
-1.28016e-06 1.95394e-07
1.13683e-06 -2.93994e-07
-7.35943e-07 4.64994e-07
-5.30777e-08 9.05273e-08
-9.64663e-07 6.49261e-07
-1.00259e-06 4.31777e-07
5.2787e-07 -1.27278e-07
6.46763e-07 -2.23942e-07
-1.27986e-06 -5.67514e-07
1.5662e-07 -5.16397e-08
5.45941e-07 -5.58494e-07
-4.49209e-08 -5.44634e-07
9.20098e-07 3.6436e-07
-4.35381e-07 4.11611e-07
-9.44039e-07 -2.48099e-07
-1.41617e-06 -2.02229e-08
1.31796e-06 -4.86357e-07
-9.57647e-07 -9.41375e-08
1.43045e-06 6.02066e-07
1.10058e-06 4.31815e-07
1.40113e-06 -5.63344e-07
-1.03913e-06 -4.80404e-07
6.54737e-07 3.5911e-07
-2.20889e-07 6.68803e-07
7.01939e-07 3.92029e-07
-3.95102e-07 -3.36275e-08
-1.31654e-06 -1.0621e-07
-2.36161e-07 2.53863e-07
6.54108e-07 6.00146e-08
4.10067e-07 -3.93711e-07
-7.06482e-08 -6.71781e-08
-1.62675e-07 5.25138e-07
2.39762e-07 -6.49001e-08
-1.05049e-06 6.17734e-07
-5.61257e-07 -3.01347e-07
-1.39242e-06 5.26612e-07
-5.87929e-09 -1.87263e-07
1.58559e-08 -4.51183e-07
9.99021e-07 6.31048e-07
-1.26824e-06 3.08357e-07
-4.00364e-07 -1.15497e-08
-9.39062e-07 1.1648e-07
1.18741e-06 6.19481e-07
-1.12679e-06 -7.00232e-08
-1.23927e-06 1.22729e-07
-3.9849e-08 2.11872e-07
-2.42056e-07 4.55255e-09
-7.7026e-08 -3.26496e-07
1.00731e-06 -8.78653e-08
-1.38221e-07 -6.60714e-07
-1.05619e-06 4.60477e-07
-3.87758e-08 1.50272e-07
5.33358e-08 6.96516e-07
9.08444e-07 -2.62404e-07
3.40058e-07 1.2274e-07
-1.40471e-06 4.98474e-07
1.48497e-07 6.07326e-07
-8.24308e-07 -6.77523e-08
8.43264e-07 4.98896e-07
-1.13354e-06 5.58051e-07
-1.03825e-06 -4.54957e-07
4.39506e-07 3.57449e-07
-6.14471e-07 6.43447e-07
1.29634e-06 -4.04993e-07
5.98313e-07 2.81823e-08
8.50404e-07 -1.31999e-08
-1.36383e-06 2.7087e-08
-1.36074e-06 -2.31667e-07
6.83536e-07 5.24414e-07
1.03476e-06 -3.56523e-07
-3.8972e-07 -9.83402e-08
-3.25878e-07 -1.19197e-07
1.21765e-06 -6.10072e-07
-5.46382e-07 1.23566e-07
-9.04056e-07 4.06633e-07
4.11377e-07 8.57041e-08
4.9502e-07 -2.79572e-07
-1.368e-06 -8.31093e-08
3.06998e-07 -4.27476e-07
1.30731e-06 8.69045e-08
1.18381e-06 -1.15465e-07
5.68857e-07 -3.97155e-07
-2.95565e-07 6.75274e-07
-1.44926e-06 4.61444e-07
7.85127e-07 -5.35862e-07
-8.62432e-07 6.12133e-07
-5.73009e-07 -6.45073e-07
2.6995e-07 3.42076e-07
