-1.46445e-07 -1.50617e-07
1.00385e-08 3.42373e-07
1.31695e-06 -1.59082e-07
-1.35424e-06 -8.53842e-08
1.17399e-06 -3.11448e-07
-4.58676e-07 4.48512e-07
-4.7019e-07 -3.24335e-07
-1.40625e-07 7.69008e-08
4.12077e-07 1.19353e-07
-1.42521e-06 2.31293e-07
4.09213e-07 -5.20091e-07
3.75922e-08 -1.73593e-07
-2.06153e-07 -4.20413e-08
-9.6453e-07 5.70821e-08
-2.7952e-07 -4.21313e-09
2.2499e-07 6.19779e-07
-7.23585e-07 4.74249e-08
1.54952e-07 -2.77377e-07
6.53954e-07 -1.44142e-07
1.99421e-07 2.12043e-07
1.31266e-06 -4.63728e-08
-9.60017e-07 4.61788e-07
-3.37181e-08 6.13794e-08
2.66275e-07 2.30075e-07
2.68084e-07 3.62691e-07
1.09586e-06 -5.27093e-07
-1.1559e-06 3.14731e-07
-5.3219e-07 -1.86724e-07
1.09339e-06 3.53416e-07
2.36376e-07 -3.48622e-07
-1.25552e-06 1.62802e-07
2.0494e-07 2.07995e-07
3.89314e-07 2.45902e-07
1.36994e-07 5.38817e-07
-7.1633e-07 3.74254e-07
9.39286e-07 2.12316e-07
1.19473e-06 -5.712e-07
8.88363e-07 6.32265e-07
9.04972e-07 2.15669e-07
-1.44933e-07 -8.55591e-08
1.0776e-06 7.03924e-08
-1.06171e-06 7.14215e-08
1.32176e-06 -1.88546e-07
8.14486e-07 3.70312e-07
5.83466e-07 5.82386e-07
-3.07068e-07 4.29906e-07
-4.105e-07 -2.13956e-07
-4.13114e-07 3.09434e-07
-7.11886e-07 1.87894e-08
6.70993e-07 3.9667e-07
1.2374e-06 -3.39999e-07
2.0173e-08 2.03173e-07
1.21208e-06 -2.69697e-07
-1.10322e-06 2.39332e-07
6.49551e-07 4.5749e-07
1.34823e-06 7.60318e-08
1.06748e-06 -4.49278e-07
4.91136e-07 6.08197e-07
-8.05922e-07 -3.0783e-07
-1.12351e-07 -1.50109e-07
-7.05033e-07 5.63572e-07
-2.33286e-07 -5.19604e-07
6.49652e-07 -3.63343e-07
-5.98414e-07 3.63711e-07
4.08031e-07 6.71958e-08
-3.55283e-07 -3.59247e-07
-1.09561e-06 -6.58095e-07
6.05147e-07 4.01405e-07
-1.33874e-06 4.08175e-07
9.73326e-07 -5.3308e-07
-4.37228e-07 4.01178e-07
5.62007e-07 -6.48994e-07
-5.61726e-07 4.04046e-07
-9.72864e-07 4.85097e-07
3.23615e-07 -2.0593e-07
-8.99503e-07 -3.47424e-07
-2.75611e-07 3.63155e-07
1.73529e-08 -4.514e-07
-8.14463e-08 -2.04559e-07
4.70629e-07 -4.36216e-07
1.33776e-06 1.52151e-07
-5.53082e-07 -2.72096e-08
6.20518e-07 -6.88796e-07
-8.28509e-07 -3.47051e-08
5.76055e-07 -6.64825e-07
-1.31818e-06 2.83083e-07
7.94263e-07 -6.12602e-07
-5.17218e-07 3.90296e-07
1.16508e-06 -4.98645e-07
-3.24931e-07 5.23037e-07
6.85569e-07 -6.90436e-07
-4.48531e-07 4.74556e-07
-7.76309e-07 3.1687e-07
5.88431e-07 3.3574e-07
5.05017e-07 -5.7014e-08
1.22743e-06 2.20827e-07
1.00561e-06 -5.29774e-07
-6.53265e-07 -5.05549e-07
-8.73459e-07 -5.11769e-07
1.01716e-06 -3.67713e-07
