1.26126e-06 6.22677e-07
3.92241e-07 -1.84791e-07
-2.55317e-07 -4.27313e-07
5.74897e-07 -6.5324e-07
5.40102e-07 4.5885e-07
4.28652e-07 -2.40099e-07
1.34979e-06 -6.57087e-07
5.72748e-07 -4.10003e-07
1.37428e-06 -3.30892e-07
-6.19572e-07 4.5721e-07
1.27807e-06 3.90995e-07
2.74927e-07 5.79919e-07
-5.24283e-07 -3.50309e-07
-3.63591e-07 2.0778e-07
-1.04176e-06 3.74117e-07
-9.6133e-07 2.43984e-07
-1.0051e-06 3.91036e-07
5.22805e-07 1.79109e-07
-8.01481e-08 -5.66466e-07
-7.09792e-08 -5.06366e-07
2.4786e-08 -3.12506e-07
5.01199e-09 3.4632e-07
-6.34511e-07 4.98197e-07
-1.74593e-07 -5.76986e-07
-1.00331e-06 -6.79599e-07
-6.76956e-07 3.49624e-08
6.99139e-07 1.88491e-07
3.55623e-07 -5.22361e-07
1.09062e-06 -6.65918e-07
5.9855e-07 -6.37309e-08
-8.81582e-07 5.65723e-07
-5.37325e-07 -3.46396e-08
7.22086e-07 -6.9687e-07
-7.4288e-07 1.33386e-07
-1.00953e-06 -1.53458e-08
5.39378e-07 -6.98691e-08
7.18848e-07 3.45138e-07
1.08735e-06 3.20086e-07
6.84765e-08 5.35674e-07
-1.31984e-06 -3.62914e-07
1.06052e-06 -4.88038e-07
8.37526e-07 -1.20788e-07
-1.94975e-07 -6.2228e-07
-9.89824e-08 8.195e-08
-9.34292e-07 2.22257e-07
2.32683e-07 -6.23202e-07
1.01598e-06 1.49847e-07
9.41755e-08 3.44806e-07
7.45442e-07 4.38408e-07
-1.32877e-06 3.77992e-07
-1.11904e-06 2.8854e-07
-1.01803e-07 -5.6437e-07
1.30942e-06 2.11322e-07
-6.50529e-07 -5.13954e-07
-2.31618e-07 4.07122e-08
7.88753e-07 4.46297e-07
9.80603e-07 -4.58409e-07
-1.07834e-06 5.27852e-07
-1.31705e-06 6.73274e-07
-6.71813e-07 -6.9517e-07
5.4577e-07 1.59954e-07
6.89962e-07 -4.81973e-07
-5.86437e-07 2.16675e-07
-1.86069e-07 -5.14893e-07
-1.06455e-06 6.49845e-07
1.36286e-06 -3.46677e-07
1.22164e-06 1.2442e-07
1.23707e-06 -6.51101e-07
1.19723e-06 6.19353e-07
-9.13452e-07 -6.97982e-07
8.84534e-09 -3.20798e-07
1.07828e-06 1.4654e-07
7.02811e-07 -6.33324e-08
-4.17674e-07 -5.51916e-07
5.97067e-07 2.74674e-07
4.08262e-07 -5.45811e-07
-1.01039e-06 -4.07838e-07
8.5123e-07 3.59532e-07
4.7801e-07 -3.2991e-07
6.30756e-07 -6.32417e-07
1.04432e-06 -1.57036e-07
-9.24457e-09 6.47574e-07
-6.86889e-07 -2.84394e-07
1.0946e-06 4.71621e-07
1.37683e-06 4.5761e-07
3.57206e-07 -7.66251e-08
-5.7266e-07 -3.0028e-07
-1.2651e-06 -6.60087e-07
1.17566e-06 -5.65402e-07
-8.85546e-08 1.23171e-07
-1.20865e-06 -1.78411e-07
-8.92468e-08 4.0023e-07
-3.03454e-07 2.47258e-07
-1.37669e-06 -5.68191e-07
3.31909e-07 -6.99465e-07
5.57408e-07 5.53103e-07
-7.04812e-07 2.19718e-07
-1.8179e-07 -3.38324e-07
9.51628e-07 -5.364e-07
-1.5759e-07 -1.59502e-07
