-1.60712e-07 2.04003e-07
-6.36754e-07 2.83828e-07
6.22808e-07 1.61266e-07
1.10123e-06 8.33966e-09
8.55871e-07 -3.2129e-07
-1.02427e-06 -4.53152e-07
-1.04029e-06 -2.64202e-07
1.44784e-06 -7.24702e-08
5.9972e-07 -1.22839e-07
-1.2289e-06 -5.0268e-07
-1.44484e-06 4.87587e-07
-8.16175e-08 3.10742e-07
-6.18017e-07 -1.15805e-07
-1.24765e-06 6.05357e-07
-1.50674e-07 -2.84961e-07
1.39242e-06 6.72817e-07
-8.49836e-07 2.37799e-07
-7.20381e-07 -4.67001e-07
2.04415e-07 -6.52489e-07
1.71464e-07 -3.07401e-07
8.67027e-07 -3.43784e-07
6.61216e-07 -4.05588e-07
5.57347e-07 -5.78133e-07
5.44277e-07 -2.54343e-07
4.32499e-07 -2.55156e-08
1.59065e-07 5.31531e-07
-6.03949e-07 -1.93364e-07
1.02758e-06 -6.83198e-07
5.56003e-07 -6.14143e-07
-1.1204e-06 -3.57698e-07
1.20291e-06 -4.59016e-07
-5.6343e-07 -1.24878e-07
7.3433e-07 -3.93927e-07
-1.31847e-06 -5.2734e-07
1.68618e-08 2.26238e-07
6.24975e-07 -5.07159e-07
1.38686e-06 -5.72234e-07
1.07438e-06 -2.27696e-07
-1.4255e-06 2.65554e-07
6.48322e-08 -1.07889e-07
1.24721e-07 -6.3387e-07
9.75381e-07 5.61865e-07
1.40998e-06 -5.49138e-07
-8.94305e-07 -4.2831e-07
-4.59274e-07 1.44857e-07
-1.17531e-06 -4.87802e-07
1.13669e-06 1.03269e-07
-4.65213e-07 5.03426e-07
-1.33433e-06 2.73572e-07
-1.25164e-06 4.60503e-07
-9.41147e-07 -4.63708e-08
1.01362e-06 -2.4446e-07
1.22043e-06 1.3935e-07
-1.2024e-06 -4.40582e-07
3.75133e-07 -2.62438e-07
-6.89143e-07 3.22504e-07
6.08085e-08 -4.52e-08
3.6816e-07 -7.95136e-08
-1.05811e-06 -3.57757e-07
-8.71802e-07 -2.65474e-07
-6.27766e-07 9.43202e-08
1.29154e-06 -6.13453e-08
4.79e-07 2.63976e-07
4.15355e-07 -1.35368e-07
-1.28013e-06 -5.72978e-07
2.44176e-07 -5.74206e-07
-8.94959e-07 -6.60626e-07
-8.02616e-07 -3.54345e-07
-4.43626e-07 6.04757e-07
9.46215e-07 6.40846e-07
1.38875e-06 -2.66222e-07
7.32514e-07 -1.01503e-08
9.95357e-07 -7.78941e-08
7.52597e-07 -2.80615e-07
3.18548e-07 1.63166e-08
-1.20931e-06 -6.30632e-07
-9.34795e-08 -2.7211e-07
7.68507e-07 -5.70272e-08
1.0389e-06 2.18415e-07
1.1101e-06 -5.09556e-07
8.89141e-07 2.13238e-07
-5.27936e-07 -5.08089e-07
1.38645e-06 -6.5579e-08
1.10513e-06 -3.83989e-07
3.54252e-07 -1.93204e-07
1.24814e-07 -3.79868e-07
-2.35969e-07 -4.75425e-07
-2.75082e-07 -1.03193e-08
-1.84199e-07 -5.40283e-07
1.20059e-06 -6.20787e-07
7.92332e-07 4.43512e-07
-2.47681e-07 -8.81196e-08
-2.18787e-07 -6.28305e-07
-7.39985e-07 1.22076e-07
-1.00377e-06 1.91484e-07
5.86289e-07 -5.264e-07
-3.47545e-07 4.7418e-07
-1.02505e-06 4.98643e-07
4.04649e-07 2.29263e-09
-5.70714e-07 1.53474e-07
