-8.07451e-07 -5.93293e-07
4.31152e-07 -6.86038e-07
-9.15224e-07 -3.40924e-07
-1.03351e-06 2.8233e-07
8.3393e-07 -4.14166e-07
-1.21723e-06 -6.57906e-07
-2.94318e-07 -1.90025e-07
5.81339e-07 3.6801e-07
-7.74556e-07 2.7839e-07
1.26992e-06 4.25698e-08
1.80201e-07 1.2392e-07
-1.54883e-08 3.87126e-07
5.5873e-07 3.44822e-07
-6.93649e-09 1.08667e-07
1.24056e-06 -3.26168e-07
1.43514e-06 3.43835e-07
-6.80569e-07 -2.28512e-07
-4.19489e-07 6.25642e-07
-1.34701e-06 -2.21972e-07
-2.5211e-07 -1.93797e-07
-1.73628e-08 4.09324e-07
-8.39727e-07 -5.16444e-07
8.04843e-07 -1.85714e-07
8.08339e-07 -3.15712e-07
-9.42849e-07 -6.93936e-07
-6.12401e-07 1.71506e-07
-9.69358e-07 -3.05555e-07
7.61511e-07 -5.8162e-07
2.48288e-07 -1.32651e-07
5.57926e-07 -3.56271e-08
-4.39503e-07 1.8235e-07
6.44858e-07 3.97536e-07
1.3614e-06 -5.36091e-07
-9.59385e-07 -2.2614e-07
5.42649e-07 2.42807e-07
2.08587e-07 5.16811e-07
-8.76388e-07 6.51347e-07
1.10198e-06 1.81419e-07
-6.27492e-08 3.7379e-07
1.40539e-06 -4.91164e-07
-5.01684e-07 2.23247e-08
-3.82878e-07 -1.01425e-07
-9.16199e-07 1.20615e-08
3.52805e-07 1.19461e-07
-1.43823e-07 -6.27959e-07
5.5319e-07 2.45243e-07
-1.09737e-06 2.34191e-08
-3.58224e-07 5.34114e-07
1.29705e-06 -6.767e-07
1.20324e-06 1.85005e-07
-1.23068e-06 -6.7317e-07
-1.09509e-06 -5.07323e-08
-8.96224e-07 4.55357e-08
-1.06271e-06 -7.22504e-08
-1.28571e-06 5.1007e-07
2.42693e-07 -3.09982e-07
6.46175e-07 2.71676e-07
-1.97452e-07 3.03832e-07
-5.92466e-07 5.39028e-07
-1.54479e-07 -2.72403e-07
-7.94722e-07 4.75075e-07
-7.44399e-07 6.01341e-07
-2.99282e-07 -4.99619e-07
1.15393e-06 -6.16635e-07
7.40008e-07 6.50837e-07
4.59308e-07 -2.20524e-07
1.05944e-06 5.97246e-07
9.05043e-07 4.31801e-07
-8.44038e-07 3.53835e-07
3.79729e-08 -6.59436e-07
-6.21085e-07 2.75467e-07
9.61235e-07 6.67529e-07
-9.83584e-07 -6.61738e-08
-9.47123e-07 -7.37878e-08
9.72467e-07 -5.59385e-07
-9.31833e-08 6.04464e-08
1.04986e-06 -1.06451e-07
-1.05254e-06 2.51969e-07
-5.09003e-07 1.88044e-07
-1.00472e-06 5.20211e-08
-1.39216e-06 -2.85706e-07
-1.13193e-06 -6.47052e-07
1.30902e-06 -4.6375e-07
-6.1061e-07 -6.71529e-07
3.25627e-07 -5.56224e-07
8.09914e-07 -4.42319e-07
-5.83498e-07 -6.84542e-07
5.85581e-07 -1.5644e-07
-4.72266e-07 5.17654e-07
7.06016e-07 -2.11593e-07
1.31073e-06 -5.25791e-07
6.42356e-09 4.55068e-07
-4.20035e-08 4.22604e-07
1.17795e-06 5.48072e-07
6.51958e-07 -5.18148e-07
1.48169e-08 -4.89146e-07
5.00032e-07 -3.61711e-07
-8.45717e-07 6.10695e-07
-5.87846e-07 -6.13533e-08
-1.18625e-06 5.42361e-07
-5.40493e-07 -6.3601e-08
-1.1739e-06 -1.50565e-07
-8.62873e-07 5.48128e-07
2.17613e-07 3.20345e-07
5.41789e-07 5.97745e-07
7.77136e-07 1.9779e-07
4.74432e-07 -6.66406e-07
3.9661e-07 6.13028e-07
1.59984e-07 1.04067e-07
6.90131e-08 2.89557e-07
-9.01812e-07 -5.58901e-07
1.12282e-06 -4.49414e-07
5.62277e-07 -6.50036e-08
4.88872e-07 6.92933e-07
-9.11655e-07 -3.50608e-07
-8.62699e-07 1.80161e-07
1.06756e-06 6.85541e-07
1.25764e-06 -1.17981e-07
1.04855e-08 2.88714e-07
-1.39766e-07 2.03472e-07
4.77017e-07 6.66998e-07
-4.85754e-07 4.95739e-07
-6.57548e-08 8.18715e-08
1.16677e-06 6.84399e-07
7.01256e-07 5.52413e-07
1.04158e-06 1.19115e-07
1.24144e-06 -2.79555e-08
-1.02342e-06 1.44749e-07
-7.13801e-07 4.64875e-07
2.46599e-07 3.07407e-07
9.92398e-07 -6.66998e-07
1.16673e-06 6.94838e-07
-1.37145e-06 2.19648e-07
5.77903e-07 1.24458e-07
7.16203e-07 -3.2618e-07
2.99544e-07 -5.72338e-07
1.31465e-06 3.19061e-07
-1.00752e-06 -3.61708e-11
1.34745e-06 -5.70504e-08
-6.58649e-07 -6.60676e-07
9.84689e-07 -5.20726e-07
-1.17633e-06 5.49512e-07
-1.79888e-07 2.21891e-07
1.62552e-07 2.37263e-08
-4.67048e-08 -9.92058e-08
7.71751e-07 4.78211e-07
5.84236e-08 -5.74588e-07
-3.21394e-07 3.77514e-07
1.09934e-06 -2.36625e-07
7.88474e-07 3.20319e-07
-9.38339e-07 -6.44262e-07
-4.37989e-07 -4.70631e-07
2.30183e-07 5.48772e-07
-3.68283e-07 -4.36986e-07
3.67835e-07 1.88242e-08
-9.72075e-07 -6.85665e-07
5.21278e-07 2.61876e-07
-9.38852e-07 5.39168e-07
-1.70535e-07 3.74151e-07
1.3884e-06 -1.46065e-07
2.32183e-07 1.50393e-07
-1.1651e-06 2.46344e-07
-9.29555e-07 -8.0396e-08
8.61766e-07 -4.98588e-07
-1.03279e-06 -4.6576e-07
1.27209e-06 -5.0141e-07
-1.1703e-07 -1.22223e-07
-2.21486e-07 -6.11474e-07
2.78011e-07 6.15581e-07
-4.66339e-07 -3.25846e-07
1.57597e-07 -3.00213e-07
1.43697e-06 3.29247e-07
1.27591e-06 8.96064e-09
8.52699e-07 3.1994e-07
-2.11327e-07 3.3602e-07
-7.08014e-07 -2.16785e-07
-4.14794e-07 5.74765e-08
1.36014e-06 -3.70635e-07
4.25221e-07 3.22916e-07
1.71394e-07 -4.82951e-07
4.96538e-07 2.28294e-08
3.51032e-07 5.90575e-07
-1.05502e-06 2.53517e-07
8.18921e-07 4.1295e-08
7.61521e-07 3.64078e-07
2.56778e-08 -4.75835e-07
1.16174e-06 2.10109e-07
1.23261e-06 5.59684e-07
9.35667e-08 6.99611e-07
-1.01249e-06 -9.09464e-08
7.47953e-07 4.48164e-07
2.58758e-07 1.2525e-07
6.5764e-07 -4.6051e-07
3.10485e-07 5.37299e-07
-8.19137e-07 4.31027e-07
-3.82666e-07 5.66419e-07
4.12385e-07 5.07528e-08
-1.3456e-06 1.20397e-07
5.1398e-07 5.44385e-07
-1.06152e-06 -6.95536e-07
-5.77418e-07 5.8067e-07
1.01756e-06 6.93569e-07
7.9292e-07 6.4491e-08
1.27068e-06 -1.14376e-07
6.56844e-07 -1.67869e-07
-3.29923e-07 4.95328e-07
-1.19548e-06 6.43631e-07
-1.36347e-06 -2.39077e-08
3.17163e-07 -6.62936e-07
-3.12392e-07 -4.24669e-07
-1.07692e-06 3.65401e-07
-1.13891e-06 -3.92763e-07
-9.77601e-07 -1.33521e-07
-7.86733e-07 4.74019e-08
1.19815e-06 1.89755e-07
2.02063e-07 2.68845e-07
-1.54647e-07 5.49346e-07
-1.291e-06 -8.1792e-08
5.26068e-08 -8.92296e-08
-7.99327e-07 1.886e-07
8.29742e-07 6.96675e-07
-1.22244e-06 -6.28362e-07
1.17779e-06 6.26065e-07
-1.13685e-08 9.67538e-08
1.26571e-06 3.9043e-07
1.33808e-06 -2.74523e-07
3.21214e-07 -4.60525e-07
-7.78141e-07 -1.20011e-07
-1.0492e-06 -4.96988e-07
1.10481e-06 4.50389e-07
1.16892e-06 -4.06639e-07
2.88039e-07 8.28293e-08
4.22248e-07 -6.6767e-07
-6.02099e-07 6.08383e-07
1.32985e-06 -4.94247e-07
-1.11006e-07 2.67249e-07
1.12969e-06 -6.98962e-07
-1.03592e-06 -6.54062e-07
1.04634e-06 2.5983e-07
7.07858e-07 -5.89473e-07
-1.14555e-06 -3.90739e-07
-2.45066e-07 5.30224e-07
-8.70736e-07 -1.94362e-07
5.72703e-07 -4.83693e-07
9.3896e-07 -2.32288e-08
-5.42145e-07 -4.6914e-09
1.12774e-06 -3.09445e-07
1.97203e-07 -5.74761e-07
1.0023e-07 5.94262e-07
-2.69071e-07 1.69982e-07
1.95363e-07 -4.84569e-07
-8.44174e-07 3.13766e-07
1.12202e-06 5.51865e-07
6.61168e-07 -1.4127e-07
-2.30669e-07 4.05515e-07
1.30093e-06 3.72703e-07
-3.27831e-07 1.86096e-07
-6.49384e-07 6.95761e-07
5.23434e-07 4.48273e-07
8.48114e-07 3.93252e-07
-9.5543e-07 4.56878e-07
-6.82094e-07 6.15869e-07
1.16303e-06 -2.55368e-07
3.13828e-07 5.80812e-07
-1.80877e-07 -6.73324e-07
-7.38337e-07 9.27744e-08
1.2349e-06 4.88951e-07
-3.29642e-07 -6.16733e-07
1.35396e-06 -3.34697e-07
3.01342e-07 2.24515e-07
-2.91294e-07 5.68267e-07
-1.24368e-06 5.27786e-07
7.02154e-08 4.92725e-08
-7.48135e-07 -6.51981e-08
2.03748e-07 -4.28901e-07
3.42156e-07 -2.44876e-07
5.59876e-07 -6.03316e-07
5.06014e-07 -3.86098e-07
9.05629e-07 1.78562e-07
-1.39271e-06 -2.03691e-07
-6.09649e-07 5.50862e-07
2.72078e-07 -4.47521e-07
7.34063e-08 2.55461e-08
-1.23519e-06 -4.72703e-07
-6.34255e-08 5.76416e-07
-9.19146e-07 -1.05119e-07
1.26141e-06 3.50375e-07
1.33862e-06 -5.11996e-07
9.02212e-07 -2.73205e-07
9.00811e-07 3.25958e-07
-1.26637e-06 3.24862e-07
6.12656e-07 -1.06741e-07
2.50731e-07 -5.05917e-07
-1.01019e-06 -4.53855e-07
2.90542e-07 -3.21482e-07
4.34248e-07 -6.07519e-07
5.79485e-07 2.2099e-07
1.37069e-06 5.36182e-07
-9.43343e-07 -6.08487e-07
1.22089e-06 -6.86673e-07
-1.16992e-06 -4.93514e-07
-1.3232e-06 -2.18275e-08
1.20253e-06 3.27323e-07
-2.60222e-07 6.59575e-07
1.13037e-06 1.62142e-08
-7.84838e-07 4.71472e-07
6.12827e-07 -2.62075e-07
2.82381e-07 -4.36902e-07
-1.42615e-06 -4.84854e-07
-7.89279e-07 -1.9622e-08
3.86075e-07 6.37445e-07
1.05758e-06 5.00035e-07
-1.19006e-07 -2.07147e-08
-4.29136e-07 -2.41201e-07
-6.4841e-07 6.09011e-07
3.13922e-07 4.27169e-07
-3.01534e-07 -4.0623e-07
-1.17871e-06 1.84266e-07
-1.02153e-06 -4.89731e-07
-7.31477e-07 5.26138e-07
2.70947e-07 6.56665e-07
-1.14131e-06 3.59844e-07
-4.51541e-07 3.5052e-07
-8.16166e-07 -4.8518e-07
-7.567e-07 -3.18108e-07
6.64237e-07 -2.86844e-07
1.12075e-06 -6.61042e-07
-4.28205e-07 6.05389e-07
-2.06439e-07 3.38483e-07
-1.49395e-08 -1.54079e-07
1.14157e-06 -5.92064e-07
-7.16587e-07 -2.03132e-07
1.3356e-06 3.38759e-07
-8.47985e-07 4.73487e-07
2.24332e-07 6.47542e-07
-1.26831e-06 3.59272e-07
-6.162e-07 4.48968e-07
-9.05591e-07 4.88787e-07
9.53836e-07 4.41018e-07
-5.29474e-07 -3.86028e-07
-7.03977e-07 5.78903e-07
-2.61483e-07 -6.50669e-07
8.54399e-07 -1.07291e-07
-9.748e-08 -2.09689e-07
8.43988e-07 -2.46684e-07
1.66916e-07 2.41964e-07
1.43098e-06 6.18634e-07
1.35406e-06 6.29993e-09
6.58656e-07 -3.55138e-07
9.27421e-07 2.86708e-07
-9.7235e-07 5.0846e-07
6.71394e-07 -3.88478e-07
2.7833e-07 2.29974e-07
1.16e-06 -2.3752e-08
-1.1071e-06 -2.4206e-07
-1.27199e-06 -3.0745e-07
-1.68684e-07 1.16212e-07
3.16131e-07 3.65327e-07
3.60005e-07 4.65093e-07
5.4555e-07 4.23859e-07
-8.43464e-07 6.48771e-07
-2.9886e-07 3.24609e-07
-1.15977e-06 6.09656e-07
-1.08917e-07 -4.13509e-07
1.24828e-06 6.05057e-07
-2.55837e-07 -6.21483e-07
-9.0077e-07 -9.39978e-08
1.75226e-07 6.68341e-07
-2.63092e-07 -6.02317e-07
-7.31657e-07 -4.47696e-07
-4.74433e-07 5.48543e-07
9.12768e-07 -5.87086e-07
5.57135e-07 2.5305e-07
-2.69968e-07 2.26013e-08
-1.27905e-06 -4.91805e-07
2.80629e-07 -1.50785e-07
-9.90276e-07 -6.8061e-07
-1.44039e-06 6.88265e-07
7.53955e-07 -1.2213e-07
-8.97071e-07 -5.44827e-07
1.04029e-06 -2.70459e-07
-1.41408e-06 5.19417e-07
6.44894e-07 6.6385e-07
-1.40637e-06 1.10438e-07
1.34775e-06 -3.41264e-08
-5.26057e-07 6.0423e-07
6.25323e-07 -2.07689e-07
3.32818e-07 -2.9763e-07
-9.15263e-07 -6.13089e-07
1.30542e-06 -6.93553e-07
9.68614e-08 1.82778e-07
4.3024e-07 3.67721e-07
-1.13176e-06 1.30879e-07
7.3197e-08 9.65141e-08
-8.27287e-07 4.23821e-07
-8.81385e-07 -5.00504e-07
-2.98851e-07 -5.28463e-07
-5.42723e-07 -6.58703e-07
9.86964e-09 -4.28196e-07
-5.13105e-07 1.55733e-09
9.99704e-07 3.95243e-07
-8.99386e-07 -6.58887e-07
2.58834e-07 5.46598e-07
6.98199e-07 -4.95039e-07
-9.52684e-07 -3.97788e-07
-1.15673e-06 -3.81029e-07
-8.80047e-07 -1.09644e-07
-7.02886e-07 3.0384e-07
1.42023e-06 5.42862e-07
5.98764e-07 5.36949e-07
-1.4149e-07 5.81141e-07
-5.56021e-08 -2.90138e-07
-7.05523e-07 3.17849e-07
-5.89994e-07 -5.618e-07
1.09751e-06 6.66882e-07
-6.80357e-07 -5.72547e-07
6.67283e-07 2.84903e-07
9.26012e-07 3.5748e-07
8.66282e-07 3.15765e-07
2.19379e-07 5.50273e-07
9.5061e-07 6.80932e-07
1.10571e-06 -3.17339e-07
-4.81383e-07 -2.62645e-07
1.55035e-08 -4.64796e-07
-1.33024e-06 5.70996e-07
1.49329e-07 2.98249e-07
-6.21913e-07 5.47149e-07
-1.42518e-06 -3.95361e-07
5.53179e-07 -2.55278e-07
1.44734e-06 3.36286e-08
-7.33922e-07 4.54936e-07
1.11777e-06 2.01553e-07
6.44536e-07 -1.85379e-07
-6.06237e-07 -1.96293e-07
8.35942e-07 -2.33644e-07
1.25751e-06 1.54775e-07
-1.25301e-06 -3.51972e-07
6.35752e-07 3.62642e-07
9.95796e-08 -2.94818e-07
-1.22728e-07 5.4923e-07
6.74546e-07 3.01969e-07
1.13041e-07 -3.81254e-07
-6.16216e-08 2.03447e-07
-1.20481e-07 4.98603e-08
-2.30584e-07 -8.6395e-08
1.07587e-06 -4.52109e-07
-2.5179e-07 -6.49494e-07
-4.27928e-07 5.82331e-07
-8.00652e-07 -3.40141e-07
-6.27774e-07 -4.84324e-07
9.10613e-07 -5.17894e-07
-1.87214e-07 3.97466e-07
-7.15142e-07 -3.24342e-08
-1.26675e-06 1.05579e-07
2.44811e-07 3.26164e-07
1.12879e-06 -6.72978e-07
-1.11768e-06 7.1996e-08
1.20393e-06 6.93214e-07
-2.01772e-07 -5.88517e-07
5.9457e-07 -4.97273e-07
-3.06412e-07 -5.22371e-07
-7.78432e-07 -2.99278e-07
-5.73284e-07 2.67805e-07
6.72942e-07 1.09168e-07
9.63793e-07 -5.84941e-07
-3.48416e-07 4.32975e-07
-9.00631e-07 -1.03243e-07
-1.0007e-06 -3.82552e-07
6.34807e-07 3.69083e-07
7.06678e-07 -4.9112e-07
1.44019e-06 -6.36699e-07
-2.87444e-07 1.58965e-07
-1.02591e-06 9.75252e-08
-1.03795e-06 -4.36914e-07
1.04847e-06 3.46155e-07
1.30392e-06 3.33116e-08
-8.493e-08 2.54524e-07
-1.33323e-07 -4.92131e-07
-4.20661e-07 -1.05625e-07
1.51196e-07 2.07845e-07
-1.2395e-06 -2.99587e-07
-1.14656e-06 -3.50139e-07
1.0681e-06 -4.06423e-07
-1.36156e-07 -1.34556e-07
-1.89665e-07 3.78583e-07
-1.01276e-06 3.70581e-07
9.89924e-07 2.97887e-07
-8.19407e-07 -2.92563e-07
4.12827e-07 -5.07465e-07
-6.25606e-09 3.52888e-07
1.23192e-06 -3.77506e-07
1.402e-06 6.76143e-07
-6.66318e-07 1.43194e-07
1.18587e-06 -5.35305e-07
8.71683e-07 5.83951e-07
7.02405e-07 -2.18847e-09
-6.89676e-07 1.40452e-07
-1.11441e-06 2.7104e-07
1.35332e-06 6.36128e-08
4.08737e-07 -1.43138e-07
1.3941e-06 6.93719e-07
8.20479e-07 -6.65901e-09
-8.06982e-07 2.96417e-07
-8.78332e-07 -6.26104e-07
7.81606e-07 3.39638e-07
9.81227e-07 3.04987e-07
-1.0122e-06 5.32978e-07
-1.408e-06 -6.91533e-07
1.03198e-06 1.12943e-07
-4.64804e-07 -6.50256e-07
-9.07676e-07 1.406e-07
6.05558e-07 1.89723e-07
9.44689e-07 2.58038e-07
-5.02175e-07 -1.68973e-07
-8.80386e-07 -5.818e-07
1.36678e-06 1.53744e-07
-7.07292e-07 4.26728e-07
1.1514e-06 4.09703e-07
-1.06089e-08 9.2765e-08
-7.44296e-07 2.20169e-07
5.31528e-07 1.59154e-07
-9.62445e-09 -5.647e-07
-8.33462e-07 -3.19319e-07
-3.09405e-07 1.77585e-08
7.05844e-08 6.45806e-08
1.22972e-06 -3.76591e-07
-1.00241e-06 -2.77611e-07
-1.37666e-07 -5.69202e-07
8.7739e-07 4.00806e-07
2.16925e-07 2.68783e-07
-3.24412e-07 2.59867e-08
-3.78516e-07 3.33713e-07
-1.08376e-06 -1.0221e-07
-1.23578e-06 2.89917e-07
-9.61942e-07 -2.81865e-07
-2.75575e-07 -5.36892e-07
-1.0402e-06 -9.31799e-09
-1.17415e-06 8.86628e-08
-8.90287e-07 4.87542e-07
1.30506e-06 -4.471e-07
-1.87516e-07 6.9791e-07
2.36229e-07 -2.79272e-07
-3.11614e-07 6.40653e-07
-9.70207e-07 -4.17034e-07
1.37713e-06 -5.02255e-07
1.41472e-06 1.74402e-07
7.71579e-07 -8.626e-08
2.5436e-07 3.17766e-07
1.29233e-06 4.17649e-07
3.04253e-07 -1.65369e-07
1.15727e-06 -5.59521e-07
-1.11098e-06 5.83374e-07
-1.13023e-06 5.54758e-07
-4.53285e-07 1.34135e-07
-1.06478e-07 5.77851e-07
-4.03397e-07 -2.58033e-07
9.21064e-07 -5.37947e-07
6.3677e-07 1.30502e-07
-5.46389e-07 2.87115e-07
6.49368e-07 2.28099e-07
-4.81387e-07 -4.60572e-07
-4.71054e-07 -1.99517e-07
1.33866e-06 2.24108e-07
6.63358e-07 -6.28248e-07
-9.85565e-07 1.2291e-07
-2.32523e-07 4.85233e-08
-1.88008e-07 -2.21627e-07
-2.24059e-07 -1.57946e-07
-5.8174e-07 -4.7869e-07
-7.69357e-07 3.61089e-07
1.3957e-06 -2.80553e-07
-5.69089e-07 3.47336e-07
3.85427e-07 3.45664e-07
9.71043e-09 -2.50636e-08
-8.90122e-07 -3.89219e-07
-1.40996e-06 4.73255e-07
3.01654e-07 4.06206e-07
3.36206e-07 6.72695e-07
1.14956e-07 3.67442e-07
7.90654e-07 5.30746e-07
1.16686e-06 6.4068e-07
-4.33022e-07 -3.7589e-07
-7.99306e-07 -1.10087e-08
9.04198e-07 5.68447e-08
-2.74996e-07 -3.45743e-07
8.35264e-07 2.68588e-07
-8.45765e-07 -5.71332e-07
1.27392e-07 1.14989e-07
3.51498e-07 1.718e-07
9.06595e-07 4.46816e-07
6.56845e-08 6.05599e-07
8.26448e-07 4.61774e-07
6.97247e-07 1.17331e-07
1.33497e-07 5.14932e-08
9.99374e-07 -6.05212e-07
1.42247e-06 1.46487e-07
1.30437e-06 -5.74878e-07
5.73584e-07 -1.5297e-07
-9.4806e-07 6.87387e-08
1.73379e-07 3.44889e-07
4.3929e-07 2.50719e-07
-5.52026e-07 -5.96523e-07
-1.07183e-06 7.02263e-08
5.98283e-07 3.43382e-07
5.75544e-07 6.97895e-07
9.10574e-08 -6.90878e-07
1.02861e-06 5.28473e-07
6.36248e-07 5.57931e-08
1.36748e-06 -3.44074e-07
-1.08608e-06 -4.02428e-07
-1.40051e-06 -4.62577e-08
1.39682e-06 1.98117e-07
7.18539e-07 -1.20763e-07
1.28722e-06 7.34239e-08
-1.33553e-06 1.51243e-07
1.16466e-06 3.52844e-07
-1.32381e-06 -3.29494e-07
-3.59024e-07 5.93814e-07
-2.63616e-07 2.84947e-07
1.33806e-06 -2.25405e-08
9.04414e-07 -5.74052e-07
1.28329e-07 5.67777e-07
-5.95225e-08 -6.50101e-07
2.20657e-07 4.95171e-07
5.73548e-07 6.8238e-07
-1.69803e-07 6.61559e-07
-2.47641e-07 -6.53725e-07
-2.29311e-07 6.02636e-07
1.38688e-06 1.53722e-07
-3.54804e-07 5.4431e-07
-7.18641e-07 -3.08285e-07
1.34772e-06 5.19231e-07
8.74578e-07 2.60295e-07
-9.87575e-07 -5.10815e-07
-6.53852e-07 -1.76969e-07
-7.32008e-07 2.65125e-07
7.35829e-07 3.707e-07
-9.83083e-07 -5.60944e-07
-7.42315e-07 5.83651e-07
5.98131e-07 7.63786e-08
1.31932e-06 -5.07274e-07
-4.19355e-07 2.90854e-07
7.23286e-07 6.03816e-07
-5.8476e-07 -6.68769e-07
-6.91773e-07 6.39408e-07
-7.83793e-08 -5.65669e-07
-8.74129e-07 -3.09593e-07
1.01809e-06 -6.40112e-07
5.25205e-07 6.3238e-07
-4.93074e-07 5.17998e-07
1.49571e-07 1.48307e-07
1.39999e-06 -3.1019e-07
2.41761e-07 -3.45684e-07
-1.20286e-07 4.63291e-07
3.10081e-07 6.364e-07
-7.19236e-07 8.22597e-08
3.39485e-07 -4.24454e-08
1.3474e-06 6.79916e-07
8.27098e-07 -4.72938e-07
1.02875e-06 4.98521e-08
-1.28819e-06 5.13121e-07
-9.04538e-07 -4.34218e-07
7.63106e-07 3.44415e-07
2.61495e-07 6.07416e-08
4.24857e-07 6.20308e-07
7.22868e-08 -3.10788e-07
-1.12863e-06 -4.93541e-07
1.34513e-06 -1.39747e-07
2.23295e-07 6.92253e-07
1.61755e-07 -6.85025e-07
2.11367e-07 -6.16081e-07
1.14073e-06 -1.74954e-07
1.26555e-06 6.60572e-07
5.87457e-07 -1.07686e-07
8.85384e-07 -5.73263e-07
1.05203e-08 2.24075e-07
-4.02767e-07 -6.62691e-08
-8.43351e-07 -4.33787e-08
-5.58717e-07 3.14159e-07
-3.60546e-07 2.52712e-07
2.19498e-07 -2.06442e-07
-8.21398e-07 -1.36395e-07
1.24115e-06 6.16018e-07
-6.33645e-07 -3.06085e-07
-6.10924e-07 -3.58475e-07
-6.40952e-07 -5.26863e-07
6.17667e-07 1.69756e-07
9.9163e-07 -5.55882e-07
1.42479e-06 -4.48275e-07
-1.23555e-06 -2.06e-08
-2.08012e-07 6.0907e-07
-5.32038e-07 -4.78929e-07
8.73228e-07 -3.18852e-07
3.68028e-07 8.34528e-08
-8.12152e-07 4.82551e-07
1.98954e-07 2.73924e-07
2.12202e-08 4.30176e-07
-3.4943e-08 4.4464e-07
-1.10462e-06 -5.35092e-07
3.54275e-07 -2.66501e-07
6.17142e-07 3.63597e-08
3.52747e-07 6.29549e-07
1.14446e-06 -4.84075e-07
-4.69755e-07 -7.05615e-09
1.02645e-06 4.00543e-07
-1.88648e-07 4.26464e-07
-8.38483e-07 -2.18807e-07
-1.15152e-06 6.22193e-07
1.15845e-06 5.96511e-07
5.40916e-07 6.21386e-07
9.66936e-07 -6.197e-07
7.6206e-07 -5.15873e-07
1.11256e-06 4.54146e-07
-1.03304e-06 4.37942e-07
1.11846e-07 -3.52469e-07
1.22658e-06 -1.35027e-07
-7.03234e-07 6.19461e-08
-8.20085e-07 1.65376e-07
-1.30835e-06 -3.36911e-07
5.20386e-07 -4.52347e-07
9.15335e-07 -4.49762e-07
1.30425e-06 -4.00512e-07
6.26061e-07 3.72683e-07
-1.35354e-06 -6.28441e-07
-4.41955e-07 -2.18471e-07
4.14812e-07 -5.71922e-07
-8.56751e-07 -3.33195e-07
-5.86404e-07 -1.96682e-07
-4.93788e-07 1.02749e-07
-6.59946e-07 -5.90979e-08
1.3488e-06 1.72269e-07
-5.6614e-07 -3.40295e-07
9.21608e-07 6.7243e-07
1.22453e-06 -4.16016e-07
3.93698e-07 -5.30513e-07
5.67464e-07 2.48478e-07
-1.82566e-07 -6.99186e-07
2.55687e-07 4.69163e-07
-1.26773e-06 2.14471e-07
-4.38641e-07 2.01617e-07
-3.18705e-07 -2.82428e-07
-3.67008e-07 3.688e-07
4.86449e-07 -3.01603e-07
7.04964e-07 1.72889e-07
-4.19178e-07 -6.53565e-07
-2.24228e-07 -3.71186e-07
-1.31964e-06 -3.94692e-09
1.3175e-06 -2.37594e-07
-8.22965e-07 6.35183e-07
2.26375e-07 -1.48333e-07
9.39555e-07 2.47377e-07
4.87032e-07 6.56869e-07
1.1244e-06 4.57979e-07
1.33898e-06 -5.91871e-07
-2.23361e-07 -1.02296e-09
-1.04886e-06 4.99313e-07
4.83288e-07 -2.51789e-07
-1.25875e-06 2.47934e-07
1.25553e-06 -1.71257e-07
1.23731e-06 1.88137e-07
9.19059e-07 -6.29324e-07
9.96746e-07 3.16587e-08
-5.35034e-07 6.09204e-08
-1.21098e-07 4.37187e-07
-3.17775e-07 9.3145e-08
-2.0957e-07 5.59449e-07
-1.28055e-06 6.14806e-07
7.60584e-07 3.91227e-07
-1.0499e-06 6.86158e-07
1.05718e-06 1.50122e-07
-1.15846e-06 5.44366e-07
-1.30612e-06 -1.31353e-07
-1.2873e-06 1.57368e-07
-1.1356e-06 -5.98788e-07
-1.04955e-07 -1.50221e-07
2.19694e-07 -4.77943e-11
-1.38363e-06 3.32259e-07
-4.47512e-08 -3.24058e-07
8.35115e-07 -2.98794e-07
-1.16968e-06 -2.58515e-07
-1.40167e-06 1.39116e-07
-1.39309e-06 -5.50222e-07
5.60905e-07 -2.4138e-07
-1.39541e-06 -6.96276e-07
-8.56615e-07 4.76633e-07
1.36218e-06 -5.69797e-07
-1.35927e-06 4.35976e-07
-3.06333e-07 -2.55982e-07
1.16677e-06 2.53885e-07
-5.00543e-07 2.41958e-07
1.36791e-06 -3.38267e-07
-8.86185e-07 -2.88962e-07
2.94468e-07 6.18654e-07
-1.01034e-06 6.82181e-07
-1.01583e-06 2.29651e-07
-1.08575e-06 -4.91981e-07
-1.21028e-06 -4.08469e-07
9.93299e-07 4.03978e-07
1.22666e-06 -6.56416e-08
-1.20595e-06 -4.22113e-07
5.63697e-07 -2.57529e-07
-8.67502e-07 5.3035e-07
-1.25135e-06 5.61631e-07
-1.30586e-06 4.2312e-07
-7.0419e-07 4.44198e-07
-1.78608e-07 -3.78507e-07
-4.48736e-07 2.54959e-07
1.27337e-06 6.91716e-07
1.18713e-06 -1.77405e-07
-3.04262e-07 1.16932e-08
3.35884e-07 -4.22913e-07
1.97434e-07 2.77669e-07
9.16898e-08 -5.05158e-08
6.27598e-07 -3.41643e-07
1.01543e-06 4.55689e-07
-8.1236e-07 -3.50334e-07
-9.81066e-08 5.65117e-08
-7.30562e-07 -5.50983e-07
-1.19706e-06 5.57624e-08
1.26946e-07 9.53327e-09
1.33044e-07 2.03681e-07
-1.36923e-06 -5.62298e-07
7.62515e-07 -4.10325e-07
8.68296e-08 3.50074e-07
1.63655e-07 4.4845e-07
9.08413e-07 -5.04967e-08
-1.4471e-06 -4.1246e-07
-1.2787e-06 -5.90102e-07
-1.10611e-06 -2.64118e-07
-6.39973e-07 -4.48724e-07
1.23577e-06 -6.38165e-07
-1.7405e-07 -4.67685e-07
-7.07361e-07 -2.78611e-07
-2.33524e-07 5.65444e-07
-6.46615e-07 -1.9752e-07
-4.98932e-07 5.99108e-07
-1.31387e-06 -6.9301e-08
8.79665e-07 -6.97307e-07
-1.39274e-06 -5.30514e-07
9.18873e-07 -3.26219e-07
-1.14723e-06 -5.81338e-07
-8.63685e-07 6.35041e-07
-3.55482e-07 5.58636e-07
-3.51381e-07 -7.73017e-08
-2.96463e-07 3.53214e-07
-9.84806e-07 -1.0746e-07
-1.05879e-06 -1.68457e-07
8.82716e-07 -5.50967e-07
-7.8549e-07 3.0213e-07
-1.23914e-06 -6.07929e-07
7.26612e-07 -4.34129e-07
1.05291e-06 4.30178e-07
-6.07212e-07 1.7307e-07
3.32148e-07 -5.19974e-07
-3.87722e-07 -4.97795e-07
1.16756e-06 1.45221e-07
2.23766e-07 -8.56604e-09
8.38368e-07 -4.8106e-07
-1.59809e-07 1.3649e-07
1.36904e-06 4.59492e-07
8.04984e-07 2.359e-07
1.21109e-06 2.22939e-07
-6.36819e-07 1.20204e-08
6.63315e-08 4.17846e-07
9.34977e-07 -4.15963e-07
-1.05001e-07 -2.68566e-08
-8.07227e-07 6.05182e-07
-4.56189e-07 -5.22911e-07
1.70981e-07 3.77319e-07
2.35344e-07 -3.5183e-07
-1.34924e-06 -5.36796e-07
-1.34548e-07 5.1745e-07
1.69299e-07 -4.57078e-07
1.25349e-06 4.85194e-07
9.7681e-07 -3.00038e-07
-7.3547e-07 -2.23483e-07
-1.17665e-06 -6.55011e-07
3.93411e-07 -3.74674e-07
4.90082e-07 5.63986e-07
-9.22509e-07 3.11724e-07
-5.13849e-07 4.54664e-07
-6.60183e-07 -4.58755e-07
-1.34924e-06 -6.52551e-07
-1.19807e-06 5.95336e-07
3.25669e-07 -1.43095e-07
-4.14489e-07 6.98703e-07
1.48395e-07 -5.98969e-07
3.9455e-07 -3.17521e-07
5.56727e-07 4.14328e-07
3.01399e-07 1.14061e-07
-7.45609e-07 -4.39054e-07
-1.06375e-06 -5.58153e-07
-1.18217e-06 -1.8439e-07
-7.86055e-07 -6.19618e-07
-6.61977e-07 -2.95373e-07
-2.56466e-07 6.00558e-07
1.24656e-06 -2.97791e-07
7.36498e-08 5.46854e-07
-4.47395e-07 6.28147e-07
-1.08525e-06 3.71156e-07
1.10873e-06 6.26426e-07
2.55739e-07 -5.40178e-08
1.27301e-06 -6.80939e-07
-5.3095e-07 -5.81626e-07
6.04877e-07 -5.78188e-07
-3.73184e-07 1.80081e-07
-1.18546e-06 -6.04762e-07
7.04798e-07 -4.27231e-07
3.23876e-07 4.89419e-07
2.24599e-08 -3.18372e-07
7.21638e-07 5.0269e-07
-1.01774e-06 -2.60417e-08
4.77093e-07 -5.60793e-10
-3.05633e-07 2.60094e-07
9.44399e-07 3.50929e-07
-7.47042e-07 2.047e-08
1.0216e-06 6.33444e-07
7.65626e-07 -7.88969e-08
1.30165e-06 5.24254e-07
3.94666e-07 1.89209e-07
1.44142e-06 -6.79735e-08
9.68985e-07 3.4091e-07
1.4284e-06 -1.29961e-07
8.18815e-07 6.45156e-07
-9.68688e-07 5.59296e-07
-1.31419e-06 -2.92816e-08
1.40814e-06 1.43157e-09
-3.49451e-07 9.52132e-08
-1.27942e-06 -4.67612e-07
-7.74648e-07 -2.73199e-07
9.39578e-07 -4.19156e-07
-1.24805e-06 4.17838e-08
-2.16938e-07 -3.69937e-07
9.78561e-08 1.38646e-07
2.31528e-07 -5.67337e-07
-4.47791e-07 -6.59708e-07
-1.42758e-06 4.57987e-07
-1.16539e-06 -4.69035e-07
7.13578e-07 8.33951e-08
1.3957e-06 1.28856e-08
-8.14541e-07 -3.04692e-07
3.35312e-07 1.64572e-07
-1.3404e-06 3.80565e-07
-4.31303e-07 -1.56834e-07
-1.02961e-06 -3.22774e-07
-1.3311e-06 -6.98921e-07
-3.7683e-07 6.80533e-08
-1.41571e-06 -4.74354e-07
-1.43772e-06 -4.90985e-08
-2.10935e-07 -6.04963e-07
1.01054e-06 8.64046e-08
2.39446e-09 2.84727e-07
-6.26696e-07 -3.58051e-08
3.5779e-07 5.6114e-08
6.79107e-07 -6.05235e-07
1.07228e-06 1.60988e-07
7.6045e-07 -3.56395e-08
-5.27639e-07 1.49326e-07
-6.31453e-07 -6.10343e-07
2.53875e-07 4.1762e-07
1.08386e-06 6.15713e-07
1.12534e-06 1.57468e-07
8.32274e-07 3.71415e-07
6.80092e-07 -3.18261e-07
-3.10111e-07 -1.10762e-07
-8.45367e-07 -1.50624e-07
-4.57392e-07 3.98069e-07
-1.34212e-06 8.89351e-08
9.60802e-07 4.08946e-07
1.08405e-06 -1.57343e-08
9.78093e-07 -2.47343e-07
1.39305e-06 -5.95818e-07
-7.95733e-07 -5.6446e-07
-1.34214e-07 -5.04688e-07
-1.42929e-06 4.76091e-07
-9.33987e-07 1.19276e-07
-2.21569e-07 1.08392e-07
1.11908e-06 -4.04342e-07
-1.40297e-07 6.3751e-07
7.6988e-07 -1.82802e-07
6.92789e-07 1.26296e-07
9.18623e-08 -1.68832e-07
2.80074e-07 -1.95569e-07
1.41986e-06 4.61785e-07
-6.43641e-07 5.57665e-07
-1.11967e-06 5.43928e-10
-6.79225e-07 -1.96252e-07
1.29597e-06 4.64448e-07
3.14398e-08 4.89943e-07
7.03135e-07 -4.91996e-07
9.57481e-07 -6.88265e-07
2.85059e-07 1.27378e-07
-9.61375e-07 -3.18853e-08
1.09347e-06 6.23181e-07
-1.28553e-06 3.61689e-07
-3.16427e-07 1.92652e-07
-1.08569e-06 3.40315e-07
6.52298e-07 -3.11686e-08
8.01982e-07 -3.36736e-07
-1.06052e-06 -3.53182e-07
