1.35425e-06 -3.18916e-07
-8.57548e-07 3.24974e-08
-8.71184e-07 -8.12569e-08
-4.37809e-07 -1.59637e-08
-6.95037e-07 1.23489e-08
6.46677e-07 5.01196e-07
2.44614e-07 2.95808e-07
1.37843e-06 2.54942e-07
5.11638e-07 1.1655e-07
1.15911e-06 -6.98207e-07
-1.00313e-07 3.89865e-07
-8.01343e-07 5.39435e-07
-7.97961e-07 5.54906e-07
-4.29688e-07 -5.24032e-07
3.73552e-07 5.36847e-07
-7.14408e-07 -7.47857e-08
-5.68408e-07 1.02254e-07
-2.63725e-08 -7.08688e-08
1.19614e-06 3.26161e-07
-1.40477e-06 5.45892e-07
1.24481e-06 6.01353e-07
-2.43813e-07 7.7863e-08
1.08767e-06 4.28374e-07
-5.12598e-07 4.94927e-07
-1.23335e-06 -2.77839e-07
1.19863e-07 -4.40868e-07
-1.56301e-07 -5.66327e-07
3.36806e-07 3.07076e-07
1.0192e-06 -5.02469e-07
-3.08052e-07 3.96569e-07
-1.31678e-06 -4.2174e-07
9.29383e-07 1.3275e-07
-4.28353e-07 -6.16346e-07
1.13491e-07 -4.74992e-07
-6.51208e-07 4.32003e-07
1.09424e-06 -4.60054e-07
3.15787e-07 -1.48944e-07
-5.81909e-07 3.12812e-08
4.58558e-07 -5.54299e-07
-2.87458e-07 -3.01697e-07
4.97425e-08 5.74268e-07
-3.65763e-07 -4.40161e-07
-4.22705e-07 5.0722e-07
-8.31465e-07 -1.72793e-07
6.59347e-07 6.55088e-08
-4.80082e-07 -5.93684e-09
6.22409e-07 5.55187e-07
1.26211e-06 3.94203e-07
-8.75086e-07 -1.26511e-07
6.69196e-07 2.7626e-07
1.21828e-07 -6.29504e-07
-1.09996e-06 2.69575e-07
-1.12302e-06 -6.01336e-07
-7.9311e-07 1.10271e-07
-8.85981e-07 -3.66807e-07
5.8841e-07 5.49003e-07
8.88488e-08 -3.34152e-07
-4.81803e-07 -1.2219e-07
2.01494e-07 2.44976e-08
-3.19559e-07 4.90811e-07
2.16443e-07 6.68841e-07
-2.74541e-07 6.90813e-07
-4.86108e-07 9.0815e-08
2.81686e-07 -6.56342e-07
-9.38305e-07 6.12315e-08
-1.14734e-06 4.6728e-07
9.64443e-07 6.84045e-07
7.4659e-07 4.10322e-07
-1.22216e-07 4.15679e-07
-4.80118e-07 2.39856e-07
-1.27318e-06 -6.87811e-07
-2.66922e-07 2.54293e-07
-6.40766e-07 -4.12161e-07
-1.28668e-06 -6.68064e-07
-1.02187e-06 -5.23372e-07
1.04779e-06 3.72035e-07
8.0492e-07 4.02341e-07
2.95898e-07 1.62922e-07
8.11551e-07 5.10708e-07
-8.69614e-07 6.96421e-07
1.12954e-06 3.31424e-07
-4.9612e-07 -1.85995e-07
-5.62645e-07 -2.09063e-07
1.19924e-06 1.09026e-07
-1.25212e-06 3.31446e-07
3.35489e-07 4.39408e-07
4.37798e-07 1.40944e-07
-5.98407e-08 1.72501e-08
-2.02485e-07 1.90137e-07
1.07568e-07 5.23215e-07
1.11331e-06 -2.10632e-07
1.43915e-06 -2.58874e-07
-9.69589e-07 6.77047e-07
-1.44297e-06 3.53145e-07
-1.13557e-06 -3.31802e-07
4.03639e-08 4.7998e-07
9.84432e-07 1.01124e-07
1.17141e-06 -1.38906e-08
1.2734e-06 -7.96062e-08
-9.00448e-07 2.15384e-07
7.51695e-07 2.8291e-07
6.54113e-07 -9.37451e-08
-4.04437e-07 9.21236e-08
8.64239e-07 -6.27821e-07
-1.13035e-06 5.09146e-07
-1.39242e-06 -1.77925e-07
-3.60073e-07 3.43063e-07
1.13248e-06 -5.0693e-07
9.57138e-07 -3.16076e-07
7.4046e-07 3.2133e-07
-1.36389e-06 -3.40072e-07
8.13207e-07 -5.2307e-07
-1.88273e-07 5.16527e-07
-9.97011e-07 4.3384e-07
-1.35123e-06 5.84525e-07
7.74256e-07 -3.6232e-07
-1.20169e-07 2.23066e-07
-5.31539e-07 3.47155e-07
4.858e-08 -3.37228e-07
-1.053e-06 -6.88446e-07
-1.23252e-06 1.39713e-07
1.18608e-07 4.79606e-08
9.54225e-07 -3.20564e-07
-1.00239e-06 -3.32347e-07
-8.30878e-07 -4.24813e-07
-7.68657e-08 -1.95147e-07
3.46216e-07 5.83532e-07
6.56153e-07 5.26304e-07
-1.02139e-06 3.29956e-07
1.07043e-06 -4.93149e-08
7.66629e-07 6.1817e-07
-2.97295e-07 -1.5812e-07
1.23508e-06 8.75746e-09
-1.22418e-06 6.14224e-07
-9.33301e-08 1.5937e-07
-9.95436e-07 3.85351e-07
1.01937e-06 -3.95073e-07
-9.47525e-07 6.52691e-07
-4.22564e-07 -2.95894e-07
1.79417e-07 -4.40752e-07
6.04527e-07 1.21529e-07
-1.13452e-06 2.15634e-07
-1.23354e-06 -6.10368e-08
3.08999e-07 -1.82024e-08
4.52245e-07 3.48066e-07
5.03672e-07 6.71405e-08
5.74618e-07 7.05972e-08
-5.24959e-07 1.77545e-07
-1.41655e-06 2.97993e-07
-2.1225e-07 -1.77894e-07
-9.07325e-07 3.08425e-07
3.38473e-07 2.70908e-07
-3.77548e-08 2.0313e-07
-9.19691e-07 -9.87889e-08
-1.2935e-07 2.08931e-07
3.42749e-07 -6.51027e-07
5.13351e-07 5.0699e-07
-1.40802e-06 -3.22237e-07
5.29352e-07 6.64223e-07
-2.12788e-07 6.96346e-07
4.16668e-07 -5.81674e-07
1.01892e-07 -5.9554e-07
-3.6874e-08 3.2909e-07
-6.99501e-07 -4.73092e-07
-2.37957e-07 6.63969e-07
-1.19209e-06 2.45647e-08
-1.1858e-06 -5.72455e-07
1.27147e-06 -3.51703e-07
-1.28487e-06 8.53099e-08
1.18537e-07 5.48073e-07
-1.17582e-06 -4.69481e-07
6.31436e-07 4.47967e-07
-3.15237e-07 -3.21287e-07
7.0039e-07 5.2077e-07
5.18411e-08 -2.42641e-07
1.23986e-06 1.28715e-07
-1.17315e-06 4.0012e-07
1.88964e-07 6.14189e-07
-2.68025e-07 4.73688e-08
-5.31666e-07 5.65084e-09
-1.34207e-06 -4.12842e-07
4.24846e-07 -6.31654e-07
1.11898e-06 -1.86302e-07
-2.9291e-07 -5.20432e-07
-1.07633e-06 4.79306e-07
-1.18448e-06 -3.81192e-07
3.60314e-07 4.90765e-07
1.25603e-06 -4.44545e-07
7.66104e-07 3.11084e-07
1.00882e-06 -2.934e-07
-3.31874e-07 3.52173e-08
-1.60091e-07 -1.16672e-07
8.39663e-07 4.2873e-07
9.32687e-07 5.81653e-07
1.0566e-06 6.62356e-07
-5.6466e-07 6.18967e-07
7.24338e-07 4.01837e-07
-1.31507e-06 4.13465e-07
-9.76554e-07 -5.50513e-07
-1.43669e-06 6.92979e-07
