3.69523e-07 -6.3534e-07
6.80493e-07 -5.56086e-07
5.28945e-07 -3.73558e-07
-1.42268e-06 5.21528e-07
-1.21024e-07 -5.17245e-07
-8.77171e-07 3.7755e-08
-1.35e-06 6.62229e-07
9.49935e-07 1.56786e-07
1.29498e-08 6.43825e-07
-2.06074e-07 -4.74413e-07
1.32696e-06 -2.11917e-08
1.34429e-06 -6.68086e-07
2.65727e-07 -6.08118e-07
-9.9887e-07 6.97359e-07
-1.43802e-07 -2.80793e-07
-5.84767e-08 -6.2008e-08
-1.02422e-06 8.79949e-08
-6.72501e-07 -1.87743e-08
1.03683e-06 -3.29942e-07
9.03387e-07 3.46765e-07
7.39326e-07 8.75825e-08
-6.63363e-07 2.63526e-07
1.41271e-06 -6.6737e-07
-2.78754e-08 -4.81536e-07
-4.32658e-07 -6.08768e-07
-1.35506e-06 -3.39034e-07
-1.19247e-06 -3.31312e-07
3.88769e-07 5.57491e-07
1.28686e-06 2.91175e-07
-1.32712e-06 -4.51125e-07
4.72173e-07 6.18791e-07
-1.34722e-06 -5.30864e-07
1.31953e-06 -5.96498e-07
-1.26004e-07 5.91339e-07
1.11624e-06 4.0691e-07
-7.83717e-08 -2.81535e-07
6.99974e-07 5.10192e-07
-6.03924e-07 2.12236e-07
-5.3556e-07 -5.50931e-08
-7.20761e-07 -1.98084e-08
-7.89526e-07 -1.58615e-07
-1.14348e-06 -1.15364e-07
-1.25363e-07 -4.40738e-07
-4.84562e-07 -6.01945e-07
1.35839e-08 2.89097e-07
-2.02815e-07 -8.33833e-08
-1.4478e-06 3.06642e-07
9.85999e-07 6.30346e-07
-3.34193e-07 -2.84512e-08
-7.84614e-07 -2.30101e-07
-1.42046e-06 8.03386e-08
7.06423e-07 -3.4295e-07
-6.76266e-07 3.01566e-07
1.52217e-07 -2.99585e-08
-1.01889e-06 3.71821e-07
-1.27823e-06 -6.544e-07
2.28654e-07 6.581e-07
-3.61229e-08 -2.00211e-07
-1.35221e-06 3.94959e-07
6.09703e-07 3.03345e-07
1.09322e-07 -3.0207e-07
1.10693e-06 -3.81166e-07
1.06509e-06 2.65998e-07
-9.62872e-07 5.01061e-07
-1.36745e-06 1.46816e-07
1.30343e-06 1.5927e-07
-1.23315e-06 -6.02601e-07
5.6113e-07 -3.55875e-08
-9.26715e-07 2.81811e-07
-5.96034e-07 5.19073e-07
-5.95615e-07 1.37159e-07
1.14606e-06 -1.19407e-07
-4.35846e-07 6.99173e-07
-1.34896e-06 6.42937e-07
-1.26201e-06 -6.24119e-07
-1.1125e-07 5.53241e-07
2.21372e-07 8.61705e-08
4.39534e-07 -4.82073e-07
-2.6375e-07 5.1798e-07
1.95053e-07 -4.7904e-07
-1.37803e-06 -1.59746e-07
4.07992e-07 -2.1901e-07
1.44417e-06 -8.23685e-08
-3.53668e-07 -1.90631e-07
-9.15243e-07 -6.24033e-07
-7.64889e-07 4.48778e-07
-1.04347e-06 3.02298e-07
1.35822e-07 -2.75797e-07
-9.58507e-07 5.63498e-07
8.56674e-07 -4.67209e-07
9.69729e-07 3.72187e-08
1.7439e-07 -4.50357e-07
9.89405e-07 -4.52082e-07
-7.96032e-07 -5.5983e-07
-1.67406e-07 6.96794e-07
-2.49072e-07 2.09029e-07
-1.43638e-06 9.55321e-08
6.49399e-07 -4.05538e-07
9.49753e-07 -6.98593e-07
5.23443e-08 -6.79447e-07
6.33378e-07 3.72064e-08
4.56844e-07 -2.46069e-07
-9.77447e-07 -4.81038e-07
-2.0243e-08 9.30137e-08
-3.93886e-07 5.28394e-07
-1.37291e-06 7.85078e-09
2.60884e-07 4.54634e-08
1.51479e-07 -5.48849e-07
1.32285e-06 -4.38871e-07
-1.19795e-06 2.88271e-07
-2.1558e-07 1.48189e-07
2.64728e-07 -6.96119e-07
-5.76935e-07 -4.96762e-07
-7.01694e-07 9.92477e-08
1.31179e-06 3.2013e-08
8.92686e-07 5.99984e-07
8.43482e-07 -5.3396e-07
7.51636e-07 1.79115e-07
1.14646e-06 -5.45055e-07
2.38084e-07 2.56258e-07
-8.15533e-07 5.55987e-07
-8.77925e-07 9.82186e-08
1.07868e-07 -4.11506e-07
-1.63753e-07 2.21494e-07
1.44638e-06 1.77204e-07
-1.79587e-07 7.04343e-08
-1.00156e-06 6.99415e-07
8.57537e-07 2.7653e-07
6.12121e-08 3.47729e-07
-9.99486e-07 -1.83349e-07
2.37996e-07 2.41032e-07
1.26456e-06 -1.60971e-07
1.18859e-06 5.99571e-07
-5.31179e-07 3.80723e-08
3.34618e-07 -1.77405e-07
-9.05324e-07 -1.98875e-07
7.52142e-07 1.73638e-07
7.80688e-07 -4.74318e-07
-1.32271e-06 2.08682e-07
1.30027e-06 -8.61728e-08
7.1736e-07 6.08254e-07
1.04315e-06 2.55126e-07
3.91257e-07 -1.70844e-07
6.5709e-07 -6.54879e-07
-1.25673e-06 2.89837e-07
-2.6165e-07 3.8771e-07
-1.13439e-07 6.09482e-07
9.481e-07 3.57918e-07
-1.05238e-06 5.28662e-07
-9.52001e-07 -2.71124e-07
4.51731e-07 -2.07962e-08
1.25667e-06 6.89979e-08
9.17506e-07 5.48708e-07
-1.17958e-06 -5.05245e-07
1.87148e-07 1.95949e-07
-5.24811e-07 -4.68067e-07
-1.32668e-06 5.49478e-07
4.74367e-08 4.02737e-07
1.10765e-06 6.02037e-07
-1.24883e-06 3.32735e-07
-5.82631e-07 3.01168e-08
1.0534e-06 -2.43772e-07
-1.29819e-06 3.56074e-07
1.23702e-06 3.43545e-07
-1.16692e-06 1.45924e-07
-8.90403e-08 1.48303e-07
1.31149e-06 2.2256e-07
5.77851e-07 6.99157e-07
9.38361e-07 4.977e-07
-4.5672e-07 -6.33063e-07
1.14412e-06 -2.81129e-07
2.71397e-07 3.55343e-07
-6.00981e-07 -5.4584e-07
-6.45116e-07 -2.27503e-08
4.46817e-07 -5.17561e-07
1.26722e-06 2.79605e-07
-5.37112e-07 5.83145e-07
-1.3325e-06 2.67543e-07
3.82466e-07 -2.12274e-08
1.07639e-06 2.58254e-07
1.40268e-06 6.63142e-07
-4.52543e-07 5.77173e-07
5.97368e-07 5.10884e-07
-3.56338e-07 -1.13019e-07
8.52922e-08 -6.42808e-07
-1.41879e-06 -3.45355e-07
-1.07868e-06 1.35773e-07
6.34985e-07 1.14635e-08
1.27379e-06 5.85515e-08
1.76618e-07 -2.26302e-07
-9.47907e-07 5.14316e-07
1.43157e-06 -8.95917e-08
-6.98576e-08 -2.12699e-07
-8.40385e-07 -1.89845e-07
1.10913e-06 -5.64979e-07
-1.25371e-06 -1.94557e-07
9.19898e-07 -7.19544e-08
-4.96897e-08 5.63122e-07
-1.77164e-07 -5.94109e-07
-6.98912e-07 -3.85913e-07
