-1.46445e-07 -1.50617e-07
1.00385e-08 3.42373e-07
1.31695e-06 -1.59082e-07
-1.35424e-06 -8.53842e-08
1.17399e-06 -3.11448e-07
-4.58676e-07 4.48512e-07
-4.7019e-07 -3.24335e-07
-1.40625e-07 7.69008e-08
4.12077e-07 1.19353e-07
-1.42521e-06 2.31293e-07
4.09213e-07 -5.20091e-07
3.75922e-08 -1.73593e-07
-2.06153e-07 -4.20413e-08
-9.6453e-07 5.70821e-08
-2.7952e-07 -4.21313e-09
2.2499e-07 6.19779e-07
-7.23585e-07 4.74249e-08
1.54952e-07 -2.77377e-07
6.53954e-07 -1.44142e-07
1.99421e-07 2.12043e-07
1.31266e-06 -4.63728e-08
-9.60017e-07 4.61788e-07
-3.37181e-08 6.13794e-08
2.66275e-07 2.30075e-07
2.68084e-07 3.62691e-07
1.09586e-06 -5.27093e-07
-1.1559e-06 3.14731e-07
-5.3219e-07 -1.86724e-07
1.09339e-06 3.53416e-07
2.36376e-07 -3.48622e-07
-1.25552e-06 1.62802e-07
2.0494e-07 2.07995e-07
3.89314e-07 2.45902e-07
1.36994e-07 5.38817e-07
-7.1633e-07 3.74254e-07
9.39286e-07 2.12316e-07
1.19473e-06 -5.712e-07
8.88363e-07 6.32265e-07
9.04972e-07 2.15669e-07
-1.44933e-07 -8.55591e-08
1.0776e-06 7.03924e-08
-1.06171e-06 7.14215e-08
1.32176e-06 -1.88546e-07
8.14486e-07 3.70312e-07
5.83466e-07 5.82386e-07
-3.07068e-07 4.29906e-07
-4.105e-07 -2.13956e-07
-4.13114e-07 3.09434e-07
-7.11886e-07 1.87894e-08
6.70993e-07 3.9667e-07
1.2374e-06 -3.39999e-07
2.0173e-08 2.03173e-07
1.21208e-06 -2.69697e-07
-1.10322e-06 2.39332e-07
6.49551e-07 4.5749e-07
1.34823e-06 7.60318e-08
1.06748e-06 -4.49278e-07
4.91136e-07 6.08197e-07
-8.05922e-07 -3.0783e-07
-1.12351e-07 -1.50109e-07
-7.05033e-07 5.63572e-07
-2.33286e-07 -5.19604e-07
6.49652e-07 -3.63343e-07
-5.98414e-07 3.63711e-07
4.08031e-07 6.71958e-08
-3.55283e-07 -3.59247e-07
-1.09561e-06 -6.58095e-07
6.05147e-07 4.01405e-07
-1.33874e-06 4.08175e-07
9.73326e-07 -5.3308e-07
-4.37228e-07 4.01178e-07
5.62007e-07 -6.48994e-07
-5.61726e-07 4.04046e-07
-9.72864e-07 4.85097e-07
3.23615e-07 -2.0593e-07
-8.99503e-07 -3.47424e-07
-2.75611e-07 3.63155e-07
1.73529e-08 -4.514e-07
-8.14463e-08 -2.04559e-07
4.70629e-07 -4.36216e-07
1.33776e-06 1.52151e-07
-5.53082e-07 -2.72096e-08
6.20518e-07 -6.88796e-07
-8.28509e-07 -3.47051e-08
5.76055e-07 -6.64825e-07
-1.31818e-06 2.83083e-07
7.94263e-07 -6.12602e-07
-5.17218e-07 3.90296e-07
1.16508e-06 -4.98645e-07
-3.24931e-07 5.23037e-07
6.85569e-07 -6.90436e-07
-4.48531e-07 4.74556e-07
-7.76309e-07 3.1687e-07
5.88431e-07 3.3574e-07
5.05017e-07 -5.7014e-08
1.22743e-06 2.20827e-07
1.00561e-06 -5.29774e-07
-6.53265e-07 -5.05549e-07
-8.73459e-07 -5.11769e-07
1.01716e-06 -3.67713e-07
-6.95897e-08 4.11234e-07
-2.33006e-07 -1.96999e-07
-2.46075e-07 -4.29852e-07
3.71931e-07 -2.48628e-07
1.40033e-06 6.40093e-07
7.49911e-07 -3.26169e-07
7.39147e-07 -5.89239e-07
-1.19292e-06 -4.92442e-07
-1.41672e-06 -1.02405e-07
1.85381e-07 -6.801e-07
-2.8669e-08 -1.92057e-07
1.379e-06 -6.44167e-07
5.85199e-07 1.91764e-08
-3.972e-07 -1.52925e-07
1.08464e-06 -4.30762e-07
1.54332e-07 -4.11223e-07
5.83279e-07 -6.29427e-07
4.18839e-07 3.56945e-07
1.42518e-06 -5.87683e-07
-1.33454e-06 5.39582e-07
-1.20481e-06 -4.50908e-07
6.68351e-07 -5.08967e-07
-5.45519e-07 6.69011e-07
-1.30935e-06 -1.66811e-07
-3.36948e-07 4.68809e-07
-7.22387e-07 -6.40723e-08
-6.24855e-07 4.60429e-07
-6.45793e-08 2.36315e-07
-7.25379e-07 -2.59314e-07
-1.91836e-07 4.80078e-07
1.39047e-08 2.31064e-07
3.12784e-07 -4.43651e-07
1.41677e-06 4.18488e-07
1.40627e-06 3.30646e-07
4.32632e-07 2.54931e-07
1.21161e-07 5.72527e-07
6.10115e-07 -4.90239e-07
-4.45846e-07 -4.06013e-07
7.36059e-07 1.78527e-07
-3.12736e-08 -7.73997e-08
-1.39039e-06 -4.07958e-08
-6.83119e-07 3.75011e-07
-4.97116e-07 -6.6817e-07
-3.3586e-07 5.23403e-07
3.73403e-07 -6.09579e-07
-1.04201e-06 3.92014e-08
7.11601e-07 5.39416e-07
-2.75704e-08 -1.24625e-07
-1.80693e-07 -6.28943e-09
6.54859e-07 -4.45673e-07
-1.01278e-06 3.87035e-07
4.58219e-07 5.52337e-08
-4.1251e-07 4.00468e-07
2.26797e-07 -4.43416e-07
-6.35759e-07 -3.16126e-07
-1.48414e-07 -5.04905e-07
-7.5898e-07 -4.55389e-07
-7.26988e-07 -6.29948e-07
9.48284e-07 -4.28887e-07
-4.9924e-07 -4.25782e-07
1.24616e-06 -1.36135e-07
-7.29887e-07 2.13075e-07
-5.62236e-07 6.23559e-07
-9.0837e-07 5.07289e-07
1.23491e-07 2.50037e-07
-9.39573e-07 -1.50023e-07
-5.99013e-07 2.48563e-07
-1.038e-06 6.77936e-07
1.07726e-06 -8.34655e-08
-4.8444e-08 -5.58471e-07
7.17812e-07 -2.10532e-08
1.54637e-07 6.51397e-07
-1.21402e-06 2.31913e-07
5.55165e-07 1.78294e-07
8.37337e-07 4.4746e-07
-1.38252e-06 4.53617e-07
-8.63075e-07 -3.00355e-07
1.38398e-06 -3.21722e-07
-8.80069e-07 -2.63145e-07
9.42543e-07 -4.00926e-07
-2.02725e-07 3.23818e-07
7.68662e-08 1.9922e-07
-3.56692e-07 5.4786e-10
-7.75792e-07 3.50386e-07
8.196e-07 -7.02632e-08
4.14701e-07 -6.11515e-08
-2.00698e-07 -2.0274e-07
1.02151e-06 6.95916e-07
3.04143e-07 4.6485e-07
-1.23589e-06 -6.74909e-07
3.87516e-07 -4.82405e-07
1.3972e-08 2.78663e-08
-1.00911e-06 -5.27853e-07
-8.91199e-07 -2.30905e-07
-8.82554e-07 3.16364e-07
1.22251e-06 -1.69902e-08
9.72656e-07 -4.69795e-07
9.7815e-07 -5.69592e-07
5.3093e-07 -1.50202e-07
2.91621e-07 5.81116e-07
