2.35963e-07 -6.35947e-08
2.67217e-07 1.95116e-07
4.11672e-07 6.18151e-07
1.02794e-06 1.91903e-07
3.01125e-07 -3.59079e-07
-1.44093e-06 -8.08011e-08
-1.02277e-06 2.66064e-07
-9.30815e-09 2.71619e-07
-1.20237e-06 3.77078e-07
-3.37474e-07 -2.3987e-07
-1.18486e-06 -4.5904e-07
-1.33526e-06 -3.73895e-07
6.93656e-07 5.29624e-07
-8.53346e-07 4.41708e-07
-1.22896e-07 -4.1546e-07
1.07913e-06 4.63298e-07
1.34775e-06 4.04474e-07
-4.97463e-07 1.53725e-08
-1.31953e-07 -4.4304e-07
4.8731e-07 6.60493e-07
5.27781e-07 -6.76411e-07
-4.71966e-07 -5.96062e-07
-1.12599e-06 2.85494e-07
8.22074e-08 7.38556e-08
1.06965e-06 2.87189e-07
1.81996e-07 -5.49757e-07
6.19662e-07 4.84954e-07
1.88804e-07 4.22105e-07
-9.52748e-07 9.66944e-08
-2.08048e-07 1.97526e-08
-1.31294e-06 -3.6687e-08
-6.41147e-07 1.46456e-07
-8.13176e-07 5.41589e-08
1.36715e-06 -2.83391e-07
5.63777e-07 5.05365e-07
3.69577e-07 -2.25302e-07
5.25493e-07 -6.67149e-07
7.29402e-07 3.60165e-07
-4.95303e-07 -1.52175e-07
2.7556e-07 1.33574e-07
-9.36896e-07 3.29715e-07
8.53351e-07 3.90282e-07
4.73259e-07 3.11918e-07
2.24623e-08 3.6993e-08
1.55412e-08 -3.97663e-08
-9.47464e-07 -2.36773e-07
-9.48523e-08 -1.22432e-07
1.20596e-06 3.93336e-07
-1.74011e-07 -3.74768e-07
-7.93418e-07 2.48771e-07
-1.41931e-06 -2.26481e-07
7.64571e-07 -1.07739e-07
9.25349e-07 -3.22208e-07
-1.33703e-06 1.03084e-07
-7.373e-07 1.67157e-07
1.41838e-06 6.8636e-07
-6.81476e-07 6.29808e-07
1.03785e-06 -2.67255e-07
1.36521e-06 5.86473e-07
-1.40537e-08 -3.05878e-07
9.82198e-07 -6.1177e-11
1.29945e-06 6.67487e-07
8.85852e-07 5.70167e-07
-8.73048e-07 -2.69011e-07
-1.32704e-06 -5.53946e-07
5.9096e-07 -7.10076e-08
-2.77529e-07 -6.0881e-08
5.46161e-07 -1.59454e-07
-6.96308e-07 -3.75631e-07
-7.87888e-07 -3.00271e-07
-6.18135e-07 3.53722e-07
-1.00102e-06 4.96687e-07
8.15785e-07 1.90738e-07
7.9792e-07 5.14751e-08
-1.18609e-06 -1.53576e-08
-1.20964e-06 3.87568e-07
-1.30319e-06 5.4987e-07
-8.02095e-07 2.56906e-07
-3.19115e-07 -1.79396e-07
4.63841e-07 4.02649e-07
6.72074e-07 5.95725e-07
7.52849e-07 6.0214e-08
-4.72972e-07 7.67585e-08
1.37883e-06 -5.09077e-08
-1.15631e-06 -5.23215e-07
5.12714e-07 3.04385e-07
-5.93382e-07 -3.63846e-07
1.21985e-06 -6.91754e-07
-1.36393e-06 -7.34225e-08
-1.1808e-06 -2.40843e-07
4.95511e-07 -1.43141e-08
-3.69952e-07 5.30775e-07
1.27441e-06 -2.96135e-07
-1.37208e-06 -1.60833e-07
8.66648e-07 3.55723e-07
-1.03923e-06 4.36216e-07
8.55821e-07 -5.43927e-07
-7.31622e-07 6.91182e-07
1.5129e-07 6.47255e-07
1.24215e-06 3.01547e-07
-5.68126e-07 -1.27393e-07
3.72324e-07 -1.50464e-07
4.33681e-07 -4.16402e-07
-1.04586e-06 -5.28306e-07
-3.89418e-07 9.63563e-08
1.0471e-06 -4.36344e-07
-1.03675e-06 6.83452e-07
-1.39295e-06 -1.16381e-08
-6.6455e-07 2.25162e-07
1.34544e-06 -4.98727e-07
8.84072e-07 -5.86913e-07
5.20509e-07 6.58518e-07
-1.23764e-06 -6.65624e-08
-6.55922e-07 -1.42798e-09
-9.62796e-07 4.08244e-07
-4.87891e-07 -1.04978e-07
1.34411e-06 -4.19742e-07
-7.32902e-07 3.73904e-07
1.29538e-06 -5.21798e-07
-1.01938e-06 -2.13517e-07
3.18808e-07 6.40767e-07
-1.15987e-06 3.81598e-07
1.31158e-07 -5.11257e-07
-1.30957e-06 5.73356e-07
1.07682e-06 -1.50022e-07
5.29443e-07 -3.35648e-07
5.54987e-07 3.19097e-07
8.20682e-07 -4.14129e-07
-8.5295e-07 -5.38822e-07
-1.1314e-06 -3.74833e-07
1.29316e-06 -1.07457e-07
-1.15405e-06 4.88296e-07
-1.01967e-06 7.04396e-08
-7.46245e-07 -1.17837e-07
-3.41367e-07 -6.7214e-07
3.18517e-07 -3.33042e-08
8.88643e-07 6.49803e-07
6.84122e-07 -4.26558e-07
-4.85394e-07 2.92034e-07
-1.14641e-06 -5.05631e-07
-8.71574e-07 5.03867e-07
4.15808e-07 -2.70935e-07
-6.31083e-07 -1.7793e-07
9.69154e-08 1.68063e-07
1.05598e-08 -4.61329e-07
-7.39732e-07 5.29439e-07
-1.00842e-06 6.7991e-07
2.39239e-07 6.70574e-07
-1.25534e-06 -1.76665e-07
3.45037e-07 -6.5244e-08
1.87052e-07 -3.98758e-07
8.32021e-07 -6.7049e-07
-5.14161e-07 6.53715e-07
1.71466e-08 -5.16609e-07
6.19235e-07 5.03487e-07
1.36715e-06 1.7335e-07
4.89664e-08 -5.5437e-07
-6.06353e-07 -3.88798e-07
-1.38865e-06 5.43023e-07
1.20604e-06 -3.82039e-07
1.9844e-07 -2.94847e-07
-7.89857e-07 4.39852e-07
-5.92021e-07 6.67601e-07
9.32715e-07 -3.02827e-07
3.29898e-07 -1.378e-07
-1.20364e-06 -4.59901e-08
4.91945e-08 -1.47501e-07
2.92793e-07 6.76608e-07
7.58628e-07 3.36537e-07
1.25723e-06 5.3413e-07
1.45e-06 -2.22533e-07
-8.06913e-07 1.00088e-07
-1.17475e-07 5.82039e-07
7.75631e-07 6.02631e-07
-9.08151e-07 -4.17894e-07
1.13887e-06 3.53251e-07
2.41896e-07 5.79841e-07
-1.09506e-06 1.55859e-08
-1.08177e-06 -1.09267e-07
7.90186e-07 2.2366e-07
5.89293e-07 5.44566e-07
4.11076e-07 1.75266e-07
-4.8762e-08 -4.22242e-07
1.23311e-06 6.45611e-07
-1.25911e-06 2.95199e-07
7.31636e-07 -1.12028e-07
-3.42845e-07 -2.94119e-07
7.70553e-07 -1.94583e-07
-7.76076e-07 -3.95399e-07
7.00497e-07 -6.98073e-07
-1.42641e-06 4.40537e-07
-9.29377e-07 -2.206e-07
7.07331e-07 1.62987e-08
-1.00913e-06 -7.3607e-09
6.13437e-07 5.57072e-07
-1.22771e-06 4.98514e-07
-7.80315e-07 1.03076e-07
1.26479e-08 -6.82682e-07
-1.20351e-06 6.06362e-07
-1.11734e-06 -1.60323e-08
