3.82699e-07 -4.46074e-07
5.51617e-07 6.24158e-08
1.33509e-07 1.79718e-08
-1.2814e-07 4.98819e-07
1.80405e-07 6.26292e-07
-2.64105e-07 -3.0642e-07
-1.87368e-07 -2.6588e-07
8.41159e-07 6.51192e-07
-1.15022e-06 -7.64967e-08
-6.43403e-07 1.70435e-07
-3.17166e-07 -4.15416e-07
8.50709e-07 2.9979e-07
-3.2503e-07 5.35083e-07
-4.15432e-07 -4.70813e-07
7.23179e-07 1.5249e-07
-1.09902e-06 -4.56486e-07
1.22687e-06 -3.44134e-07
3.92421e-07 6.01119e-08
-1.19404e-06 8.61609e-08
5.31382e-07 -4.61732e-07
-1.26604e-06 -4.70152e-07
6.5192e-07 -4.08949e-07
9.23962e-07 4.58884e-09
8.06588e-08 -1.39087e-07
1.34695e-06 1.66602e-07
-4.41166e-07 2.50195e-07
-8.21316e-07 9.49787e-08
6.55329e-07 2.33252e-08
1.42836e-06 5.86469e-07
7.01993e-07 2.21681e-07
1.1941e-06 1.96925e-07
4.0338e-07 -2.24145e-07
1.19022e-06 -3.19076e-07
1.11088e-06 5.57609e-07
1.29009e-06 4.56829e-07
-8.51031e-07 -9.16036e-08
-1.39628e-06 1.64267e-07
8.63619e-07 -6.92578e-07
7.52884e-08 -2.09182e-07
-8.98049e-07 1.74393e-08
9.90451e-07 -4.99659e-07
-4.47055e-07 1.50672e-07
1.13902e-06 1.41339e-07
3.8005e-07 3.02362e-07
1.32078e-06 -6.37012e-07
1.12514e-06 5.78497e-07
-1.07097e-06 -6.38065e-07
-3.05223e-07 -3.23734e-07
1.29382e-06 -5.01779e-07
-8.71035e-07 -3.30396e-07
5.15067e-07 2.33704e-08
8.8012e-07 2.57689e-07
-4.8804e-07 -5.65633e-07
-1.0527e-06 5.25997e-07
2.22957e-07 -5.03857e-07
9.46202e-07 -4.76305e-07
-4.4619e-07 2.7834e-07
3.44373e-07 -3.68598e-07
4.08914e-07 3.98018e-07
4.00406e-07 -6.30392e-07
-2.93525e-07 6.11252e-08
6.80652e-08 5.43243e-07
1.41296e-07 5.89012e-07
-2.89432e-08 -1.63366e-07
8.6716e-07 5.21737e-07
-3.43795e-07 -4.52641e-08
8.10623e-07 -5.7827e-07
2.90993e-07 2.83404e-07
9.81493e-07 -3.51965e-07
1.00378e-06 1.7277e-07
-8.28164e-07 -2.89333e-07
7.74341e-07 -2.86758e-07
3.21976e-07 -1.99507e-08
-1.55347e-07 -1.54296e-08
-1.08193e-06 -5.65171e-07
-9.82219e-07 8.31035e-08
3.97447e-08 -5.20541e-07
1.07064e-06 -4.58601e-07
-2.34923e-07 -6.82956e-07
4.27092e-07 6.21781e-07
-8.74133e-08 -6.57804e-08
1.17579e-06 -6.44673e-07
4.30776e-07 -7.00015e-08
1.9136e-07 6.22807e-07
-1.08194e-06 6.05314e-08
5.10025e-07 6.00864e-07
1.30276e-06 3.33371e-07
-8.06819e-07 6.18606e-07
-1.16474e-06 4.01064e-07
8.36103e-07 -2.33271e-07
-4.18702e-07 1.25984e-07
-6.35292e-07 4.52885e-08
-3.1339e-08 -1.60423e-08
2.2427e-07 -2.86799e-07
7.87193e-07 9.30281e-08
-9.75818e-07 -5.17299e-07
-1.22877e-06 6.92727e-07
-1.23075e-06 -1.31747e-07
-1.35003e-06 1.10229e-07
-4.78199e-07 -2.03797e-07
4.49386e-07 -1.23856e-07
-2.99404e-07 -1.21973e-07
1.20684e-06 7.38897e-08
-1.13512e-06 3.24913e-08
1.0021e-06 1.7478e-07
-9.0408e-07 -4.21955e-07
4.67985e-07 -1.74448e-07
-3.67942e-07 -5.56343e-07
1.41792e-06 -1.06607e-07
-1.96997e-07 5.67288e-07
5.47214e-07 -9.20799e-08
-2.97246e-07 -3.62978e-07
4.47184e-07 -5.20301e-07
-1.30754e-06 -4.69286e-07
7.5314e-07 1.2662e-08
1.44614e-06 -3.65729e-07
-1.29288e-06 -2.81434e-10
4.13629e-07 -6.94041e-07
-7.84226e-07 -3.93751e-07
-4.73849e-08 -1.68587e-07
-1.35167e-06 -3.85219e-07
1.42342e-06 6.24222e-07
6.55628e-07 6.34331e-07
3.20853e-07 2.48114e-07
-6.06825e-07 1.53588e-07
-6.66105e-07 8.40725e-08
5.7599e-07 7.04824e-08
2.39306e-07 -4.90456e-07
-3.53254e-08 4.64121e-07
-6.09051e-07 4.54529e-07
-8.11909e-07 3.7747e-07
1.18611e-06 6.94363e-07
5.39947e-07 2.90864e-07
-1.2487e-06 3.17653e-09
7.21201e-07 3.69026e-07
-1.07485e-06 2.66449e-07
-7.93664e-07 6.25213e-07
8.39405e-08 3.58009e-07
2.82946e-07 -2.43686e-07
-8.99229e-07 -2.06021e-07
7.77496e-07 -9.03951e-08
-5.00441e-07 -1.53901e-07
1.10005e-06 -3.06785e-07
-1.04706e-06 -6.48524e-07
-4.45814e-07 -4.22857e-07
-9.96705e-07 3.89036e-07
-2.2262e-07 -5.59458e-07
-6.88098e-07 -4.58328e-07
1.1644e-06 -4.28663e-07
-1.35552e-06 -2.20296e-07
9.46675e-07 5.98491e-07
-5.6524e-07 -3.76478e-07
7.68757e-07 5.20531e-08
3.09113e-07 -6.58987e-08
-1.86068e-07 4.17665e-07
-1.11728e-09 -4.54061e-07
-2.68581e-07 -3.33467e-07
-8.55021e-07 -1.83575e-07
6.50921e-07 -5.41361e-07
1.43978e-06 5.88661e-07
8.23121e-07 3.00937e-07
3.49906e-07 -1.48671e-07
-1.08392e-06 6.8759e-07
9.07081e-08 -2.36405e-07
-2.05801e-07 -2.84484e-07
8.6449e-07 6.3195e-07
-4.97298e-07 -5.97317e-08
6.9699e-07 -5.95182e-07
1.42674e-06 -2.93769e-07
-6.70517e-07 1.90142e-07
1.08776e-06 -4.07857e-08
1.40484e-06 -4.81727e-07
6.24337e-07 6.75776e-07
7.9401e-09 7.71785e-08
5.28692e-07 -1.32416e-07
-4.32846e-08 -1.55838e-07
7.36076e-08 4.22913e-07
-1.32081e-06 -4.6093e-07
1.03944e-06 5.0367e-07
1.416e-06 6.51353e-07
-7.01361e-07 -9.37162e-08
-1.23696e-06 4.23517e-07
-6.80201e-07 -6.14017e-08
1.23636e-06 4.28616e-07
-8.35168e-08 -3.77374e-07
9.74729e-07 -3.77426e-07
-8.62561e-07 -6.71575e-08
1.37829e-06 1.86757e-07
-8.23305e-07 -4.46059e-07
6.90873e-07 5.17569e-07
-1.41188e-06 6.99395e-07
-1.06216e-06 -6.41726e-07
7.46436e-07 3.23074e-08
-8.26896e-07 -3.59831e-07
4.26183e-07 -6.16603e-07
6.10624e-08 2.31166e-08
1.59337e-07 2.00652e-07
-5.7379e-07 -2.43141e-07
-1.22354e-06 -1.808e-07
8.92381e-07 4.11322e-07
