1.26126e-06 6.22677e-07
3.92241e-07 -1.84791e-07
-2.55317e-07 -4.27313e-07
5.74897e-07 -6.5324e-07
5.40102e-07 4.5885e-07
4.28652e-07 -2.40099e-07
1.34979e-06 -6.57087e-07
5.72748e-07 -4.10003e-07
1.37428e-06 -3.30892e-07
-6.19572e-07 4.5721e-07
1.27807e-06 3.90995e-07
2.74927e-07 5.79919e-07
-5.24283e-07 -3.50309e-07
-3.63591e-07 2.0778e-07
-1.04176e-06 3.74117e-07
-9.6133e-07 2.43984e-07
-1.0051e-06 3.91036e-07
5.22805e-07 1.79109e-07
-8.01481e-08 -5.66466e-07
-7.09792e-08 -5.06366e-07
2.4786e-08 -3.12506e-07
5.01199e-09 3.4632e-07
-6.34511e-07 4.98197e-07
-1.74593e-07 -5.76986e-07
-1.00331e-06 -6.79599e-07
-6.76956e-07 3.49624e-08
6.99139e-07 1.88491e-07
3.55623e-07 -5.22361e-07
1.09062e-06 -6.65918e-07
5.9855e-07 -6.37309e-08
-8.81582e-07 5.65723e-07
-5.37325e-07 -3.46396e-08
7.22086e-07 -6.9687e-07
-7.4288e-07 1.33386e-07
-1.00953e-06 -1.53458e-08
5.39378e-07 -6.98691e-08
7.18848e-07 3.45138e-07
1.08735e-06 3.20086e-07
6.84765e-08 5.35674e-07
-1.31984e-06 -3.62914e-07
1.06052e-06 -4.88038e-07
8.37526e-07 -1.20788e-07
-1.94975e-07 -6.2228e-07
-9.89824e-08 8.195e-08
-9.34292e-07 2.22257e-07
2.32683e-07 -6.23202e-07
1.01598e-06 1.49847e-07
9.41755e-08 3.44806e-07
7.45442e-07 4.38408e-07
-1.32877e-06 3.77992e-07
-1.11904e-06 2.8854e-07
-1.01803e-07 -5.6437e-07
1.30942e-06 2.11322e-07
-6.50529e-07 -5.13954e-07
-2.31618e-07 4.07122e-08
7.88753e-07 4.46297e-07
9.80603e-07 -4.58409e-07
-1.07834e-06 5.27852e-07
-1.31705e-06 6.73274e-07
-6.71813e-07 -6.9517e-07
5.4577e-07 1.59954e-07
6.89962e-07 -4.81973e-07
-5.86437e-07 2.16675e-07
-1.86069e-07 -5.14893e-07
-1.06455e-06 6.49845e-07
1.36286e-06 -3.46677e-07
1.22164e-06 1.2442e-07
1.23707e-06 -6.51101e-07
1.19723e-06 6.19353e-07
-9.13452e-07 -6.97982e-07
8.84534e-09 -3.20798e-07
1.07828e-06 1.4654e-07
7.02811e-07 -6.33324e-08
-4.17674e-07 -5.51916e-07
5.97067e-07 2.74674e-07
4.08262e-07 -5.45811e-07
-1.01039e-06 -4.07838e-07
8.5123e-07 3.59532e-07
4.7801e-07 -3.2991e-07
6.30756e-07 -6.32417e-07
1.04432e-06 -1.57036e-07
-9.24457e-09 6.47574e-07
-6.86889e-07 -2.84394e-07
1.0946e-06 4.71621e-07
1.37683e-06 4.5761e-07
3.57206e-07 -7.66251e-08
-5.7266e-07 -3.0028e-07
-1.2651e-06 -6.60087e-07
1.17566e-06 -5.65402e-07
-8.85546e-08 1.23171e-07
-1.20865e-06 -1.78411e-07
-8.92468e-08 4.0023e-07
-3.03454e-07 2.47258e-07
-1.37669e-06 -5.68191e-07
3.31909e-07 -6.99465e-07
5.57408e-07 5.53103e-07
-7.04812e-07 2.19718e-07
-1.8179e-07 -3.38324e-07
9.51628e-07 -5.364e-07
-1.5759e-07 -1.59502e-07
1.14208e-06 -7.25069e-08
-8.07493e-07 2.79042e-07
1.1004e-06 4.26422e-07
-4.59191e-07 -2.86095e-07
-5.40006e-07 -4.53827e-08
1.33486e-06 3.00202e-07
1.34707e-06 -5.80611e-07
1.13668e-06 5.1766e-07
-9.48104e-07 -4.20541e-07
9.92369e-07 -4.4422e-07
9.07689e-07 -2.76266e-07
-1.10066e-06 -4.02613e-07
-6.27957e-07 5.8709e-07
6.15308e-07 2.50965e-07
-6.29865e-07 6.93533e-07
9.66369e-07 6.28721e-07
1.21029e-06 1.77886e-07
8.17027e-07 -3.3568e-07
-1.30205e-06 6.02064e-07
6.65254e-07 9.45795e-08
-4.51524e-07 -1.71097e-07
-1.05238e-07 2.64028e-08
1.10113e-06 3.50702e-07
5.51081e-07 -9.14669e-08
1.12308e-06 1.22247e-07
1.26574e-06 4.45829e-07
-1.29945e-07 3.5137e-07
1.23448e-06 -5.58449e-07
-1.42327e-07 3.18021e-07
-1.38387e-06 5.56535e-07
7.1486e-07 -5.16771e-07
-6.45812e-07 -5.65056e-07
1.21694e-06 -1.60717e-07
-7.89211e-07 -2.75309e-07
9.20308e-07 -4.73365e-07
1.11982e-06 3.2611e-07
1.19823e-06 5.94196e-07
2.06204e-07 -6.05689e-07
1.84831e-07 2.61167e-07
1.4492e-06 1.25038e-08
4.44386e-07 -1.4937e-07
1.19169e-06 -5.05794e-07
7.21577e-07 1.08407e-07
-4.87237e-07 2.0011e-07
1.04809e-06 -4.98698e-07
3.09447e-07 -3.15418e-07
3.13389e-08 3.3242e-07
4.00256e-07 -4.35426e-07
1.11014e-06 -6.41016e-08
1.60484e-07 3.60041e-07
3.77482e-07 -5.95254e-07
6.61172e-07 5.82218e-07
3.50154e-07 3.82815e-07
-1.05926e-06 -2.44644e-07
-1.10616e-06 -1.31457e-07
-2.74268e-07 4.26502e-07
3.33347e-09 6.28755e-07
-9.42184e-08 6.0841e-07
-5.62689e-07 -6.92103e-07
1.03804e-06 -6.10057e-07
6.78223e-07 -9.08165e-08
-4.70801e-07 -3.76614e-07
-1.11822e-06 -1.03327e-07
-1.18727e-07 -5.24623e-07
-1.22129e-06 2.80054e-07
4.58452e-07 3.60416e-07
-2.24884e-07 5.19877e-07
1.05693e-06 7.89513e-08
1.34381e-06 -3.25961e-07
7.35175e-07 -4.74886e-07
-1.18427e-06 -5.25939e-07
6.89122e-07 1.14205e-07
8.57479e-07 6.83659e-07
4.30341e-07 -1.72399e-07
5.20423e-07 -1.35275e-07
1.04913e-06 2.43006e-07
-1.05552e-06 -4.36245e-07
1.21514e-06 -3.63347e-07
-8.4807e-07 3.81897e-07
1.13045e-06 -2.37894e-07
6.65981e-09 3.81369e-07
9.4143e-08 -2.11474e-07
6.60199e-07 4.64269e-07
1.31683e-06 2.47851e-07
1.26732e-06 -4.32231e-08
3.95773e-07 4.02366e-07
-1.10089e-06 -4.31391e-07
-6.5795e-07 -1.33849e-07
1.20193e-06 6.1787e-07
1.42157e-06 1.2263e-07
-5.73982e-08 1.2562e-08
-1.34389e-06 -5.52341e-07
-6.6092e-07 2.70305e-07
-2.76187e-08 -1.55201e-07
-4.17147e-07 2.27612e-07
8.08515e-07 1.32102e-07
-7.89951e-07 6.85799e-08
-6.17498e-07 -3.47364e-07
-1.23061e-06 5.48359e-07
-6.70355e-07 -9.38025e-08
