-8.07451e-07 -5.93293e-07
4.31152e-07 -6.86038e-07
-9.15224e-07 -3.40924e-07
-1.03351e-06 2.8233e-07
8.3393e-07 -4.14166e-07
-1.21723e-06 -6.57906e-07
-2.94318e-07 -1.90025e-07
5.81339e-07 3.6801e-07
-7.74556e-07 2.7839e-07
1.26992e-06 4.25698e-08
1.80201e-07 1.2392e-07
-1.54883e-08 3.87126e-07
5.5873e-07 3.44822e-07
-6.93649e-09 1.08667e-07
1.24056e-06 -3.26168e-07
1.43514e-06 3.43835e-07
-6.80569e-07 -2.28512e-07
-4.19489e-07 6.25642e-07
-1.34701e-06 -2.21972e-07
-2.5211e-07 -1.93797e-07
-1.73628e-08 4.09324e-07
-8.39727e-07 -5.16444e-07
8.04843e-07 -1.85714e-07
8.08339e-07 -3.15712e-07
-9.42849e-07 -6.93936e-07
-6.12401e-07 1.71506e-07
-9.69358e-07 -3.05555e-07
7.61511e-07 -5.8162e-07
2.48288e-07 -1.32651e-07
5.57926e-07 -3.56271e-08
-4.39503e-07 1.8235e-07
6.44858e-07 3.97536e-07
1.3614e-06 -5.36091e-07
-9.59385e-07 -2.2614e-07
5.42649e-07 2.42807e-07
2.08587e-07 5.16811e-07
-8.76388e-07 6.51347e-07
1.10198e-06 1.81419e-07
-6.27492e-08 3.7379e-07
1.40539e-06 -4.91164e-07
-5.01684e-07 2.23247e-08
-3.82878e-07 -1.01425e-07
-9.16199e-07 1.20615e-08
3.52805e-07 1.19461e-07
-1.43823e-07 -6.27959e-07
5.5319e-07 2.45243e-07
-1.09737e-06 2.34191e-08
-3.58224e-07 5.34114e-07
1.29705e-06 -6.767e-07
1.20324e-06 1.85005e-07
-1.23068e-06 -6.7317e-07
-1.09509e-06 -5.07323e-08
-8.96224e-07 4.55357e-08
-1.06271e-06 -7.22504e-08
-1.28571e-06 5.1007e-07
2.42693e-07 -3.09982e-07
6.46175e-07 2.71676e-07
-1.97452e-07 3.03832e-07
-5.92466e-07 5.39028e-07
-1.54479e-07 -2.72403e-07
-7.94722e-07 4.75075e-07
-7.44399e-07 6.01341e-07
-2.99282e-07 -4.99619e-07
1.15393e-06 -6.16635e-07
7.40008e-07 6.50837e-07
4.59308e-07 -2.20524e-07
1.05944e-06 5.97246e-07
9.05043e-07 4.31801e-07
-8.44038e-07 3.53835e-07
3.79729e-08 -6.59436e-07
-6.21085e-07 2.75467e-07
9.61235e-07 6.67529e-07
-9.83584e-07 -6.61738e-08
-9.47123e-07 -7.37878e-08
9.72467e-07 -5.59385e-07
-9.31833e-08 6.04464e-08
1.04986e-06 -1.06451e-07
-1.05254e-06 2.51969e-07
-5.09003e-07 1.88044e-07
-1.00472e-06 5.20211e-08
-1.39216e-06 -2.85706e-07
-1.13193e-06 -6.47052e-07
1.30902e-06 -4.6375e-07
-6.1061e-07 -6.71529e-07
3.25627e-07 -5.56224e-07
8.09914e-07 -4.42319e-07
-5.83498e-07 -6.84542e-07
5.85581e-07 -1.5644e-07
-4.72266e-07 5.17654e-07
7.06016e-07 -2.11593e-07
1.31073e-06 -5.25791e-07
6.42356e-09 4.55068e-07
-4.20035e-08 4.22604e-07
1.17795e-06 5.48072e-07
6.51958e-07 -5.18148e-07
1.48169e-08 -4.89146e-07
5.00032e-07 -3.61711e-07
-8.45717e-07 6.10695e-07
-5.87846e-07 -6.13533e-08
-1.18625e-06 5.42361e-07
-5.40493e-07 -6.3601e-08
-1.1739e-06 -1.50565e-07
-8.62873e-07 5.48128e-07
2.17613e-07 3.20345e-07
5.41789e-07 5.97745e-07
7.77136e-07 1.9779e-07
4.74432e-07 -6.66406e-07
3.9661e-07 6.13028e-07
1.59984e-07 1.04067e-07
6.90131e-08 2.89557e-07
-9.01812e-07 -5.58901e-07
1.12282e-06 -4.49414e-07
5.62277e-07 -6.50036e-08
4.88872e-07 6.92933e-07
-9.11655e-07 -3.50608e-07
-8.62699e-07 1.80161e-07
1.06756e-06 6.85541e-07
1.25764e-06 -1.17981e-07
1.04855e-08 2.88714e-07
-1.39766e-07 2.03472e-07
4.77017e-07 6.66998e-07
-4.85754e-07 4.95739e-07
-6.57548e-08 8.18715e-08
1.16677e-06 6.84399e-07
7.01256e-07 5.52413e-07
1.04158e-06 1.19115e-07
1.24144e-06 -2.79555e-08
-1.02342e-06 1.44749e-07
-7.13801e-07 4.64875e-07
2.46599e-07 3.07407e-07
9.92398e-07 -6.66998e-07
1.16673e-06 6.94838e-07
-1.37145e-06 2.19648e-07
5.77903e-07 1.24458e-07
7.16203e-07 -3.2618e-07
2.99544e-07 -5.72338e-07
1.31465e-06 3.19061e-07
-1.00752e-06 -3.61708e-11
1.34745e-06 -5.70504e-08
-6.58649e-07 -6.60676e-07
9.84689e-07 -5.20726e-07
-1.17633e-06 5.49512e-07
-1.79888e-07 2.21891e-07
1.62552e-07 2.37263e-08
-4.67048e-08 -9.92058e-08
7.71751e-07 4.78211e-07
5.84236e-08 -5.74588e-07
-3.21394e-07 3.77514e-07
1.09934e-06 -2.36625e-07
7.88474e-07 3.20319e-07
-9.38339e-07 -6.44262e-07
-4.37989e-07 -4.70631e-07
2.30183e-07 5.48772e-07
-3.68283e-07 -4.36986e-07
3.67835e-07 1.88242e-08
-9.72075e-07 -6.85665e-07
5.21278e-07 2.61876e-07
-9.38852e-07 5.39168e-07
-1.70535e-07 3.74151e-07
1.3884e-06 -1.46065e-07
2.32183e-07 1.50393e-07
-1.1651e-06 2.46344e-07
-9.29555e-07 -8.0396e-08
8.61766e-07 -4.98588e-07
-1.03279e-06 -4.6576e-07
1.27209e-06 -5.0141e-07
-1.1703e-07 -1.22223e-07
-2.21486e-07 -6.11474e-07
2.78011e-07 6.15581e-07
-4.66339e-07 -3.25846e-07
1.57597e-07 -3.00213e-07
1.43697e-06 3.29247e-07
1.27591e-06 8.96064e-09
8.52699e-07 3.1994e-07
-2.11327e-07 3.3602e-07
-7.08014e-07 -2.16785e-07
-4.14794e-07 5.74765e-08
1.36014e-06 -3.70635e-07
4.25221e-07 3.22916e-07
1.71394e-07 -4.82951e-07
4.96538e-07 2.28294e-08
3.51032e-07 5.90575e-07
-1.05502e-06 2.53517e-07
8.18921e-07 4.1295e-08
7.61521e-07 3.64078e-07
2.56778e-08 -4.75835e-07
1.16174e-06 2.10109e-07
1.23261e-06 5.59684e-07
9.35667e-08 6.99611e-07
-1.01249e-06 -9.09464e-08
7.47953e-07 4.48164e-07
2.58758e-07 1.2525e-07
6.5764e-07 -4.6051e-07
3.10485e-07 5.37299e-07
-8.19137e-07 4.31027e-07
-3.82666e-07 5.66419e-07
4.12385e-07 5.07528e-08
-1.3456e-06 1.20397e-07
5.1398e-07 5.44385e-07
-1.06152e-06 -6.95536e-07
-5.77418e-07 5.8067e-07
1.01756e-06 6.93569e-07
7.9292e-07 6.4491e-08
1.27068e-06 -1.14376e-07
6.56844e-07 -1.67869e-07
-3.29923e-07 4.95328e-07
-1.19548e-06 6.43631e-07
-1.36347e-06 -2.39077e-08
3.17163e-07 -6.62936e-07
-3.12392e-07 -4.24669e-07
-1.07692e-06 3.65401e-07
-1.13891e-06 -3.92763e-07
-9.77601e-07 -1.33521e-07
-7.86733e-07 4.74019e-08
1.19815e-06 1.89755e-07
2.02063e-07 2.68845e-07
-1.54647e-07 5.49346e-07
-1.291e-06 -8.1792e-08
5.26068e-08 -8.92296e-08
-7.99327e-07 1.886e-07
8.29742e-07 6.96675e-07
-1.22244e-06 -6.28362e-07
1.17779e-06 6.26065e-07
-1.13685e-08 9.67538e-08
1.26571e-06 3.9043e-07
1.33808e-06 -2.74523e-07
3.21214e-07 -4.60525e-07
-7.78141e-07 -1.20011e-07
-1.0492e-06 -4.96988e-07
1.10481e-06 4.50389e-07
1.16892e-06 -4.06639e-07
2.88039e-07 8.28293e-08
4.22248e-07 -6.6767e-07
-6.02099e-07 6.08383e-07
1.32985e-06 -4.94247e-07
-1.11006e-07 2.67249e-07
1.12969e-06 -6.98962e-07
-1.03592e-06 -6.54062e-07
1.04634e-06 2.5983e-07
7.07858e-07 -5.89473e-07
-1.14555e-06 -3.90739e-07
-2.45066e-07 5.30224e-07
-8.70736e-07 -1.94362e-07
5.72703e-07 -4.83693e-07
9.3896e-07 -2.32288e-08
-5.42145e-07 -4.6914e-09
1.12774e-06 -3.09445e-07
1.97203e-07 -5.74761e-07
1.0023e-07 5.94262e-07
-2.69071e-07 1.69982e-07
1.95363e-07 -4.84569e-07
-8.44174e-07 3.13766e-07
1.12202e-06 5.51865e-07
6.61168e-07 -1.4127e-07
-2.30669e-07 4.05515e-07
1.30093e-06 3.72703e-07
-3.27831e-07 1.86096e-07
-6.49384e-07 6.95761e-07
5.23434e-07 4.48273e-07
8.48114e-07 3.93252e-07
-9.5543e-07 4.56878e-07
-6.82094e-07 6.15869e-07
1.16303e-06 -2.55368e-07
3.13828e-07 5.80812e-07
-1.80877e-07 -6.73324e-07
-7.38337e-07 9.27744e-08
1.2349e-06 4.88951e-07
-3.29642e-07 -6.16733e-07
1.35396e-06 -3.34697e-07
3.01342e-07 2.24515e-07
-2.91294e-07 5.68267e-07
-1.24368e-06 5.27786e-07
7.02154e-08 4.92725e-08
-7.48135e-07 -6.51981e-08
2.03748e-07 -4.28901e-07
3.42156e-07 -2.44876e-07
5.59876e-07 -6.03316e-07
5.06014e-07 -3.86098e-07
9.05629e-07 1.78562e-07
-1.39271e-06 -2.03691e-07
-6.09649e-07 5.50862e-07
2.72078e-07 -4.47521e-07
7.34063e-08 2.55461e-08
-1.23519e-06 -4.72703e-07
-6.34255e-08 5.76416e-07
-9.19146e-07 -1.05119e-07
1.26141e-06 3.50375e-07
1.33862e-06 -5.11996e-07
9.02212e-07 -2.73205e-07
9.00811e-07 3.25958e-07
-1.26637e-06 3.24862e-07
6.12656e-07 -1.06741e-07
2.50731e-07 -5.05917e-07
-1.01019e-06 -4.53855e-07
2.90542e-07 -3.21482e-07
4.34248e-07 -6.07519e-07
5.79485e-07 2.2099e-07
1.37069e-06 5.36182e-07
-9.43343e-07 -6.08487e-07
1.22089e-06 -6.86673e-07
-1.16992e-06 -4.93514e-07
-1.3232e-06 -2.18275e-08
1.20253e-06 3.27323e-07
-2.60222e-07 6.59575e-07
1.13037e-06 1.62142e-08
-7.84838e-07 4.71472e-07
6.12827e-07 -2.62075e-07
2.82381e-07 -4.36902e-07
-1.42615e-06 -4.84854e-07
-7.89279e-07 -1.9622e-08
3.86075e-07 6.37445e-07
1.05758e-06 5.00035e-07
-1.19006e-07 -2.07147e-08
-4.29136e-07 -2.41201e-07
-6.4841e-07 6.09011e-07
3.13922e-07 4.27169e-07
-3.01534e-07 -4.0623e-07
-1.17871e-06 1.84266e-07
-1.02153e-06 -4.89731e-07
-7.31477e-07 5.26138e-07
2.70947e-07 6.56665e-07
-1.14131e-06 3.59844e-07
-4.51541e-07 3.5052e-07
-8.16166e-07 -4.8518e-07
-7.567e-07 -3.18108e-07
6.64237e-07 -2.86844e-07
1.12075e-06 -6.61042e-07
-4.28205e-07 6.05389e-07
-2.06439e-07 3.38483e-07
-1.49395e-08 -1.54079e-07
1.14157e-06 -5.92064e-07
-7.16587e-07 -2.03132e-07
1.3356e-06 3.38759e-07
-8.47985e-07 4.73487e-07
2.24332e-07 6.47542e-07
-1.26831e-06 3.59272e-07
-6.162e-07 4.48968e-07
-9.05591e-07 4.88787e-07
9.53836e-07 4.41018e-07
-5.29474e-07 -3.86028e-07
-7.03977e-07 5.78903e-07
-2.61483e-07 -6.50669e-07
8.54399e-07 -1.07291e-07
-9.748e-08 -2.09689e-07
8.43988e-07 -2.46684e-07
1.66916e-07 2.41964e-07
1.43098e-06 6.18634e-07
1.35406e-06 6.29993e-09
6.58656e-07 -3.55138e-07
9.27421e-07 2.86708e-07
-9.7235e-07 5.0846e-07
6.71394e-07 -3.88478e-07
2.7833e-07 2.29974e-07
1.16e-06 -2.3752e-08
-1.1071e-06 -2.4206e-07
-1.27199e-06 -3.0745e-07
-1.68684e-07 1.16212e-07
3.16131e-07 3.65327e-07
3.60005e-07 4.65093e-07
5.4555e-07 4.23859e-07
-8.43464e-07 6.48771e-07
-2.9886e-07 3.24609e-07
-1.15977e-06 6.09656e-07
-1.08917e-07 -4.13509e-07
1.24828e-06 6.05057e-07
-2.55837e-07 -6.21483e-07
-9.0077e-07 -9.39978e-08
1.75226e-07 6.68341e-07
-2.63092e-07 -6.02317e-07
-7.31657e-07 -4.47696e-07
-4.74433e-07 5.48543e-07
9.12768e-07 -5.87086e-07
5.57135e-07 2.5305e-07
-2.69968e-07 2.26013e-08
-1.27905e-06 -4.91805e-07
2.80629e-07 -1.50785e-07
-9.90276e-07 -6.8061e-07
-1.44039e-06 6.88265e-07
7.53955e-07 -1.2213e-07
-8.97071e-07 -5.44827e-07
1.04029e-06 -2.70459e-07
-1.41408e-06 5.19417e-07
6.44894e-07 6.6385e-07
-1.40637e-06 1.10438e-07
1.34775e-06 -3.41264e-08
-5.26057e-07 6.0423e-07
6.25323e-07 -2.07689e-07
3.32818e-07 -2.9763e-07
-9.15263e-07 -6.13089e-07
1.30542e-06 -6.93553e-07
9.68614e-08 1.82778e-07
4.3024e-07 3.67721e-07
-1.13176e-06 1.30879e-07
7.3197e-08 9.65141e-08
-8.27287e-07 4.23821e-07
-8.81385e-07 -5.00504e-07
-2.98851e-07 -5.28463e-07
-5.42723e-07 -6.58703e-07
9.86964e-09 -4.28196e-07
-5.13105e-07 1.55733e-09
9.99704e-07 3.95243e-07
-8.99386e-07 -6.58887e-07
2.58834e-07 5.46598e-07
6.98199e-07 -4.95039e-07
-9.52684e-07 -3.97788e-07
-1.15673e-06 -3.81029e-07
-8.80047e-07 -1.09644e-07
-7.02886e-07 3.0384e-07
1.42023e-06 5.42862e-07
5.98764e-07 5.36949e-07
-1.4149e-07 5.81141e-07
-5.56021e-08 -2.90138e-07
-7.05523e-07 3.17849e-07
-5.89994e-07 -5.618e-07
1.09751e-06 6.66882e-07
-6.80357e-07 -5.72547e-07
6.67283e-07 2.84903e-07
9.26012e-07 3.5748e-07
8.66282e-07 3.15765e-07
2.19379e-07 5.50273e-07
9.5061e-07 6.80932e-07
1.10571e-06 -3.17339e-07
-4.81383e-07 -2.62645e-07
1.55035e-08 -4.64796e-07
-1.33024e-06 5.70996e-07
1.49329e-07 2.98249e-07
-6.21913e-07 5.47149e-07
-1.42518e-06 -3.95361e-07
5.53179e-07 -2.55278e-07
1.44734e-06 3.36286e-08
-7.33922e-07 4.54936e-07
1.11777e-06 2.01553e-07
6.44536e-07 -1.85379e-07
-6.06237e-07 -1.96293e-07
8.35942e-07 -2.33644e-07
1.25751e-06 1.54775e-07
-1.25301e-06 -3.51972e-07
6.35752e-07 3.62642e-07
9.95796e-08 -2.94818e-07
-1.22728e-07 5.4923e-07
6.74546e-07 3.01969e-07
1.13041e-07 -3.81254e-07
-6.16216e-08 2.03447e-07
-1.20481e-07 4.98603e-08
-2.30584e-07 -8.6395e-08
1.07587e-06 -4.52109e-07
-2.5179e-07 -6.49494e-07
-4.27928e-07 5.82331e-07
-8.00652e-07 -3.40141e-07
-6.27774e-07 -4.84324e-07
9.10613e-07 -5.17894e-07
-1.87214e-07 3.97466e-07
-7.15142e-07 -3.24342e-08
-1.26675e-06 1.05579e-07
2.44811e-07 3.26164e-07
1.12879e-06 -6.72978e-07
-1.11768e-06 7.1996e-08
1.20393e-06 6.93214e-07
-2.01772e-07 -5.88517e-07
5.9457e-07 -4.97273e-07
-3.06412e-07 -5.22371e-07
-7.78432e-07 -2.99278e-07
-5.73284e-07 2.67805e-07
6.72942e-07 1.09168e-07
9.63793e-07 -5.84941e-07
-3.48416e-07 4.32975e-07
-9.00631e-07 -1.03243e-07
-1.0007e-06 -3.82552e-07
6.34807e-07 3.69083e-07
7.06678e-07 -4.9112e-07
1.44019e-06 -6.36699e-07
-2.87444e-07 1.58965e-07
-1.02591e-06 9.75252e-08
-1.03795e-06 -4.36914e-07
1.04847e-06 3.46155e-07
1.30392e-06 3.33116e-08
-8.493e-08 2.54524e-07
-1.33323e-07 -4.92131e-07
-4.20661e-07 -1.05625e-07
1.51196e-07 2.07845e-07
-1.2395e-06 -2.99587e-07
-1.14656e-06 -3.50139e-07
1.0681e-06 -4.06423e-07
-1.36156e-07 -1.34556e-07
-1.89665e-07 3.78583e-07
-1.01276e-06 3.70581e-07
9.89924e-07 2.97887e-07
-8.19407e-07 -2.92563e-07
4.12827e-07 -5.07465e-07
-6.25606e-09 3.52888e-07
1.23192e-06 -3.77506e-07
1.402e-06 6.76143e-07
-6.66318e-07 1.43194e-07
1.18587e-06 -5.35305e-07
8.71683e-07 5.83951e-07
7.02405e-07 -2.18847e-09
-6.89676e-07 1.40452e-07
-1.11441e-06 2.7104e-07
1.35332e-06 6.36128e-08
4.08737e-07 -1.43138e-07
