2.35963e-07 -6.35947e-08
2.67217e-07 1.95116e-07
4.11672e-07 6.18151e-07
1.02794e-06 1.91903e-07
3.01125e-07 -3.59079e-07
-1.44093e-06 -8.08011e-08
-1.02277e-06 2.66064e-07
-9.30815e-09 2.71619e-07
-1.20237e-06 3.77078e-07
-3.37474e-07 -2.3987e-07
-1.18486e-06 -4.5904e-07
-1.33526e-06 -3.73895e-07
6.93656e-07 5.29624e-07
-8.53346e-07 4.41708e-07
-1.22896e-07 -4.1546e-07
1.07913e-06 4.63298e-07
1.34775e-06 4.04474e-07
-4.97463e-07 1.53725e-08
-1.31953e-07 -4.4304e-07
4.8731e-07 6.60493e-07
5.27781e-07 -6.76411e-07
-4.71966e-07 -5.96062e-07
-1.12599e-06 2.85494e-07
8.22074e-08 7.38556e-08
1.06965e-06 2.87189e-07
1.81996e-07 -5.49757e-07
6.19662e-07 4.84954e-07
1.88804e-07 4.22105e-07
-9.52748e-07 9.66944e-08
-2.08048e-07 1.97526e-08
-1.31294e-06 -3.6687e-08
-6.41147e-07 1.46456e-07
-8.13176e-07 5.41589e-08
1.36715e-06 -2.83391e-07
5.63777e-07 5.05365e-07
3.69577e-07 -2.25302e-07
5.25493e-07 -6.67149e-07
7.29402e-07 3.60165e-07
-4.95303e-07 -1.52175e-07
2.7556e-07 1.33574e-07
-9.36896e-07 3.29715e-07
8.53351e-07 3.90282e-07
4.73259e-07 3.11918e-07
2.24623e-08 3.6993e-08
1.55412e-08 -3.97663e-08
-9.47464e-07 -2.36773e-07
-9.48523e-08 -1.22432e-07
1.20596e-06 3.93336e-07
-1.74011e-07 -3.74768e-07
-7.93418e-07 2.48771e-07
-1.41931e-06 -2.26481e-07
7.64571e-07 -1.07739e-07
9.25349e-07 -3.22208e-07
-1.33703e-06 1.03084e-07
-7.373e-07 1.67157e-07
1.41838e-06 6.8636e-07
-6.81476e-07 6.29808e-07
1.03785e-06 -2.67255e-07
1.36521e-06 5.86473e-07
-1.40537e-08 -3.05878e-07
9.82198e-07 -6.1177e-11
1.29945e-06 6.67487e-07
8.85852e-07 5.70167e-07
-8.73048e-07 -2.69011e-07
-1.32704e-06 -5.53946e-07
5.9096e-07 -7.10076e-08
-2.77529e-07 -6.0881e-08
5.46161e-07 -1.59454e-07
-6.96308e-07 -3.75631e-07
-7.87888e-07 -3.00271e-07
-6.18135e-07 3.53722e-07
-1.00102e-06 4.96687e-07
8.15785e-07 1.90738e-07
7.9792e-07 5.14751e-08
-1.18609e-06 -1.53576e-08
-1.20964e-06 3.87568e-07
-1.30319e-06 5.4987e-07
-8.02095e-07 2.56906e-07
-3.19115e-07 -1.79396e-07
4.63841e-07 4.02649e-07
6.72074e-07 5.95725e-07
7.52849e-07 6.0214e-08
-4.72972e-07 7.67585e-08
1.37883e-06 -5.09077e-08
-1.15631e-06 -5.23215e-07
5.12714e-07 3.04385e-07
-5.93382e-07 -3.63846e-07
1.21985e-06 -6.91754e-07
-1.36393e-06 -7.34225e-08
-1.1808e-06 -2.40843e-07
4.95511e-07 -1.43141e-08
-3.69952e-07 5.30775e-07
1.27441e-06 -2.96135e-07
-1.37208e-06 -1.60833e-07
8.66648e-07 3.55723e-07
-1.03923e-06 4.36216e-07
8.55821e-07 -5.43927e-07
-7.31622e-07 6.91182e-07
1.5129e-07 6.47255e-07
1.24215e-06 3.01547e-07
-5.68126e-07 -1.27393e-07
3.72324e-07 -1.50464e-07
4.33681e-07 -4.16402e-07
-1.04586e-06 -5.28306e-07
-3.89418e-07 9.63563e-08
1.0471e-06 -4.36344e-07
-1.03675e-06 6.83452e-07
-1.39295e-06 -1.16381e-08
-6.6455e-07 2.25162e-07
1.34544e-06 -4.98727e-07
8.84072e-07 -5.86913e-07
5.20509e-07 6.58518e-07
-1.23764e-06 -6.65624e-08
-6.55922e-07 -1.42798e-09
-9.62796e-07 4.08244e-07
-4.87891e-07 -1.04978e-07
1.34411e-06 -4.19742e-07
-7.32902e-07 3.73904e-07
1.29538e-06 -5.21798e-07
-1.01938e-06 -2.13517e-07
3.18808e-07 6.40767e-07
-1.15987e-06 3.81598e-07
1.31158e-07 -5.11257e-07
-1.30957e-06 5.73356e-07
1.07682e-06 -1.50022e-07
5.29443e-07 -3.35648e-07
5.54987e-07 3.19097e-07
8.20682e-07 -4.14129e-07
-8.5295e-07 -5.38822e-07
-1.1314e-06 -3.74833e-07
1.29316e-06 -1.07457e-07
-1.15405e-06 4.88296e-07
-1.01967e-06 7.04396e-08
-7.46245e-07 -1.17837e-07
-3.41367e-07 -6.7214e-07
3.18517e-07 -3.33042e-08
8.88643e-07 6.49803e-07
6.84122e-07 -4.26558e-07
-4.85394e-07 2.92034e-07
-1.14641e-06 -5.05631e-07
-8.71574e-07 5.03867e-07
4.15808e-07 -2.70935e-07
-6.31083e-07 -1.7793e-07
9.69154e-08 1.68063e-07
1.05598e-08 -4.61329e-07
-7.39732e-07 5.29439e-07
-1.00842e-06 6.7991e-07
2.39239e-07 6.70574e-07
-1.25534e-06 -1.76665e-07
3.45037e-07 -6.5244e-08
1.87052e-07 -3.98758e-07
8.32021e-07 -6.7049e-07
-5.14161e-07 6.53715e-07
1.71466e-08 -5.16609e-07
6.19235e-07 5.03487e-07
1.36715e-06 1.7335e-07
4.89664e-08 -5.5437e-07
-6.06353e-07 -3.88798e-07
-1.38865e-06 5.43023e-07
1.20604e-06 -3.82039e-07
1.9844e-07 -2.94847e-07
-7.89857e-07 4.39852e-07
-5.92021e-07 6.67601e-07
9.32715e-07 -3.02827e-07
3.29898e-07 -1.378e-07
-1.20364e-06 -4.59901e-08
4.91945e-08 -1.47501e-07
2.92793e-07 6.76608e-07
7.58628e-07 3.36537e-07
1.25723e-06 5.3413e-07
1.45e-06 -2.22533e-07
-8.06913e-07 1.00088e-07
-1.17475e-07 5.82039e-07
7.75631e-07 6.02631e-07
-9.08151e-07 -4.17894e-07
1.13887e-06 3.53251e-07
2.41896e-07 5.79841e-07
-1.09506e-06 1.55859e-08
-1.08177e-06 -1.09267e-07
7.90186e-07 2.2366e-07
5.89293e-07 5.44566e-07
4.11076e-07 1.75266e-07
-4.8762e-08 -4.22242e-07
1.23311e-06 6.45611e-07
-1.25911e-06 2.95199e-07
7.31636e-07 -1.12028e-07
-3.42845e-07 -2.94119e-07
7.70553e-07 -1.94583e-07
-7.76076e-07 -3.95399e-07
7.00497e-07 -6.98073e-07
-1.42641e-06 4.40537e-07
-9.29377e-07 -2.206e-07
7.07331e-07 1.62987e-08
-1.00913e-06 -7.3607e-09
6.13437e-07 5.57072e-07
-1.22771e-06 4.98514e-07
-7.80315e-07 1.03076e-07
1.26479e-08 -6.82682e-07
-1.20351e-06 6.06362e-07
-1.11734e-06 -1.60323e-08
1.35533e-06 -2.96843e-07
-1.21175e-06 -2.53236e-08
-5.28622e-07 2.27262e-07
-1.1782e-06 2.91347e-07
9.40346e-07 1.05648e-07
-7.12093e-07 4.90011e-07
-4.37775e-07 4.66277e-07
7.06537e-07 6.31547e-07
-7.05201e-07 -4.07429e-07
7.7599e-07 -4.20844e-07
-2.45316e-07 5.80868e-07
-3.66794e-07 -3.81561e-07
9.81898e-07 2.71026e-07
8.46832e-07 -5.98265e-07
9.69292e-08 -9.72188e-09
7.47964e-07 6.22029e-07
1.07207e-06 -3.32386e-07
-4.89128e-07 1.04461e-07
-1.09186e-06 1.63489e-07
-1.77857e-07 -6.36496e-07
-3.57197e-07 1.48031e-08
-7.78237e-08 -1.93611e-07
1.22364e-06 9.83844e-08
7.25132e-07 -8.00287e-08
-1.04646e-06 4.2525e-07
6.86623e-07 3.18392e-08
-1.20495e-06 1.91411e-07
-5.69576e-07 2.74675e-07
1.2377e-06 -5.07417e-07
3.72175e-07 1.90018e-07
1.22781e-06 4.61087e-08
-1.84488e-07 6.52698e-07
9.31374e-07 -3.86277e-07
-1.85642e-07 -6.25688e-07
8.18371e-07 -3.09596e-07
2.8666e-07 -1.70566e-07
7.15154e-07 -5.44474e-07
-1.01518e-06 -1.70732e-07
-5.90762e-07 -1.93658e-07
1.95299e-07 3.28246e-07
8.39092e-08 2.62766e-07
-1.07862e-06 9.47957e-08
-6.13299e-07 4.11299e-08
4.77301e-07 -6.06697e-07
-6.4146e-07 1.20225e-08
1.0041e-06 -3.21057e-07
-1.21843e-06 -3.93659e-07
1.15932e-06 -1.42713e-07
8.13732e-07 -4.31928e-07
-5.92339e-07 -6.89962e-07
5.16069e-07 -1.80895e-07
3.62185e-07 4.55298e-07
-3.73696e-07 -1.32623e-07
1.26646e-06 6.42404e-07
1.10218e-07 4.80202e-07
-2.27197e-07 -6.04427e-07
1.08168e-06 -5.13062e-07
-7.04712e-07 -5.82833e-07
1.44011e-06 6.33034e-07
-1.12708e-06 5.60425e-08
-3.32154e-08 5.6604e-07
-3.4194e-07 2.73591e-07
-3.99768e-07 -6.45702e-07
-1.31722e-06 -2.02987e-07
8.31651e-07 6.42057e-08
-2.39566e-07 -5.28809e-07
5.38341e-08 2.83483e-07
6.52727e-07 5.97532e-07
8.41993e-07 -3.72308e-07
-1.15305e-06 -3.61648e-07
1.17061e-06 -4.76989e-07
7.03911e-07 6.44025e-08
3.39222e-07 4.30153e-07
-7.02778e-08 -4.40292e-07
-9.53087e-07 -3.44702e-08
-6.79072e-07 2.16401e-07
1.333e-06 3.54988e-07
3.26771e-07 -7.5107e-08
-5.26735e-07 3.36556e-07
3.08815e-07 1.64108e-07
-9.72062e-07 4.49592e-07
3.6497e-07 -5.49288e-07
-3.27921e-07 -4.87621e-07
-5.01515e-07 6.34655e-07
8.14977e-07 -3.63064e-08
1.34637e-06 6.85174e-07
6.57642e-07 2.45599e-07
4.17242e-07 5.69479e-07
1.10549e-06 6.98679e-07
-8.53972e-07 4.31885e-07
8.24385e-07 2.30705e-07
-1.15951e-06 3.36737e-07
9.74922e-07 -4.2392e-08
-8.52214e-07 6.11055e-07
-9.74208e-07 -5.92794e-07
6.72987e-07 4.39706e-07
-1.41889e-06 -2.02888e-07
6.22434e-07 5.10009e-07
-9.8214e-07 -5.24415e-07
-7.23391e-07 1.96592e-07
7.54655e-08 -2.80994e-07
-2.47803e-07 -6.06843e-07
3.84825e-07 5.89928e-07
1.21129e-06 -6.87021e-07
-9.6803e-07 3.14005e-07
1.08919e-06 -1.61587e-07
-2.46574e-07 -6.43007e-09
3.34447e-07 -1.79095e-07
-9.31614e-07 -1.59447e-08
7.91316e-07 -6.27591e-07
-2.38374e-07 1.23183e-07
-3.54771e-07 1.88566e-07
8.3749e-07 -6.93705e-07
1.62232e-07 -6.30147e-07
4.74995e-07 -1.66691e-08
6.52595e-07 3.92138e-07
1.21338e-06 -6.76808e-08
1.029e-06 -7.0967e-08
-1.35703e-06 8.75994e-08
1.36486e-06 1.41467e-07
-5.24279e-07 -4.14093e-07
5.37394e-07 -7.98078e-08
-8.97836e-07 -2.05709e-07
-7.51701e-07 -1.3477e-07
2.42715e-07 -9.28332e-08
6.82635e-07 -1.4107e-07
-1.14385e-06 7.7253e-09
2.3267e-07 -5.81674e-07
2.68423e-07 -2.90027e-07
-1.44369e-06 5.49822e-07
-1.3851e-06 6.26964e-07
1.2401e-07 -7.85276e-08
1.1238e-06 6.23765e-07
1.06483e-06 1.54959e-08
1.28862e-06 4.31877e-07
5.61034e-07 -1.03073e-07
9.34158e-07 4.33956e-07
-1.29487e-06 -3.34838e-07
-1.19565e-06 5.78097e-07
-4.89401e-07 -4.87655e-08
-3.92776e-07 -5.32565e-08
5.54089e-07 -4.72902e-08
1.33998e-06 -6.26601e-07
-9.77584e-08 5.79577e-07
6.78546e-07 -2.28448e-07
-1.15694e-06 3.4018e-07
1.20771e-06 -3.63567e-07
9.47386e-07 -6.92423e-07
1.00407e-06 -1.12815e-07
-3.53469e-07 -3.25211e-07
-1.41699e-06 -2.28996e-07
-5.73473e-07 -3.57724e-07
1.23735e-06 4.58188e-07
2.42882e-07 -4.53943e-07
1.39554e-06 6.81134e-07
1.42926e-06 -5.85348e-07
-2.18469e-07 4.95193e-07
-9.13369e-07 8.91264e-08
1.95186e-07 -7.31309e-08
7.00071e-07 -4.03076e-07
-6.18597e-07 3.00936e-07
8.47414e-07 4.81472e-07
-8.5944e-07 -1.18017e-07
-5.37882e-07 6.57101e-07
-1.08882e-06 -3.22137e-07
-1.25618e-06 6.44386e-08
-1.24183e-06 -2.65897e-09
-1.24023e-06 6.2566e-07
-1.72648e-07 9.14265e-08
8.56605e-07 -7.0981e-08
6.1755e-07 -4.84192e-07
-1.99018e-07 5.27971e-07
8.15549e-07 -4.97335e-07
9.50331e-07 3.58163e-07
-5.59252e-07 4.92824e-07
9.11605e-08 -1.25035e-07
4.30494e-07 6.26263e-08
-2.31876e-07 3.65942e-07
-7.67066e-07 1.71068e-07
-2.50048e-07 5.44004e-07
9.94535e-07 -3.80714e-07
-1.13877e-06 1.63569e-07
-3.04734e-07 5.64107e-07
3.05642e-07 -4.19282e-07
1.39784e-06 2.82787e-07
1.34069e-06 6.47802e-07
-4.05779e-08 -4.46506e-07
-8.53019e-07 -6.01261e-07
3.54462e-07 5.70814e-07
1.39969e-06 -6.83425e-07
-6.50962e-07 -4.35962e-07
-6.38928e-07 -1.25063e-07
-1.06543e-06 1.68034e-08
-6.45267e-07 4.39048e-07
-1.28905e-06 -6.55888e-07
1.86627e-07 -2.60331e-07
-1.36814e-06 -2.59807e-07
8.93517e-07 -5.20972e-07
-4.76772e-07 -5.47581e-07
1.41229e-06 -9.27541e-08
-8.02429e-07 6.29464e-07
-8.14097e-07 -1.98615e-07
-5.65829e-07 6.84885e-07
-3.77066e-07 6.46468e-07
6.94723e-08 5.86231e-07
-2.51889e-07 6.42902e-08
1.04087e-06 4.92349e-07
5.29214e-07 4.07743e-08
-1.20173e-06 -5.35656e-07
1.20087e-07 6.93477e-07
-3.26823e-07 1.44827e-07
1.09067e-06 -6.03507e-07
3.60009e-07 -2.62475e-07
4.73773e-07 -6.38471e-07
6.43895e-08 6.87982e-07
-2.49254e-07 5.34578e-07
9.70358e-07 -1.79279e-08
9.92652e-09 1.72644e-07
-3.8781e-07 1.55904e-07
3.54561e-07 -3.5831e-07
-8.60772e-07 5.62402e-07
-9.48473e-07 6.50003e-07
9.75694e-07 -7.69043e-08
-1.39452e-06 4.68384e-07
5.00228e-07 -3.77699e-07
8.70318e-07 -1.31806e-07
7.39542e-08 6.03407e-07
3.19783e-07 -4.18958e-07
-1.03379e-06 5.86687e-07
-1.18726e-06 5.20912e-07
-8.49541e-07 -6.74193e-07
-6.19054e-07 5.04288e-07
-9.94508e-07 -3.90819e-07
2.93317e-07 -1.79521e-07
-1.22575e-06 5.69219e-07
-6.41797e-07 -5.43168e-08
1.30503e-07 -2.8997e-07
-1.09309e-06 4.68585e-07
1.43198e-06 -4.6043e-07
-9.40919e-07 2.9772e-07
-3.99718e-07 -1.35945e-07
8.71937e-07 -1.5219e-07
-7.76886e-07 -3.2549e-07
-9.38008e-07 -4.02969e-07
-2.57641e-07 -6.57501e-07
-2.26659e-07 6.06013e-07
-9.70061e-07 4.92728e-07
4.95902e-07 2.7671e-07
-5.09664e-07 -6.71302e-07
-8.47707e-07 3.14914e-07
-2.32276e-09 5.85699e-07
4.53255e-07 -7.3296e-08
1.05092e-06 1.42701e-07
1.12104e-06 -2.54192e-07
7.13031e-07 5.8961e-07
-1.14965e-06 -2.66751e-07
-4.08877e-07 9.64944e-08
-1.44202e-06 -3.10856e-07
-3.31575e-07 6.30093e-07
9.04669e-07 -5.50406e-08
-1.2769e-06 1.37942e-07
1.32641e-06 5.64135e-07
2.37422e-07 -1.08473e-07
-1.94603e-07 5.93508e-07
1.29398e-06 -1.06971e-07
-8.53082e-07 3.31678e-07
3.72499e-07 -1.85702e-07
-8.57864e-08 2.95971e-07
1.19895e-07 -2.24893e-07
-6.70088e-07 3.44452e-07
-5.35684e-07 1.35148e-07
1.56189e-07 5.88691e-07
1.39999e-06 -5.65647e-07
8.09515e-07 -6.15674e-07
5.51085e-07 6.48707e-07
1.12127e-06 2.87254e-07
1.21317e-06 -4.4724e-07
-1.24181e-07 5.82999e-07
1.17111e-06 -3.8029e-07
-5.05682e-08 4.73243e-07
5.75163e-07 -1.7336e-07
-5.03869e-07 2.92823e-07
-3.11206e-07 -3.0765e-07
-6.63745e-07 -3.7383e-07
-1.21779e-06 5.67225e-07
5.00879e-07 2.1338e-07
1.20075e-06 5.02959e-07
1.31169e-06 5.15258e-07
-2.97768e-07 7.25265e-08
-2.21186e-07 6.69525e-07
3.65519e-07 -6.67759e-07
-2.71831e-07 2.4908e-07
4.9854e-07 -2.49208e-07
6.62528e-07 -3.02232e-07
-3.23315e-07 4.66149e-07
-2.74858e-08 9.9672e-08
-6.9514e-07 -4.65708e-07
1.33396e-06 -1.70867e-07
-1.37274e-06 6.0463e-07
-1.24572e-07 -2.47146e-07
