1.26126e-06 6.22677e-07
3.92241e-07 -1.84791e-07
-2.55317e-07 -4.27313e-07
5.74897e-07 -6.5324e-07
5.40102e-07 4.5885e-07
4.28652e-07 -2.40099e-07
1.34979e-06 -6.57087e-07
5.72748e-07 -4.10003e-07
1.37428e-06 -3.30892e-07
-6.19572e-07 4.5721e-07
1.27807e-06 3.90995e-07
2.74927e-07 5.79919e-07
-5.24283e-07 -3.50309e-07
-3.63591e-07 2.0778e-07
-1.04176e-06 3.74117e-07
-9.6133e-07 2.43984e-07
-1.0051e-06 3.91036e-07
5.22805e-07 1.79109e-07
-8.01481e-08 -5.66466e-07
-7.09792e-08 -5.06366e-07
2.4786e-08 -3.12506e-07
5.01199e-09 3.4632e-07
-6.34511e-07 4.98197e-07
-1.74593e-07 -5.76986e-07
-1.00331e-06 -6.79599e-07
-6.76956e-07 3.49624e-08
6.99139e-07 1.88491e-07
3.55623e-07 -5.22361e-07
1.09062e-06 -6.65918e-07
5.9855e-07 -6.37309e-08
-8.81582e-07 5.65723e-07
-5.37325e-07 -3.46396e-08
7.22086e-07 -6.9687e-07
-7.4288e-07 1.33386e-07
-1.00953e-06 -1.53458e-08
5.39378e-07 -6.98691e-08
7.18848e-07 3.45138e-07
1.08735e-06 3.20086e-07
6.84765e-08 5.35674e-07
-1.31984e-06 -3.62914e-07
1.06052e-06 -4.88038e-07
8.37526e-07 -1.20788e-07
-1.94975e-07 -6.2228e-07
-9.89824e-08 8.195e-08
-9.34292e-07 2.22257e-07
2.32683e-07 -6.23202e-07
1.01598e-06 1.49847e-07
9.41755e-08 3.44806e-07
7.45442e-07 4.38408e-07
-1.32877e-06 3.77992e-07
-1.11904e-06 2.8854e-07
-1.01803e-07 -5.6437e-07
1.30942e-06 2.11322e-07
-6.50529e-07 -5.13954e-07
-2.31618e-07 4.07122e-08
7.88753e-07 4.46297e-07
9.80603e-07 -4.58409e-07
-1.07834e-06 5.27852e-07
-1.31705e-06 6.73274e-07
-6.71813e-07 -6.9517e-07
5.4577e-07 1.59954e-07
6.89962e-07 -4.81973e-07
-5.86437e-07 2.16675e-07
-1.86069e-07 -5.14893e-07
-1.06455e-06 6.49845e-07
1.36286e-06 -3.46677e-07
1.22164e-06 1.2442e-07
1.23707e-06 -6.51101e-07
1.19723e-06 6.19353e-07
-9.13452e-07 -6.97982e-07
8.84534e-09 -3.20798e-07
1.07828e-06 1.4654e-07
7.02811e-07 -6.33324e-08
-4.17674e-07 -5.51916e-07
5.97067e-07 2.74674e-07
4.08262e-07 -5.45811e-07
-1.01039e-06 -4.07838e-07
8.5123e-07 3.59532e-07
4.7801e-07 -3.2991e-07
6.30756e-07 -6.32417e-07
1.04432e-06 -1.57036e-07
-9.24457e-09 6.47574e-07
-6.86889e-07 -2.84394e-07
1.0946e-06 4.71621e-07
1.37683e-06 4.5761e-07
3.57206e-07 -7.66251e-08
-5.7266e-07 -3.0028e-07
-1.2651e-06 -6.60087e-07
1.17566e-06 -5.65402e-07
-8.85546e-08 1.23171e-07
-1.20865e-06 -1.78411e-07
-8.92468e-08 4.0023e-07
-3.03454e-07 2.47258e-07
-1.37669e-06 -5.68191e-07
3.31909e-07 -6.99465e-07
5.57408e-07 5.53103e-07
-7.04812e-07 2.19718e-07
-1.8179e-07 -3.38324e-07
9.51628e-07 -5.364e-07
-1.5759e-07 -1.59502e-07
1.14208e-06 -7.25069e-08
-8.07493e-07 2.79042e-07
1.1004e-06 4.26422e-07
-4.59191e-07 -2.86095e-07
-5.40006e-07 -4.53827e-08
1.33486e-06 3.00202e-07
1.34707e-06 -5.80611e-07
1.13668e-06 5.1766e-07
-9.48104e-07 -4.20541e-07
9.92369e-07 -4.4422e-07
9.07689e-07 -2.76266e-07
-1.10066e-06 -4.02613e-07
-6.27957e-07 5.8709e-07
6.15308e-07 2.50965e-07
-6.29865e-07 6.93533e-07
9.66369e-07 6.28721e-07
1.21029e-06 1.77886e-07
8.17027e-07 -3.3568e-07
-1.30205e-06 6.02064e-07
6.65254e-07 9.45795e-08
-4.51524e-07 -1.71097e-07
-1.05238e-07 2.64028e-08
1.10113e-06 3.50702e-07
5.51081e-07 -9.14669e-08
1.12308e-06 1.22247e-07
1.26574e-06 4.45829e-07
-1.29945e-07 3.5137e-07
1.23448e-06 -5.58449e-07
-1.42327e-07 3.18021e-07
-1.38387e-06 5.56535e-07
7.1486e-07 -5.16771e-07
-6.45812e-07 -5.65056e-07
1.21694e-06 -1.60717e-07
-7.89211e-07 -2.75309e-07
9.20308e-07 -4.73365e-07
1.11982e-06 3.2611e-07
1.19823e-06 5.94196e-07
2.06204e-07 -6.05689e-07
1.84831e-07 2.61167e-07
1.4492e-06 1.25038e-08
4.44386e-07 -1.4937e-07
1.19169e-06 -5.05794e-07
7.21577e-07 1.08407e-07
-4.87237e-07 2.0011e-07
1.04809e-06 -4.98698e-07
3.09447e-07 -3.15418e-07
3.13389e-08 3.3242e-07
4.00256e-07 -4.35426e-07
1.11014e-06 -6.41016e-08
1.60484e-07 3.60041e-07
3.77482e-07 -5.95254e-07
6.61172e-07 5.82218e-07
3.50154e-07 3.82815e-07
-1.05926e-06 -2.44644e-07
-1.10616e-06 -1.31457e-07
-2.74268e-07 4.26502e-07
3.33347e-09 6.28755e-07
-9.42184e-08 6.0841e-07
-5.62689e-07 -6.92103e-07
1.03804e-06 -6.10057e-07
6.78223e-07 -9.08165e-08
-4.70801e-07 -3.76614e-07
-1.11822e-06 -1.03327e-07
-1.18727e-07 -5.24623e-07
-1.22129e-06 2.80054e-07
4.58452e-07 3.60416e-07
-2.24884e-07 5.19877e-07
1.05693e-06 7.89513e-08
1.34381e-06 -3.25961e-07
7.35175e-07 -4.74886e-07
-1.18427e-06 -5.25939e-07
6.89122e-07 1.14205e-07
8.57479e-07 6.83659e-07
4.30341e-07 -1.72399e-07
5.20423e-07 -1.35275e-07
1.04913e-06 2.43006e-07
-1.05552e-06 -4.36245e-07
1.21514e-06 -3.63347e-07
-8.4807e-07 3.81897e-07
1.13045e-06 -2.37894e-07
6.65981e-09 3.81369e-07
9.4143e-08 -2.11474e-07
6.60199e-07 4.64269e-07
1.31683e-06 2.47851e-07
1.26732e-06 -4.32231e-08
3.95773e-07 4.02366e-07
-1.10089e-06 -4.31391e-07
-6.5795e-07 -1.33849e-07
1.20193e-06 6.1787e-07
1.42157e-06 1.2263e-07
-5.73982e-08 1.2562e-08
-1.34389e-06 -5.52341e-07
-6.6092e-07 2.70305e-07
-2.76187e-08 -1.55201e-07
-4.17147e-07 2.27612e-07
8.08515e-07 1.32102e-07
-7.89951e-07 6.85799e-08
-6.17498e-07 -3.47364e-07
-1.23061e-06 5.48359e-07
-6.70355e-07 -9.38025e-08
1.22079e-06 -6.91461e-07
1.60287e-07 5.93091e-07
-4.45709e-07 -1.68959e-07
-1.14612e-06 -6.08004e-07
-1.1565e-06 5.1972e-07
-1.32677e-06 -4.74547e-07
-6.42239e-07 -3.49526e-07
-8.60914e-07 -5.94243e-07
2.52722e-07 -1.74052e-07
-2.11116e-07 4.30336e-07
-6.58534e-07 4.83521e-07
-4.83599e-07 -6.28122e-07
1.24427e-06 6.85154e-07
4.85075e-07 1.34876e-07
-1.72825e-07 6.63133e-07
1.42564e-06 -4.25767e-07
2.5328e-07 -3.77406e-07
-8.99733e-07 -3.60663e-07
-9.33198e-07 2.95768e-07
1.4463e-06 1.42126e-07
1.05657e-06 -5.76774e-07
3.79722e-07 6.75095e-07
1.2315e-06 -2.89721e-07
-1.14154e-06 9.91326e-08
1.01416e-06 4.46709e-07
-1.35526e-06 -4.3304e-07
4.36811e-07 6.83479e-07
1.31992e-06 1.52767e-07
-6.36434e-07 4.69303e-07
1.12521e-06 5.962e-07
9.56704e-07 -5.39207e-07
-1.16599e-07 4.1437e-07
3.68046e-07 -8.36435e-08
-2.8019e-07 6.65514e-07
6.50147e-07 1.75573e-07
-2.83821e-07 -2.90771e-07
6.46071e-07 -4.96804e-08
-1.00064e-06 2.33851e-07
1.48683e-07 2.64299e-07
1.22193e-08 -2.08141e-07
-1.80932e-07 -2.90166e-07
-5.71474e-07 6.76508e-07
-1.43551e-06 -6.88742e-07
1.34519e-06 6.98281e-07
-4.30006e-07 -5.51993e-07
-1.43983e-06 2.50612e-07
-7.60742e-07 -4.13601e-07
7.08164e-07 2.39493e-07
1.00208e-06 -6.47241e-07
1.00921e-06 -2.9464e-07
-4.03906e-07 -5.56731e-07
-2.48824e-07 -3.38229e-07
6.29486e-08 -2.3546e-07
-2.31345e-07 3.05475e-07
2.67114e-07 6.73302e-07
3.52231e-07 -1.65419e-07
-2.87765e-07 -3.04374e-07
8.22491e-07 1.56259e-08
1.44857e-08 -6.33469e-07
-6.15816e-07 3.48622e-07
-1.02104e-06 6.19529e-07
9.26949e-07 -6.06353e-07
2.06409e-07 -3.12192e-07
2.65525e-07 -3.86866e-07
1.66054e-08 -5.57265e-07
2.5585e-07 -5.48731e-07
4.11462e-07 -3.97745e-07
-1.83663e-07 2.04313e-07
-2.24487e-07 -2.08368e-07
-1.03959e-07 -1.38068e-07
7.08226e-07 -2.89139e-07
-1.04336e-06 -2.10718e-07
8.99413e-07 -5.43511e-07
1.07282e-07 3.8947e-07
-4.49823e-07 -1.49055e-07
5.43092e-07 6.02286e-07
3.89308e-07 3.53606e-07
-4.30937e-07 9.49392e-08
-6.68507e-08 4.11931e-07
-3.738e-07 -4.98298e-07
1.08282e-06 -2.66046e-07
-6.66715e-08 -6.13315e-07
-1.14128e-06 -6.4936e-07
-4.99152e-07 -6.79893e-07
-1.18436e-06 1.40787e-08
1.4367e-06 2.12926e-07
-4.11155e-07 -1.28745e-07
-2.43534e-07 9.63874e-09
1.43236e-06 -2.90337e-07
-8.38966e-07 -6.98157e-07
9.98423e-07 -6.04669e-07
-7.93802e-07 3.27604e-07
2.46028e-07 1.20289e-07
1.4499e-06 9.42804e-08
1.43409e-06 -5.13581e-07
2.51863e-07 5.57515e-07
1.09756e-06 -2.27834e-07
-2.32815e-07 1.93695e-07
5.6452e-07 -1.73281e-07
-3.46135e-07 -2.92403e-07
6.7365e-07 1.97789e-07
1.02284e-06 4.91884e-07
-7.20231e-07 6.34818e-08
-1.44019e-06 -3.52908e-07
-1.11818e-07 1.41301e-07
9.03987e-07 -2.69758e-07
-1.48281e-08 2.79112e-07
1.44083e-06 -2.49788e-07
1.25798e-06 -5.27158e-07
-8.93191e-07 -3.63928e-07
4.17895e-07 3.82701e-07
1.08388e-06 2.78566e-07
-1.35041e-06 6.31194e-07
9.08565e-07 -6.23785e-08
-7.91051e-07 2.08519e-07
1.12665e-06 3.58644e-07
-1.20704e-06 1.88722e-07
-3.24852e-07 5.60917e-07
1.41026e-06 -5.99497e-09
-1.04474e-06 4.74318e-07
2.57245e-07 5.48591e-07
-2.01927e-07 6.53938e-08
-1.11317e-06 2.55432e-07
-1.24977e-06 -2.07526e-07
1.41013e-06 -3.87816e-07
4.66837e-07 -1.7291e-07
-8.22279e-07 -4.83856e-07
1.15886e-06 3.28479e-07
3.20885e-07 6.68213e-07
1.42397e-06 4.74948e-08
-1.3935e-06 -5.70312e-07
7.92913e-07 -3.49141e-07
-1.22832e-06 1.02183e-07
-5.34826e-07 2.1634e-08
5.246e-07 6.18406e-07
1.40434e-06 -2.33679e-07
1.39879e-06 -5.52534e-07
8.52034e-07 3.50089e-07
-9.83785e-07 6.85421e-07
-3.46349e-07 6.21533e-08
9.21074e-07 1.03995e-07
3.44588e-07 -4.09829e-07
-6.15493e-07 -2.6563e-07
-6.21207e-07 -5.5255e-08
1.21272e-06 -6.08912e-07
4.19516e-07 -4.15933e-07
-7.73686e-07 1.76767e-07
1.18263e-07 -6.08016e-07
8.14901e-07 -7.80225e-08
1.19803e-06 4.46808e-07
-2.8479e-07 -6.13523e-07
-1.38981e-06 -1.03695e-07
1.0781e-06 5.94256e-07
1.00058e-06 1.69572e-07
1.06266e-06 -1.6804e-07
-1.0024e-06 4.08415e-07
-3.43032e-07 -2.33903e-07
1.56347e-07 -3.41752e-07
5.64498e-07 -2.86524e-07
-5.09186e-07 1.29046e-07
-1.15711e-06 1.17241e-07
1.20148e-06 4.71555e-07
-8.52218e-07 -4.2861e-07
-7.5827e-07 5.08288e-07
9.32479e-08 1.29502e-07
6.60357e-07 3.08117e-07
5.12124e-07 -2.21341e-07
1.24878e-06 -5.82541e-08
8.68867e-07 -5.47772e-07
8.53068e-07 1.97915e-08
-1.15664e-06 3.10692e-07
-6.03306e-07 6.70236e-07
-1.14648e-06 -2.27935e-07
6.42457e-07 -2.5706e-07
-9.8959e-07 -1.71853e-07
-2.44974e-07 -3.74415e-07
1.35745e-06 4.75581e-07
7.48031e-07 5.86721e-07
-8.41254e-08 -1.63552e-07
-5.62412e-07 2.87732e-07
-4.39347e-07 -6.02361e-07
-1.67064e-07 3.33924e-07
-6.54598e-07 3.66604e-07
-8.72431e-08 5.80046e-07
1.44048e-06 -6.18548e-08
7.3086e-07 1.98669e-07
6.13648e-07 4.9547e-07
-1.11279e-06 -3.65107e-07
1.10823e-06 -4.51167e-07
1.14463e-06 -3.77831e-07
1.92067e-07 4.79714e-07
-8.30724e-07 3.19796e-08
-1.44938e-06 -5.98273e-07
1.22602e-06 5.01567e-07
-1.18907e-07 4.40427e-07
-1.19834e-06 -3.62357e-07
4.33547e-07 -6.86436e-07
1.44066e-06 -5.96737e-07
-1.26047e-06 -1.38106e-07
1.10618e-06 6.51123e-07
-4.32999e-07 -3.16353e-08
-1.12099e-08 2.88579e-07
4.26712e-07 -2.54369e-08
2.63145e-07 -5.62085e-07
1.18781e-06 4.90522e-07
-5.42215e-07 -6.90314e-08
7.46433e-07 6.91655e-07
-9.16942e-07 6.64645e-07
6.64531e-07 4.96043e-07
1.13701e-06 4.16432e-07
-1.00408e-06 -2.95177e-08
5.49644e-07 2.45763e-07
1.0314e-06 -4.39305e-07
-4.06783e-07 -6.89115e-07
4.77844e-07 3.39953e-07
-3.48972e-07 -1.44273e-07
-2.14786e-07 6.87295e-07
1.37185e-06 4.68071e-07
-8.37375e-07 4.7538e-07
-1.40902e-06 3.64991e-07
-1.24833e-06 -6.24489e-07
-4.29617e-07 1.66519e-08
1.14569e-06 3.34289e-07
1.34649e-06 -6.55024e-07
-1.37054e-06 5.99836e-07
9.81694e-08 -9.49822e-08
1.19127e-06 5.04763e-07
1.26235e-06 -5.59894e-08
-3.0156e-07 -2.99926e-07
-4.48228e-07 -3.68864e-07
-2.76737e-07 3.26678e-07
-6.63796e-07 -6.83024e-07
3.54134e-09 -9.61633e-10
-3.37944e-07 -2.81727e-07
1.1396e-06 -5.24166e-07
-1.16849e-06 6.80962e-07
-8.77475e-07 -1.94737e-07
-8.43364e-07 2.78389e-07
8.61235e-07 5.67816e-07
-1.14179e-06 -3.51253e-07
-5.09616e-07 5.66384e-07
4.41077e-07 -5.82112e-08
2.48431e-07 -5.13203e-07
9.40658e-07 1.21611e-07
1.12152e-06 -5.57084e-07
1.03837e-06 4.44714e-07
-1.38972e-06 -6.60988e-07
7.02566e-07 -6.4768e-07
9.5431e-07 -3.63086e-07
-3.28434e-07 6.92193e-07
3.80909e-07 -6.29334e-07
7.85671e-07 -4.77512e-08
-1.09003e-06 -9.94724e-08
4.43392e-07 -2.69737e-07
-7.92465e-07 -3.75626e-07
1.33514e-06 -3.67019e-07
-1.39254e-06 1.24755e-07
1.23525e-06 -5.66775e-07
7.16509e-07 6.72301e-07
-1.28342e-06 1.77893e-07
-3.68734e-07 -2.17869e-07
1.04785e-06 3.60295e-07
3.64224e-07 1.12074e-08
-1.32745e-06 3.67738e-07
-7.90825e-07 -2.82442e-07
6.58909e-07 -4.82124e-07
-1.10589e-06 5.37236e-07
1.02191e-06 -1.67797e-07
9.95922e-07 -3.37824e-07
-9.94531e-07 4.23098e-07
9.97004e-07 -2.39184e-07
6.29378e-07 -2.89317e-07
-1.02565e-06 5.14184e-07
6.84516e-07 -1.70096e-07
7.66635e-08 2.36761e-07
2.88345e-07 -2.28996e-07
-8.36962e-07 2.96315e-07
3.92731e-08 -6.51914e-07
-1.16358e-06 4.55572e-07
-8.51871e-07 -3.22035e-07
-1.09573e-06 -8.15582e-08
7.56956e-07 5.48052e-07
-1.38786e-06 -6.67212e-07
-6.16819e-07 3.35273e-07
-1.4206e-06 -1.31307e-07
-9.15238e-07 -1.84104e-07
2.49073e-07 2.99205e-07
-6.67344e-07 6.30796e-07
6.65403e-07 -5.92976e-07
7.43985e-07 3.86221e-07
1.26743e-06 -2.20961e-07
1.32446e-06 1.37298e-07
-1.354e-06 5.08221e-07
-6.02671e-08 -5.53037e-07
1.33932e-07 1.25727e-07
-1.39886e-06 -4.59266e-07
1.43796e-06 6.34201e-07
4.68062e-07 -5.11517e-07
1.69739e-07 -3.84837e-08
8.15599e-08 3.69317e-07
