8.52127e-07 6.92126e-08
-3.87609e-07 -6.58799e-07
-5.55306e-07 -3.60337e-07
-8.67995e-07 2.19832e-07
3.67722e-07 -6.14175e-08
-5.89291e-07 -2.59868e-07
3.30788e-07 4.15461e-07
-3.43588e-07 -4.60697e-07
-3.81138e-07 4.37287e-07
3.12181e-07 5.70744e-08
1.23883e-06 -6.2064e-07
2.80543e-07 1.11719e-07
1.43347e-06 -7.73049e-08
9.85225e-07 -6.64357e-07
-2.58311e-08 -1.96254e-07
1.01032e-06 -3.08914e-07
-3.72661e-07 2.79194e-07
-1.11823e-06 -4.11501e-07
3.85826e-07 -6.27488e-07
6.64713e-07 -2.12585e-07
8.2719e-07 5.00533e-07
-1.24833e-06 -2.96145e-07
-8.24721e-07 -3.91986e-08
4.5651e-07 -6.72208e-07
9.35096e-07 -5.88804e-07
-5.05525e-07 -6.87772e-07
-5.83816e-07 1.74092e-07
-1.39784e-06 -9.89655e-08
-1.36936e-07 6.76377e-07
7.20238e-07 4.38668e-07
7.22318e-07 1.25496e-07
-8.2174e-07 4.43458e-07
1.40681e-06 7.90664e-08
2.04144e-07 -1.04484e-07
8.60965e-07 6.29333e-07
1.36012e-06 3.49058e-07
-6.04497e-07 3.87477e-07
-8.14096e-07 2.59041e-07
6.83094e-07 3.24486e-07
-4.05994e-07 3.20144e-07
1.92672e-07 6.47962e-07
2.85829e-07 -6.16089e-08
-8.72181e-07 1.19907e-07
8.58423e-07 -6.57841e-07
-9.74709e-07 1.6244e-07
-1.08973e-06 -4.93456e-07
3.56392e-07 6.42596e-07
-6.36959e-07 4.5809e-07
3.49443e-07 6.912e-07
-1.27119e-06 -4.43726e-07
1.05336e-06 -9.35944e-08
4.84083e-07 6.06846e-07
6.50742e-08 -1.76542e-07
-8.31369e-07 -3.10776e-07
6.74602e-07 4.08905e-07
7.0556e-07 -1.91179e-07
-7.74033e-07 -4.56532e-07
-8.96817e-07 1.82312e-07
1.35448e-06 -5.55707e-07
1.42285e-07 2.19559e-07
1.26806e-06 2.2561e-07
1.32104e-06 -4.17867e-08
-1.07984e-06 6.34583e-07
1.03225e-06 -4.51013e-07
-5.08671e-07 7.2519e-08
4.21563e-08 -8.23959e-08
6.44273e-07 -5.86443e-07
9.89783e-08 -2.38868e-07
-3.51085e-07 2.18883e-07
7.07791e-07 -3.07127e-07
9.97946e-07 -5.39826e-08
1.27185e-06 -5.23168e-07
1.41747e-06 -6.80172e-07
-6.17309e-07 6.511e-07
-1.11042e-06 6.78591e-07
9.2303e-07 -2.13749e-07
1.17324e-06 1.38067e-07
2.17747e-07 6.09889e-08
-8.15045e-07 4.13539e-07
1.29013e-06 -7.94557e-08
1.07867e-06 5.59912e-07
-1.43433e-06 5.45711e-07
-5.23231e-07 3.67383e-07
-1.17388e-06 -2.13814e-07
7.22728e-07 -6.56238e-07
5.12586e-07 3.43037e-08
-6.93323e-08 1.78245e-07
-1.41867e-06 2.68715e-09
-6.07532e-07 5.97793e-07
6.78701e-07 -3.0157e-08
-7.79914e-07 5.20235e-07
-2.31598e-07 5.37882e-07
-1.31656e-06 2.52996e-07
-7.77713e-07 1.3641e-07
-9.69026e-07 5.82444e-07
-8.16437e-07 -6.188e-07
9.14685e-08 -6.9752e-07
-1.08536e-06 -4.01503e-07
-9.91847e-07 -1.27875e-07
9.78576e-07 1.70226e-07
1.3199e-06 4.36081e-07
7.87334e-07 -2.66898e-07
2.00064e-07 2.95216e-07
3.43386e-07 3.45947e-07
9.26783e-07 5.54864e-07
7.74189e-07 2.10629e-07
5.58509e-07 -6.32785e-07
1.20882e-06 1.21341e-07
-1.19149e-06 -1.58878e-07
4.50042e-07 4.34816e-07
1.41455e-06 3.25035e-07
-1.0812e-06 6.60971e-08
-6.84821e-07 6.25853e-07
-6.0529e-07 -5.45197e-08
1.3601e-06 2.12558e-07
1.24206e-06 -3.70161e-07
-1.05329e-06 2.62204e-07
2.78806e-07 -6.84892e-07
-1.59625e-07 2.36037e-07
3.20635e-07 -3.16889e-07
-9.33554e-07 3.63784e-07
3.10513e-07 3.0837e-07
-1.07084e-06 4.31084e-07
8.3197e-07 -2.5647e-07
8.37061e-07 9.80959e-08
-1.18887e-06 3.50733e-08
-8.11392e-07 -5.16501e-07
-8.32338e-07 -3.56681e-07
5.34456e-09 -6.5823e-09
-7.53556e-07 5.24247e-07
1.40226e-07 -1.84949e-07
2.10699e-07 1.30785e-07
5.93893e-07 -2.63107e-07
-1.32003e-06 -1.28024e-07
5.85622e-07 -4.8973e-07
1.27277e-06 1.20486e-07
9.25587e-07 4.53159e-07
1.21317e-06 -2.16212e-08
-5.78636e-07 6.4635e-07
9.99546e-07 2.08757e-07
-1.15729e-06 4.74007e-07
9.77898e-07 -2.9147e-07
-1.10349e-06 1.63648e-07
2.27784e-07 -6.92675e-07
-6.37772e-07 4.73475e-07
-1.39038e-07 1.12878e-07
-1.36441e-06 -4.21085e-08
5.66999e-07 -2.90238e-07
1.00746e-06 -8.39533e-09
-6.33031e-07 5.1604e-07
-4.83919e-07 1.34934e-07
-1.07999e-06 -2.06138e-07
5.0011e-07 -5.07942e-09
9.45058e-07 -2.83395e-07
-8.8504e-07 -2.05552e-07
2.42852e-07 -5.0769e-07
-4.95695e-07 3.38816e-07
-2.64802e-07 -2.90512e-07
1.09217e-06 2.65454e-07
2.68861e-07 -6.78712e-07
2.61995e-07 6.38683e-07
6.01281e-07 4.64564e-07
-6.08486e-07 -2.39193e-07
-8.345e-07 4.99106e-07
4.59591e-07 1.42634e-07
5.92463e-07 -1.75514e-07
-1.70972e-07 4.64318e-07
-1.14536e-06 1.57268e-07
5.94224e-07 -2.27742e-08
1.31901e-06 -4.00148e-07
-4.80498e-07 3.33436e-07
1.0935e-06 4.77144e-07
-1.77118e-07 -1.01605e-07
-6.20522e-07 -3.25509e-07
-4.69654e-07 -5.60517e-08
4.59006e-07 1.16378e-08
-3.30723e-07 4.04761e-07
-2.04459e-08 1.33731e-07
-1.75272e-07 5.97946e-07
-9.29273e-07 4.00891e-08
-8.08895e-07 -6.54477e-07
-5.59541e-08 2.11651e-07
-5.76423e-07 1.0903e-07
2.58855e-07 -5.14463e-07
-6.91256e-07 -4.22774e-07
9.44239e-07 -1.89055e-07
5.51297e-07 -3.48254e-07
-1.50939e-07 -1.83142e-07
2.03378e-07 3.51795e-08
-7.30354e-07 -6.56169e-07
-8.6706e-08 -3.86398e-07
9.3075e-07 1.86962e-07
-8.00622e-07 -1.88496e-07
-2.88566e-07 2.61994e-07
1.2208e-07 -4.15235e-07
4.96165e-07 3.86357e-07
-8.67154e-07 3.39875e-07
-5.51588e-07 -5.19047e-07
9.43527e-07 -6.97037e-07
-5.20172e-07 2.13157e-07
7.43603e-07 3.62276e-07
-7.25874e-07 4.26886e-07
-5.8953e-07 -2.63605e-07
1.06671e-06 1.49389e-07
5.4706e-07 -2.2648e-07
-1.04825e-06 -5.96435e-07
3.81987e-07 3.92709e-07
5.83917e-07 6.5113e-07
-9.04188e-07 4.92136e-07
9.5771e-07 -7.48739e-08
1.08596e-06 -3.80976e-07
-5.81902e-07 1.28546e-07
-1.26379e-07 4.92821e-07
-7.02311e-07 4.1712e-07
2.09228e-07 -6.23298e-07
1.33667e-06 3.92501e-07
1.03542e-06 5.2924e-07
-8.17248e-07 3.6698e-07
-7.03749e-07 4.99668e-08
1.09966e-07 6.3286e-08
-2.82396e-07 6.42396e-07
-7.85546e-07 -2.98462e-07
6.35219e-08 -4.83577e-07
-8.48892e-07 -2.33746e-07
-1.00067e-06 -2.30029e-07
-1.39048e-06 3.12935e-08
-1.06806e-06 4.73457e-07
9.03074e-07 5.16712e-07
-8.27272e-07 5.52859e-07
-1.44904e-06 2.09671e-07
-8.45626e-07 5.5801e-07
-9.02646e-07 2.4707e-07
-8.28921e-07 4.59322e-07
8.56374e-07 5.14257e-07
7.27507e-07 2.16448e-07
-3.38236e-07 1.93438e-07
-9.51237e-07 -3.72015e-07
-1.25943e-07 -3.29321e-07
-5.65697e-07 -1.00913e-07
1.05146e-06 3.5773e-08
1.14476e-06 5.00633e-07
-1.33214e-06 -6.70625e-07
-2.7274e-07 3.58036e-07
-4.17027e-07 -1.25269e-07
5.84982e-07 -8.63053e-08
1.43732e-06 3.18172e-07
1.16671e-06 1.82074e-07
-1.04798e-06 6.74252e-07
2.33797e-07 2.84777e-08
1.05644e-07 1.82048e-07
-2.75434e-07 -6.52446e-07
-5.60496e-07 -5.14568e-07
-6.39434e-07 2.60231e-07
1.00129e-06 -1.31514e-07
3.82322e-07 7.66846e-08
-1.15853e-06 6.23021e-07
-9.82219e-07 -6.1403e-07
-4.31504e-07 -6.54886e-07
-1.36179e-06 3.5107e-07
6.35879e-08 -2.38964e-07
1.3628e-06 1.77957e-07
7.30289e-07 1.92257e-07
-4.37842e-07 4.60797e-07
-4.79203e-08 -4.44132e-08
-1.04684e-06 5.35676e-07
-1.02741e-06 -3.97425e-07
-5.3954e-07 -5.70897e-07
3.80562e-07 -1.32909e-07
-6.20794e-07 8.70961e-08
1.30568e-06 -1.35508e-07
5.26183e-07 -6.65902e-07
7.45806e-09 3.14182e-07
3.25202e-07 -4.10608e-07
1.25447e-06 -5.26778e-07
4.56849e-07 -2.63939e-07
-1.37133e-06 -3.3871e-07
-5.8089e-07 -6.62128e-07
-1.44891e-06 -6.35826e-07
1.07742e-06 -2.15052e-07
6.71429e-08 -3.42329e-07
-8.29416e-07 -1.61718e-07
8.76563e-07 5.5299e-07
1.97067e-07 -6.75524e-07
8.93487e-07 2.11016e-07
-7.38725e-07 -2.80133e-08
-2.0102e-07 3.88248e-07
7.48367e-07 -4.03189e-07
-3.61646e-07 5.3626e-07
2.62956e-07 8.77336e-08
9.91452e-07 -4.07896e-07
-6.48647e-07 -3.52379e-07
-1.07959e-06 -2.14236e-07
7.45916e-07 -4.75991e-07
-3.50617e-07 -4.68496e-07
-1.34774e-06 -2.0482e-07
-5.03966e-07 -5.25109e-07
-1.16526e-06 -4.45175e-07
-9.64751e-07 -4.5758e-07
2.65572e-07 4.02242e-07
8.69224e-07 -4.04747e-07
8.40493e-07 -2.91279e-07
-1.24787e-06 2.35457e-08
-6.23387e-08 3.99325e-07
-6.66999e-07 -1.47575e-07
-1.10257e-07 -3.08672e-07
1.11736e-06 -6.978e-07
7.0937e-07 6.85477e-07
-5.12695e-07 -2.28346e-07
-1.37715e-07 5.60647e-07
1.63513e-07 1.54453e-07
6.88154e-07 5.8803e-07
1.23057e-08 -2.49799e-07
1.53894e-07 -5.00192e-07
-5.5961e-07 8.21409e-08
-1.04525e-06 3.73689e-07
1.40238e-06 -3.73019e-07
2.93766e-07 6.83113e-07
9.86911e-07 1.26633e-07
9.78046e-07 6.11199e-07
-3.11936e-08 4.05634e-07
-1.19352e-06 3.98049e-07
-3.36276e-07 -1.26805e-07
-1.43803e-06 -6.01364e-07
-5.57255e-07 3.95228e-08
-2.47451e-07 3.02021e-07
-2.5805e-07 -6.0728e-07
1.30017e-08 -1.07198e-07
1.317e-06 5.68764e-07
1.42365e-06 -1.44201e-07
-7.84328e-07 -6.29229e-07
-9.63778e-07 6.73333e-07
-6.02041e-07 5.96887e-07
6.29813e-08 -6.98595e-07
-1.17501e-06 -5.29248e-07
9.00737e-08 6.52041e-07
-6.3567e-07 5.08595e-07
3.41914e-07 1.55886e-07
-6.5594e-07 3.67226e-07
1.46197e-08 5.11934e-07
9.07915e-07 1.52109e-07
5.4144e-07 -4.92147e-08
-8.39276e-07 3.31915e-07
1.30858e-06 6.75528e-07
6.51977e-07 -6.68338e-07
1.17736e-07 1.30321e-07
1.25915e-06 2.05069e-07
-7.60189e-07 -3.48807e-07
-6.69661e-07 4.47382e-07
2.65842e-07 6.83431e-07
8.14797e-07 2.07071e-07
1.44954e-06 -6.51902e-07
-8.2284e-07 2.96504e-07
1.23552e-06 -3.45054e-07
-7.52407e-08 -6.62702e-07
-1.25026e-06 -2.23913e-07
2.95016e-07 6.52438e-07
-1.07879e-06 -4.80178e-07
5.7513e-07 3.51481e-08
7.65113e-07 3.23286e-07
7.50741e-07 -4.42397e-07
-3.39105e-07 -4.68804e-07
-6.46243e-07 1.245e-07
6.07289e-07 -1.31036e-07
-1.44165e-06 1.23775e-07
7.88183e-07 3.83823e-07
-1.27522e-06 6.92685e-07
-8.79177e-07 -6.13691e-07
-1.02544e-06 2.84878e-07
1.03743e-06 2.5414e-08
1.4073e-07 -5.34113e-07
4.80975e-07 2.09062e-07
7.62612e-07 3.91865e-07
8.42932e-07 6.16578e-07
-6.14499e-07 -5.73101e-07
-9.11143e-07 2.77542e-07
-1.19935e-06 -1.04275e-07
-9.60398e-08 3.39364e-07
1.04181e-06 2.14794e-08
-1.02837e-06 -6.57437e-07
1.35079e-06 5.17201e-07
1.32193e-07 -6.49891e-07
2.07935e-08 2.96826e-07
8.25853e-08 -3.62586e-07
1.38887e-06 -3.5522e-07
-5.98563e-07 6.46576e-07
-1.90246e-07 -5.97189e-08
6.32197e-07 -2.06169e-07
-1.23171e-07 5.37402e-07
8.13859e-07 -4.778e-07
1.24921e-07 1.99814e-08
-1.12955e-06 -4.83803e-07
9.85297e-07 1.91627e-07
-1.75867e-07 -6.37018e-07
6.47718e-07 -3.2002e-07
1.02342e-06 -2.71081e-07
9.23397e-07 -6.96092e-07
1.06002e-06 3.19961e-07
-1.79289e-07 4.51676e-07
-6.53059e-07 -2.77892e-08
-6.97419e-07 1.00157e-07
-8.8458e-07 -6.61927e-07
-9.41434e-07 -2.28426e-07
-1.40646e-06 2.04875e-07
-9.38039e-08 -5.05003e-07
-1.0274e-06 5.99079e-07
-1.03241e-06 3.24297e-07
4.6941e-07 5.1309e-07
1.18601e-07 -1.83599e-07
1.18754e-06 5.8464e-07
-1.1818e-07 -6.5795e-07
-6.55103e-07 -3.69699e-07
8.68531e-09 -5.50102e-07
1.07345e-07 5.71405e-07
-2.43634e-07 -3.74978e-07
1.66865e-07 -6.72958e-07
-8.53289e-07 -5.57001e-07
9.02167e-08 -3.03891e-07
-2.76188e-07 6.83459e-07
1.31556e-06 -6.29001e-07
-9.28061e-08 -5.29971e-07
-1.64834e-07 4.72589e-07
-2.59656e-07 -2.20565e-07
6.85591e-07 2.60923e-07
-1.05078e-06 -6.65747e-07
-3.71015e-07 3.25572e-07
-5.5297e-07 -3.80598e-07
5.18458e-07 -3.76771e-07
1.40911e-06 4.84071e-07
-1.41661e-06 -5.31293e-07
2.40378e-07 -4.9248e-07
4.79335e-07 -3.29117e-07
-1.43109e-06 1.83466e-07
-1.38433e-06 -1.70199e-08
-1.19382e-06 -3.82793e-07
-5.00514e-07 6.73884e-07
-4.78982e-07 -2.87315e-07
1.0752e-07 3.32724e-07
1.50715e-07 2.37968e-07
1.22149e-06 3.63927e-07
-4.63124e-07 -3.09725e-07
2.84293e-07 4.17803e-07
-1.01242e-06 -1.04136e-07
-9.68032e-09 -5.01008e-07
-9.51085e-07 -4.88324e-08
-1.20357e-06 -4.61604e-08
-1.06286e-06 -1.0885e-08
-1.36526e-06 -3.22001e-08
6.85683e-07 2.50167e-07
1.40096e-06 -6.84377e-07
-7.12101e-07 -6.32684e-07
6.32705e-07 -9.22013e-08
1.59078e-07 2.03198e-07
-1.2054e-06 1.40521e-07
8.92399e-07 6.56434e-07
5.1331e-07 -6.3363e-07
-4.84283e-07 6.47699e-07
4.46304e-07 2.11371e-07
-1.203e-06 2.19354e-07
8.59082e-07 3.14229e-07
-1.56749e-07 -6.44765e-08
-1.36093e-06 3.94035e-07
-1.10749e-06 -2.43712e-07
3.38108e-07 3.26379e-07
6.73943e-07 6.00251e-07
-6.32513e-07 -5.51725e-07
-1.18332e-06 4.50993e-08
-1.63364e-07 -3.05979e-07
-8.68148e-07 -6.0466e-07
-2.33003e-07 8.41357e-08
9.8147e-07 3.31358e-08
5.85685e-07 1.86013e-07
4.15183e-07 -1.76625e-07
1.07667e-06 1.93424e-07
-3.66859e-07 6.17878e-07
-1.33136e-06 1.18805e-07
-1.37181e-06 2.60261e-07
9.05171e-07 -6.02813e-07
4.68042e-07 -5.70093e-07
1.12864e-06 2.74954e-07
-3.28702e-07 -1.24439e-07
2.34578e-07 6.65141e-07
-6.61277e-07 -6.56475e-07
2.56512e-07 -1.54105e-07
-8.26742e-07 1.79771e-07
-4.06703e-07 6.00134e-07
1.26564e-06 1.87761e-07
-6.92379e-07 5.53825e-07
5.69189e-07 -5.91303e-07
-9.59114e-07 4.75789e-07
-8.27238e-07 2.29171e-07
-1.0322e-06 3.65941e-07
4.40018e-07 -6.54453e-07
-4.26356e-07 -3.46462e-07
7.23912e-08 4.30482e-07
4.09443e-07 -6.45923e-07
6.28851e-07 -1.26799e-07
-7.75304e-07 -4.01729e-07
-6.96903e-07 2.44102e-07
-1.34144e-06 -4.51923e-07
3.28245e-07 6.26858e-08
