

lambda(m), Y
4e-07, 0.453359
4.01e-07, 0.455573
4.02e-07, 0.457735
4.03e-07, 0.461154
4.04e-07, 0.462194
4.05e-07, 0.466395
4.06e-07, 0.466991
4.07e-07, 0.470704
4.08e-07, 0.472007
4.09e-07, 0.47368
4.1e-07, 0.475849
4.11e-07, 0.474589
4.12e-07, 0.471458
4.13e-07, 0.460885
4.14e-07, 0.461586
4.15e-07, 0.45934
4.16e-07, 0.439172
4.17e-07, 0.425964
4.18e-07, 0.425836
4.19e-07, 0.429445
4.2e-07, 0.428819
4.21e-07, 0.430034
4.22e-07, 0.432419
4.23e-07, 0.431936
4.24e-07, 0.435038
4.25e-07, 0.435212
4.26e-07, 0.435841
4.27e-07, 0.438556
4.28e-07, 0.435194
4.29e-07, 0.432159
4.3e-07, 0.431548
4.31e-07, 0.434478
4.32e-07, 0.438628
4.33e-07, 0.439318
4.34e-07, 0.443266
4.35e-07, 0.446215
4.36e-07, 0.447358
4.37e-07, 0.452205
4.38e-07, 0.453553
4.39e-07, 0.455822
4.4e-07, 0.460585
4.41e-07, 0.460649
4.42e-07, 0.464132
4.43e-07, 0.467831
4.44e-07, 0.466375
4.45e-07, 0.470185
4.46e-07, 0.470635
4.47e-07, 0.458879
4.48e-07, 0.449527
4.49e-07, 0.449024
4.5e-07, 0.453186
4.51e-07, 0.457787
4.52e-07, 0.459257
4.53e-07, 0.462451
4.54e-07, 0.46765
4.55e-07, 0.469388
4.56e-07, 0.472524
4.57e-07, 0.477648
4.58e-07, 0.47917
4.59e-07, 0.482121
4.6e-07, 0.487313
4.61e-07, 0.488461
4.62e-07, 0.490348
4.63e-07, 0.495281
4.64e-07, 0.495623
4.65e-07, 0.494375
4.66e-07, 0.497602
4.67e-07, 0.494897
4.68e-07, 0.476903
4.69e-07, 0.454759
4.7e-07, 0.44455
4.71e-07, 0.447113
4.72e-07, 0.451291
4.73e-07, 0.44619
4.74e-07, 0.428342
4.75e-07, 0.407501
4.76e-07, 0.400096
4.77e-07, 0.406496
4.78e-07, 0.410777
4.79e-07, 0.40917
4.8e-07, 0.411392
4.81e-07, 0.416035
4.82e-07, 0.416275
4.83e-07, 0.417045
4.84e-07, 0.421244
4.85e-07, 0.422145
4.86e-07, 0.421182
4.87e-07, 0.424734
4.88e-07, 0.427338
4.89e-07, 0.424594
4.9e-07, 0.424762
4.91e-07, 0.42845
4.92e-07, 0.423393
4.93e-07, 0.408862
4.94e-07, 0.397281
4.95e-07, 0.392477
4.96e-07, 0.390518
4.97e-07, 0.391677
4.98e-07, 0.392127
4.99e-07, 0.380108
5e-07, 0.355401
5.01e-07, 0.335369
5.02e-07, 0.331681
5.03e-07, 0.336941
5.04e-07, 0.339989
5.05e-07, 0.340055
5.06e-07, 0.34135
5.07e-07, 0.344441
5.08e-07, 0.347229
5.09e-07, 0.348919
5.1e-07, 0.350371
5.11e-07, 0.352408
5.12e-07, 0.354747
5.13e-07, 0.356601
5.14e-07, 0.358144
5.15e-07, 0.360252
5.16e-07, 0.36267
5.17e-07, 0.364299
5.18e-07, 0.365463
5.19e-07, 0.367484
5.2e-07, 0.369874
5.21e-07, 0.370955
5.22e-07, 0.371334
5.23e-07, 0.373088
5.24e-07, 0.375286
5.25e-07, 0.374954
5.26e-07, 0.373075
5.27e-07, 0.373552
5.28e-07, 0.374177
5.29e-07, 0.365884
5.3e-07, 0.34603
5.31e-07, 0.32614
5.32e-07, 0.319316
5.33e-07, 0.324207
5.34e-07, 0.329126
5.35e-07, 0.328861
5.36e-07, 0.328537
5.37e-07, 0.331972
5.38e-07, 0.335755
5.39e-07, 0.336741
5.4e-07, 0.337402
5.41e-07, 0.340223
5.42e-07, 0.342965
5.43e-07, 0.343434
5.44e-07, 0.34397
5.45e-07, 0.346984
5.46e-07, 0.350128
5.47e-07, 0.350441
5.48e-07, 0.349974
5.49e-07, 0.352279
5.5e-07, 0.35569
5.51e-07, 0.355716
5.52e-07, 0.35302
5.53e-07, 0.352878
5.54e-07, 0.35571
5.55e-07, 0.353903
5.56e-07, 0.341427
5.57e-07, 0.32303
5.58e-07, 0.309823
5.59e-07, 0.307321
5.6e-07, 0.311388
5.61e-07, 0.315263
5.62e-07, 0.316788
5.63e-07, 0.317894
5.64e-07, 0.320136
5.65e-07, 0.323091
5.66e-07, 0.325912
5.67e-07, 0.328351
5.68e-07, 0.330353
5.69e-07, 0.331953
5.7e-07, 0.333672
5.71e-07, 0.336091
5.72e-07, 0.338904
5.73e-07, 0.341194
5.74e-07, 0.342816
5.75e-07, 0.344701
5.76e-07, 0.347429
5.77e-07, 0.350242
5.78e-07, 0.35213
5.79e-07, 0.353416
5.8e-07, 0.355348
5.81e-07, 0.358228
5.82e-07, 0.360876
5.83e-07, 0.36233
5.84e-07, 0.363312
5.85e-07, 0.365267
5.86e-07, 0.368255
5.87e-07, 0.370739
5.88e-07, 0.371684
5.89e-07, 0.372094
5.9e-07, 0.373753
5.91e-07, 0.376722
5.92e-07, 0.378976
5.93e-07, 0.378903
5.94e-07, 0.377594
5.95e-07, 0.377753
5.96e-07, 0.380049
5.97e-07, 0.381079
5.98e-07, 0.375795
5.99e-07, 0.362477
6e-07, 0.345328
6.01e-07, 0.3318
6.02e-07, 0.326863
6.03e-07, 0.329468
6.04e-07, 0.334273
6.05e-07, 0.336701
6.06e-07, 0.336416
6.07e-07, 0.33632
6.08e-07, 0.33874
6.09e-07, 0.342984
6.1e-07, 0.346488
6.11e-07, 0.347807
6.12e-07, 0.348009
6.13e-07, 0.349162
6.14e-07, 0.351936
6.15e-07, 0.35508
6.16e-07, 0.357148
6.17e-07, 0.358254
6.18e-07, 0.359809
6.19e-07, 0.362699
6.2e-07, 0.366187
6.21e-07, 0.368826
6.22e-07, 0.370225
6.23e-07, 0.371518
6.24e-07, 0.373995
6.25e-07, 0.377536
6.26e-07, 0.380742
6.27e-07, 0.382592
6.28e-07, 0.383679
6.29e-07, 0.385543
6.3e-07, 0.388871
6.31e-07, 0.392659
6.32e-07, 0.395331
6.33e-07, 0.396564
6.34e-07, 0.397713
6.35e-07, 0.400313
6.36e-07, 0.404316
6.37e-07, 0.408072
6.38e-07, 0.410131
6.39e-07, 0.41089
6.4e-07, 0.412244
6.41e-07, 0.415535
6.42e-07, 0.420028
6.43e-07, 0.4236
6.44e-07, 0.424994
6.45e-07, 0.425245
6.46e-07, 0.426695
6.47e-07, 0.430535
6.48e-07, 0.435445
6.49e-07, 0.438822
6.5e-07, 0.439453
6.51e-07, 0.438893
6.52e-07, 0.440036
6.53e-07, 0.444177
6.54e-07, 0.449521
6.55e-07, 0.452742
6.56e-07, 0.452251
6.57e-07, 0.449966
6.58e-07, 0.449698
6.59e-07, 0.453462
6.6e-07, 0.459195
6.61e-07, 0.462248
6.62e-07, 0.459601
6.63e-07, 0.453018
6.64e-07, 0.447974
6.65e-07, 0.448775
6.66e-07, 0.453773
6.67e-07, 0.454937
6.68e-07, 0.442749
6.69e-07, 0.413101
6.7e-07, 0.371093
6.71e-07, 0.328751
6.72e-07, 0.298185
6.73e-07, 0.284906
6.74e-07, 0.285731
6.75e-07, 0.292221
6.76e-07, 0.29671
6.77e-07, 0.296605
6.78e-07, 0.294405
6.79e-07, 0.29427
6.8e-07, 0.298203
6.81e-07, 0.304683
6.82e-07, 0.310272
6.83e-07, 0.31247
6.84e-07, 0.311451
6.85e-07, 0.309536
6.86e-07, 0.309176
6.87e-07, 0.311179
6.88e-07, 0.314496
6.89e-07, 0.317438
6.9e-07, 0.319144
6.91e-07, 0.320103
6.92e-07, 0.321471
6.93e-07, 0.323932
6.94e-07, 0.327099
6.95e-07, 0.329915
6.96e-07, 0.331611
6.97e-07, 0.33238
6.98e-07, 0.333192
6.99e-07, 0.334961
7e-07, 0.337767



