-2.8646e-07 -3.80129e-07
2.33281e-07 1.05616e-07
-6.66075e-07 -3.76781e-07
-6.59475e-08 2.69108e-07
2.24935e-07 5.72837e-07
1.58483e-07 2.4439e-07
8.96166e-08 3.87944e-07
1.46804e-06 -4.07444e-07
-1.51902e-06 -3.08404e-08
-2.16869e-06 -4.12323e-07
-1.55445e-06 2.25018e-08
-1.47899e-08 5.61642e-07
-4.60404e-07 6.65504e-07
2.11332e-07 -3.32358e-07
-2.4948e-07 4.76973e-07
-6.46798e-07 3.32123e-07
-7.56716e-07 -5.6513e-07
-1.10968e-06 3.17495e-07
-1.75698e-06 -3.47812e-07
-1.15432e-06 1.22501e-07
1.78122e-06 6.71136e-07
-1.68766e-06 1.41239e-07
-1.39361e-06 4.16244e-07
-3.02496e-07 -2.84077e-08
-1.44101e-06 -7.52465e-08
5.85648e-09 1.65387e-08
-1.36934e-06 5.24439e-07
7.53777e-07 5.57226e-07
1.27426e-06 6.89989e-08
-6.95862e-07 2.17339e-07
-2.05094e-06 -4.37065e-07
2.35912e-07 5.9191e-08
2.1266e-06 5.82703e-07
5.09967e-07 -6.59603e-07
1.91459e-06 -1.00817e-07
-1.43319e-06 -3.88697e-08
-2.05487e-06 -6.75748e-07
-2.61036e-07 -2.90461e-07
-1.57241e-06 -5.48661e-07
1.17701e-06 -2.9092e-07
-6.56719e-07 -6.74249e-07
-1.34533e-06 -3.80466e-07
4.44381e-07 2.05571e-07
-2.04615e-06 -5.76543e-07
9.47322e-07 -5.98326e-07
-1.01251e-06 -9.63321e-08
2.62554e-07 -2.73772e-07
1.42739e-06 -1.57275e-07
1.45398e-06 4.24133e-07
-1.53517e-06 -3.16457e-07
-7.31233e-07 -2.2436e-07
8.63534e-07 3.61793e-07
-9.32554e-07 -3.53813e-07
-2.06517e-06 -6.06057e-07
1.5166e-06 6.17444e-07
-1.42469e-06 -1.18534e-07
2.73151e-07 -6.07621e-07
-7.97006e-07 3.55242e-07
2.09705e-06 6.82355e-07
-8.88929e-07 -4.98681e-07
1.7352e-06 2.5371e-07
-4.19331e-07 -4.71269e-07
9.54065e-07 6.59699e-07
-9.54435e-08 -6.98803e-07
1.92517e-06 5.50631e-07
1.86072e-07 -6.26373e-07
-8.40474e-07 4.19692e-07
1.03043e-06 -3.97506e-08
-1.51188e-07 6.63093e-07
1.46725e-06 -1.38041e-08
-1.34041e-06 6.33542e-07
1.51159e-07 -6.58778e-07
-1.96489e-06 1.48201e-07
6.07452e-07 3.75315e-07
4.98615e-07 6.36102e-07
-1.4456e-06 -1.0124e-07
-9.7603e-07 -4.31234e-07
1.27965e-06 -3.94244e-08
5.7404e-07 7.87011e-08
1.64184e-06 6.74103e-07
-7.92546e-07 2.61107e-07
1.15882e-06 -6.60591e-07
1.56776e-06 -5.62946e-07
1.3182e-06 3.864e-07
-5.56937e-07 -2.56899e-07
1.31577e-07 -3.91081e-07
-1.14092e-06 2.4737e-07
-3.32468e-07 5.27458e-07
1.71663e-06 -6.08771e-07
-1.49826e-07 1.14758e-08
1.56661e-06 4.61629e-07
3.06374e-07 1.48747e-07
1.36839e-06 2.96433e-07
1.214e-06 -4.26727e-07
1.55275e-06 3.54671e-07
-1.76259e-06 -9.77708e-08
7.8757e-07 -1.52002e-07
-3.37009e-07 3.97166e-07
-1.48654e-06 1.19064e-07
-2.09564e-07 1.95579e-07
-6.40837e-07 -1.81438e-07
1.42105e-06 1.26119e-07
-1.72501e-06 -2.11264e-07
1.4549e-06 1.27443e-07
1.58394e-06 -1.8483e-07
-3.17756e-07 1.64207e-07
-1.67187e-06 -4.24591e-07
-3.08933e-07 -1.03207e-07
-1.92897e-06 -4.71611e-08
-1.89485e-07 1.11602e-07
2.56122e-07 2.60046e-07
1.93423e-06 -6.33335e-07
9.91691e-07 1.84241e-07
1.82579e-06 -3.06465e-07
1.15512e-06 -6.82909e-07
1.06798e-06 -1.6831e-07
-1.04608e-06 4.68606e-07
6.50147e-07 1.6192e-08
1.08319e-06 -1.08485e-07
-7.69525e-07 -6.33031e-07
-8.97832e-07 3.69466e-08
9.49297e-07 -2.4064e-07
-1.00542e-06 -4.89765e-07
4.0347e-07 -4.01092e-07
-1.24432e-06 3.65538e-07
5.86223e-07 3.3458e-08
1.82861e-06 2.21943e-07
-1.78458e-06 1.80738e-07
2.08734e-06 3.39748e-07
-1.98502e-07 -5.81165e-07
1.45476e-06 -1.59283e-07
-1.82581e-06 -2.42896e-07
5.29189e-07 1.15022e-08
8.9219e-07 -1.90852e-07
1.70953e-06 3.77655e-07
-1.47885e-06 -2.29889e-07
-1.51688e-06 -3.92207e-07
7.6997e-07 -3.78605e-07
2.00586e-06 5.79311e-07
8.19515e-07 4.44855e-07
-4.18967e-07 -4.81221e-07
1.80253e-06 -6.36823e-07
-2.66778e-07 -4.40555e-08
1.8587e-06 2.29529e-07
-1.81012e-06 3.34533e-08
-8.67113e-08 4.38695e-07
1.15177e-06 4.89123e-07
-1.51609e-06 7.72544e-08
7.97784e-09 -4.38271e-07
1.28631e-06 2.02728e-07
1.44254e-06 6.76316e-07
-5.92744e-07 -1.93662e-07
-1.43177e-06 3.97351e-08
6.88782e-07 7.73829e-08
2.04291e-06 3.03321e-07
4.1442e-07 3.44339e-07
-1.69611e-06 -1.91652e-07
4.91248e-07 1.14715e-07
1.74505e-06 3.221e-07
4.10599e-07 -3.17608e-07
1.59171e-06 -2.20834e-07
1.63731e-06 -2.02816e-07
1.23104e-07 -2.47847e-07
-1.54529e-06 -2.31972e-07
-1.91064e-06 2.90342e-07
-1.55552e-06 -6.20481e-07
-1.89605e-06 4.24374e-08
1.61966e-06 -5.52192e-07
-1.81144e-06 6.81397e-07
1.15083e-06 -1.59275e-07
1.33269e-07 -6.06919e-07
-8.79701e-07 1.51953e-07
-1.21068e-06 -9.42776e-08
-1.82341e-06 5.61895e-07
-1.26067e-06 -4.24632e-07
1.34009e-06 -2.86467e-07
3.85296e-07 -5.2895e-07
1.26737e-06 2.67893e-07
-2.00427e-06 -3.29981e-07
9.81016e-07 -4.35211e-07
-1.88886e-06 5.73077e-07
2.61453e-08 5.46153e-07
-1.40976e-06 1.12538e-07
-7.64347e-07 -5.1712e-07
1.67489e-06 -1.28923e-07
1.09855e-06 1.49831e-07
-2.15145e-06 -5.97786e-07
1.66807e-06 9.06531e-09
9.05335e-07 -1.84407e-07
1.92963e-06 3.83132e-08
1.98568e-06 -4.9068e-07
-5.21112e-08 5.13652e-07
2.00438e-06 4.99697e-07
1.23213e-06 2.00546e-07
-1.41516e-06 -3.5953e-07
1.41039e-08 2.55474e-07
-3.03673e-07 -6.65449e-07
-1.54579e-06 6.35423e-07
-1.06178e-06 -6.33386e-07
-1.60519e-06 8.26714e-09
-2.93175e-07 1.75747e-07
1.58633e-06 -2.44643e-07
9.44289e-07 -6.36064e-08
-1.34605e-06 3.43203e-08
-1.57348e-06 6.78854e-08
1.94862e-06 -4.5358e-07
-3.13012e-07 -4.56128e-07
2.00175e-06 6.23297e-07
-4.0794e-07 1.03314e-07
-1.58781e-06 -3.60928e-07
-2.15152e-06 6.69993e-07
1.07777e-06 1.97785e-07
1.20164e-06 3.0732e-07
1.24746e-06 -2.85052e-08
1.91623e-06 -5.15407e-07
2.1525e-06 -6.4133e-07
-7.76941e-07 2.69811e-07
-1.66377e-06 4.54604e-07
-5.82565e-07 2.37297e-07
-5.58353e-07 -5.77342e-07
1.14956e-07 4.56109e-07
-5.63837e-07 -4.98951e-07
1.39631e-06 2.30542e-08
5.91312e-07 -4.17949e-07
8.31599e-07 -3.9029e-07
-4.55756e-07 1.78134e-08
-1.82452e-06 -4.44521e-07
-2.13636e-06 3.26762e-07
-1.75084e-06 -5.13267e-08
1.93268e-06 -1.71032e-07
1.19907e-06 -4.84061e-08
-1.57811e-07 -5.79055e-07
-8.68788e-07 -4.64696e-10
-1.86822e-06 1.76599e-08
1.75477e-07 6.51698e-07
-1.74139e-06 -2.79412e-07
1.17704e-06 -6.87385e-07
-1.38893e-06 -3.90443e-07
9.73318e-09 -6.90161e-07
-7.71886e-07 3.20437e-07
-1.4225e-06 -2.45285e-07
1.61697e-06 6.06297e-07
-4.20881e-07 1.24064e-07
-2.12399e-06 5.31093e-07
-6.58306e-08 9.03009e-08
2.07582e-06 -6.41652e-07
2.7855e-07 -6.03351e-07
4.50189e-07 -4.92976e-07
2.04628e-06 3.85729e-07
-1.02192e-06 5.17935e-07
2.12196e-07 -5.92703e-07
-7.86379e-07 -6.68994e-07
-2.25131e-07 5.95547e-07
1.16066e-06 -6.1436e-07
5.59842e-07 3.44622e-07
5.25169e-07 -4.16589e-07
7.23472e-07 5.06756e-07
-5.94276e-07 2.52199e-07
-1.71253e-06 -5.09059e-08
1.22358e-06 -2.16115e-07
-6.2827e-07 -4.06135e-07
-4.81303e-07 2.94068e-07
-9.95263e-07 7.08432e-08
-9.26658e-07 5.87116e-07
1.0677e-08 -4.81398e-07
7.08002e-07 -3.09986e-07
-2.14215e-06 4.23121e-07
-7.60144e-07 3.33213e-07
-4.24306e-07 5.00382e-07
1.02189e-06 -5.60668e-07
-1.00121e-06 1.08443e-07
7.94194e-07 2.93374e-07
-8.96189e-08 -4.80506e-07
2.18432e-06 -4.34395e-07
-1.01989e-07 4.81788e-07
-2.10803e-07 -6.84475e-07
-1.00083e-08 1.63519e-07
1.91632e-06 -2.52501e-07
-1.23598e-06 -5.15786e-08
-2.13233e-06 -5.52899e-08
-6.90298e-08 4.19907e-07
-1.5693e-06 -1.94189e-08
2.03028e-06 -1.19163e-07
-1.21005e-06 -5.89403e-08
1.74375e-06 6.82059e-08
-1.70682e-06 8.69984e-08
1.99769e-06 -7.23243e-08
-9.25233e-07 8.73071e-08
1.38658e-06 1.05278e-07
4.49021e-07 -4.37159e-08
1.47849e-06 5.81318e-07
-1.52571e-06 -5.42775e-07
2.00224e-06 -4.2381e-07
-2.12845e-06 -2.4203e-07
-1.82721e-06 4.88645e-07
1.52039e-06 -8.18831e-08
2.59799e-07 4.79912e-07
6.27583e-07 7.26728e-08
-1.07987e-07 3.78277e-07
1.19693e-06 2.38825e-07
-1.47451e-06 -4.91993e-08
-2.11729e-06 6.76939e-08
1.6507e-07 -4.37781e-07
-5.0844e-07 -3.95435e-07
-6.95846e-07 -1.08635e-07
1.23113e-06 6.97841e-07
2.58911e-07 -1.78347e-07
7.30145e-07 -4.61984e-07
2.27306e-08 -5.05604e-07
-3.17537e-07 5.42781e-07
2.0742e-07 4.30483e-07
-1.41424e-06 -4.27397e-07
1.18411e-06 -5.82149e-08
-4.81289e-07 6.30541e-07
1.33687e-06 -1.96477e-07
-1.25605e-06 6.41423e-07
-3.67691e-07 -2.96088e-07
-2.47133e-07 -5.02841e-07
9.94896e-07 6.05955e-10
3.80689e-08 1.04421e-07
1.89108e-07 8.46509e-08
-5.88374e-08 -1.53833e-07
-1.72626e-06 -2.14476e-07
1.21073e-07 4.12856e-07
7.90821e-07 -5.88733e-07
-1.53121e-06 -1.33341e-07
3.90998e-07 3.54968e-09
1.73029e-06 -1.59897e-07
2.1554e-06 6.65177e-07
-7.5786e-07 1.4813e-07
-1.37817e-06 -4.40271e-07
-6.91381e-07 3.40747e-07
9.50419e-07 1.75793e-07
-2.0052e-06 1.81232e-07
-3.77804e-07 5.44791e-07
-8.03177e-07 5.68182e-07
1.30521e-06 -1.22489e-07
-1.87163e-06 -2.99056e-07
-8.00392e-07 3.35509e-07
3.12906e-07 -3.90724e-08
-1.80512e-06 -1.6597e-08
1.24289e-06 6.64348e-07
-1.68193e-06 -5.39678e-07
2.17122e-06 6.49034e-07
2.60902e-07 1.60884e-07
1.47193e-06 -5.36487e-07
-1.40899e-06 -3.32545e-07
-7.47218e-07 -6.39226e-07
-1.4377e-06 3.06945e-07
-8.51318e-07 4.00744e-07
-5.7331e-07 -4.02518e-07
1.62603e-06 3.60783e-07
-2.27903e-07 -5.61118e-08
-8.04972e-07 -1.13022e-07
-1.41977e-06 6.69167e-07
1.41542e-06 4.88975e-07
3.86219e-07 -5.29646e-07
-1.94239e-06 1.10097e-08
-1.40513e-06 -6.65926e-07
1.916e-06 2.38866e-07
4.35497e-07 -3.45562e-07
5.59908e-07 -4.36962e-07
2.37731e-07 5.69375e-07
-1.12852e-06 -9.99975e-08
-5.80834e-07 4.42641e-07
-1.25748e-06 1.9286e-07
-1.56896e-06 5.07157e-07
-2.15107e-06 1.31471e-07
-1.90126e-06 1.67022e-07
5.02619e-07 -3.93334e-07
1.89038e-06 -4.38293e-07
-1.4485e-06 -9.89654e-08
-1.22602e-06 -4.05144e-07
9.43326e-07 2.10306e-07
1.20657e-06 -3.13757e-07
-9.98289e-07 -6.21359e-08
1.40892e-06 -6.39706e-08
1.27458e-06 -6.15011e-07
-1.57702e-06 7.98924e-09
-7.41692e-07 6.91877e-07
-1.76539e-06 -5.13037e-08
-1.75269e-06 6.84551e-07
3.11314e-07 -3.37956e-07
-4.64919e-07 -6.17996e-07
1.1928e-06 6.31867e-07
-7.22995e-07 -6.83286e-08
-1.99347e-06 1.33272e-07
-1.22255e-06 -1.92679e-07
1.09393e-06 -3.96601e-07
-1.61449e-06 6.31006e-07
-1.30756e-06 -2.07225e-07
2.17197e-06 4.87759e-07
-4.46168e-07 2.52387e-07
-1.91052e-06 -1.72893e-07
-2.62087e-07 3.96769e-07
-1.04128e-06 -2.09281e-07
-2.18236e-06 5.72891e-07
1.15156e-06 -4.96377e-07
1.16839e-06 3.84055e-07
-1.10316e-06 5.25807e-07
-2.01311e-06 -7.73262e-08
7.08025e-07 4.48239e-07
-1.13298e-06 6.78382e-07
-1.61194e-06 3.76304e-07
1.98995e-06 4.05381e-07
1.94857e-06 -5.54991e-07
7.78665e-07 4.65811e-07
-1.96919e-06 1.4818e-07
8.54477e-11 4.62945e-07
2.01031e-06 -3.56038e-07
4.15055e-07 5.00626e-07
5.20346e-08 -4.33076e-07
-1.35473e-06 1.53456e-07
-1.02984e-06 -1.99304e-07
-4.92059e-07 -2.58138e-07
2.59948e-07 -2.06033e-07
-2.46181e-07 1.83264e-07
1.6984e-06 -7.38164e-08
-2.05317e-06 4.42906e-07
-2.18135e-07 2.04502e-07
7.3738e-07 -5.26918e-07
-2.00669e-06 5.73929e-07
2.04237e-06 8.19565e-09
7.4279e-07 -5.21316e-08
-3.00707e-07 5.97042e-07
2.30581e-07 6.62593e-07
1.78365e-06 6.56545e-08
2.01746e-06 -6.64146e-07
1.9322e-07 3.40848e-07
1.78874e-06 1.76959e-07
4.56396e-07 2.62892e-08
-1.30826e-07 -6.42948e-07
4.24607e-07 -2.7705e-08
1.11402e-06 2.88054e-09
8.18933e-07 6.21817e-07
1.02109e-06 -4.66013e-07
-1.17744e-06 8.05858e-08
-1.08708e-06 -6.92956e-07
-2.17148e-06 -5.72759e-07
9.37911e-07 6.64641e-07
-6.34347e-08 -5.4489e-07
1.05837e-06 -5.51021e-07
-1.43234e-06 -1.26033e-07
-1.33379e-06 -1.39832e-07
1.50125e-06 -3.46439e-07
-1.90257e-06 6.31052e-07
7.41344e-07 5.84131e-10
1.02198e-06 5.56004e-07
1.56531e-06 1.02038e-07
2.83256e-07 4.81324e-07
1.45907e-06 -4.48789e-07
-1.07613e-06 -6.23046e-07
-2.55445e-07 5.67535e-07
5.63207e-07 2.14872e-07
-2.01603e-06 -3.60342e-07
1.50675e-07 7.09735e-08
1.69291e-07 -9.74447e-08
5.32075e-07 -2.21161e-07
1.1835e-07 6.76516e-07
1.24629e-06 -1.42555e-07
-2.66428e-07 4.71e-07
-1.46974e-06 6.65934e-07
3.92541e-07 -1.06275e-07
2.1416e-06 -2.64381e-07
-1.28211e-06 3.28786e-07
2.37448e-07 -3.9078e-07
8.98475e-07 -2.15176e-07
-6.28388e-07 6.06107e-07
9.34024e-07 -3.16756e-07
1.42132e-06 -6.23156e-07
7.46525e-07 1.55395e-07
-3.42897e-07 -6.01753e-07
1.14049e-06 2.33989e-07
1.07663e-06 -3.77723e-07
-1.67606e-06 6.97825e-07
1.86506e-06 -4.86204e-07
-7.51915e-07 -3.40999e-07
1.86449e-06 6.9532e-07
-6.01604e-07 -6.38604e-07
-1.79047e-06 5.27019e-07
-1.86355e-06 3.56118e-07
-1.90736e-06 5.00419e-07
-1.9282e-06 -3.11579e-07
-1.83311e-06 3.41273e-07
-1.70916e-06 -1.96046e-07
-1.34127e-06 -2.45588e-07
-1.89077e-06 7.23594e-08
8.13175e-08 -3.15508e-07
-8.13325e-07 2.8555e-07
1.42245e-06 -6.41822e-07
-5.18182e-08 -6.68777e-07
-1.26299e-06 -2.69617e-07
8.13712e-07 -1.32292e-07
5.10819e-07 -5.50213e-07
-1.03049e-06 1.51247e-07
-2.1357e-07 -5.84527e-07
1.92313e-06 1.60711e-07
-1.59491e-06 1.34223e-07
7.16888e-07 -3.05615e-07
1.23897e-06 -5.15444e-07
-1.56752e-07 -9.88069e-08
-1.62444e-07 -8.30746e-08
-8.41899e-07 1.66214e-07
-1.96527e-06 4.68951e-07
-1.67447e-06 5.32731e-07
-9.35058e-07 6.16617e-07
-3.71175e-07 6.29305e-07
1.96032e-06 6.96841e-07
-1.33932e-06 -6.44949e-07
-6.03585e-07 -6.45823e-08
-5.1833e-07 3.7023e-07
1.18174e-06 5.97318e-07
3.64838e-07 2.38461e-07
2.04215e-06 -1.31053e-07
2.58073e-07 3.8451e-07
8.64838e-07 -4.45604e-07
3.64263e-07 -4.24426e-07
1.88621e-06 -6.2413e-07
-3.34389e-07 4.34795e-08
-2.80036e-07 2.3429e-07
2.18776e-06 -3.00006e-07
5.38828e-07 -3.33876e-07
-2.16944e-06 -2.74658e-07
-9.68055e-07 6.80425e-07
1.84161e-06 -2.41008e-07
-1.68869e-06 -3.68666e-07
-1.47571e-06 5.22185e-07
-2.39687e-08 2.82405e-07
-1.7008e-06 -3.97569e-07
4.79698e-07 -3.27805e-07
-6.88093e-07 4.14534e-07
2.19587e-06 -4.33121e-07
-8.64236e-07 5.86233e-07
-1.68422e-06 -6.13678e-07
1.42592e-06 6.56061e-08
-9.79046e-07 2.36599e-07
-1.97579e-06 -5.0138e-07
-1.29743e-06 1.21638e-07
1.28058e-06 -2.6668e-07
5.65689e-08 -6.69502e-07
3.63962e-07 -4.78477e-07
1.499e-06 4.63114e-07
-1.40457e-06 -1.03197e-07
-1.58811e-06 2.17636e-07
-5.08157e-07 8.91203e-08
-1.3877e-06 6.4146e-07
-3.98242e-07 -6.60532e-07
7.91755e-07 4.7052e-07
-1.65668e-06 -4.21799e-07
9.46528e-07 2.98845e-07
-5.51053e-07 4.15992e-07
-2.66971e-07 5.27165e-07
2.8054e-07 -2.25392e-07
-8.19971e-07 -1.34933e-07
1.62595e-06 6.21617e-07
1.29398e-06 5.22148e-07
7.24958e-07 1.74775e-07
1.91814e-06 6.14509e-07
-7.3645e-07 2.34876e-07
1.01926e-06 -3.86319e-07
2.1408e-06 2.28806e-07
-1.72534e-06 6.23634e-07
2.54429e-07 -4.73986e-07
6.9383e-07 -3.82416e-08
-1.85063e-06 -6.51619e-07
-1.75109e-06 6.63957e-07
5.70809e-08 2.60757e-07
-5.05363e-07 1.02099e-07
-1.10697e-07 2.92447e-07
-2.11618e-06 -4.68586e-07
-2.00274e-06 -6.17953e-07
-3.16692e-08 5.35006e-07
2.1835e-06 5.91685e-07
-1.29577e-06 -6.99216e-07
-4.13729e-07 -5.04072e-07
-6.14001e-07 -5.90784e-07
1.48453e-06 -5.7145e-07
-6.67271e-07 3.41762e-07
8.11697e-07 -5.67943e-07
-1.37134e-06 5.53342e-07
-1.71425e-06 4.41762e-07
5.09006e-07 -5.49302e-07
-4.54375e-07 1.45744e-07
1.06291e-06 -5.74895e-07
4.68832e-08 -2.27678e-08
8.36542e-08 5.14729e-07
1.80199e-06 -6.24129e-07
1.48569e-06 -3.08227e-07
1.69107e-06 -2.35547e-07
9.34061e-07 -6.02362e-08
4.78508e-07 2.27059e-07
-7.15872e-07 -1.81757e-07
1.39142e-06 3.04583e-07
1.91684e-07 5.04343e-07
1.07558e-06 -2.69831e-07
3.48623e-08 3.9929e-07
4.44543e-07 -4.10446e-07
1.61838e-06 -6.64939e-07
6.25944e-07 2.68286e-07
-1.97495e-06 2.55687e-07
1.78542e-06 -2.80302e-07
-1.48829e-06 2.70078e-07
-3.8282e-07 1.33423e-08
-1.73554e-06 -6.92899e-07
-4.01947e-07 -2.42072e-07
-1.75636e-06 3.59011e-07
1.66748e-06 -4.01647e-08
-9.60751e-08 3.99617e-07
4.44569e-07 -6.84484e-07
-2.11693e-06 -1.05114e-07
1.11301e-06 7.86753e-08
4.60583e-07 3.31703e-07
2.33365e-07 -2.0953e-07
8.36129e-07 -3.22918e-07
2.58889e-08 -6.90825e-07
1.54374e-06 5.67878e-07
-9.53439e-07 -2.71181e-07
1.52895e-06 -4.12553e-07
-1.02846e-07 -6.26723e-07
-8.19647e-07 -1.71183e-07
-4.05041e-07 -3.01641e-07
1.37923e-07 4.76646e-07
6.25173e-07 5.44792e-07
7.29815e-07 -5.14073e-07
1.65165e-06 -3.99566e-07
9.02297e-07 -2.09966e-07
-1.29312e-06 1.01663e-07
1.1013e-07 4.25019e-07
-3.41846e-07 -1.91649e-07
-1.09768e-06 -3.76148e-07
2.13894e-06 6.71529e-07
6.48998e-07 6.50269e-07
5.81872e-07 4.06553e-07
-1.10441e-06 -6.29825e-07
1.30967e-06 -3.21352e-07
-1.05952e-06 6.17227e-07
-6.07476e-07 1.10819e-07
1.0834e-06 -6.36103e-07
-1.22401e-06 -6.81251e-07
8.09711e-07 6.71998e-07
1.88416e-06 2.74083e-07
1.89465e-06 4.35251e-07
-1.77683e-06 -1.58546e-08
-1.95121e-07 -5.18915e-07
-1.90089e-07 3.87772e-07
1.73577e-07 -3.73039e-07
1.30816e-06 6.55564e-07
1.25522e-06 -9.71216e-08
1.61516e-06 5.00442e-07
-1.35475e-06 1.81423e-07
1.29784e-06 -4.885e-07
-1.97683e-06 2.7725e-07
8.98269e-07 3.80406e-07
-5.80427e-07 2.44787e-07
-1.1973e-06 -4.34901e-07
-1.35011e-06 1.26664e-07
5.28384e-08 -3.36714e-07
2.99993e-07 1.43664e-07
1.56983e-06 1.29088e-07
4.96697e-07 -2.59772e-07
-1.28164e-06 3.94436e-07
-1.14317e-06 -1.48091e-07
4.87902e-07 6.19776e-07
1.0599e-06 5.88263e-07
1.01145e-06 -5.06567e-07
-1.56272e-06 -4.22296e-07
4.19457e-07 4.2005e-08
-1.07951e-06 2.88869e-07
-8.31002e-07 -6.70406e-07
-1.26722e-06 -6.1305e-09
-2.08707e-06 3.49294e-07
-1.92698e-06 -4.61755e-07
-4.80153e-07 1.39875e-07
1.99068e-06 -4.90433e-07
-5.24348e-07 5.96361e-07
3.5674e-07 -1.81592e-07
6.75867e-07 1.04357e-07
-1.4079e-06 6.86058e-07
-8.40686e-07 -6.94506e-07
2.17756e-06 1.03032e-07
1.31419e-06 -1.28086e-07
-1.25243e-07 6.75957e-07
-4.58548e-08 1.2654e-07
1.34984e-06 -4.61217e-08
8.40089e-08 -3.66765e-07
9.27507e-08 9.7809e-08
-1.99976e-06 5.51093e-07
-4.87121e-08 5.38521e-07
9.87485e-07 -5.31251e-07
-6.42112e-07 3.4418e-07
-5.16289e-07 6.35039e-07
-1.2057e-06 4.90447e-07
-5.83499e-07 4.96925e-07
2.16466e-06 -1.45554e-07
1.26319e-06 -4.29012e-07
-1.78436e-06 -9.62889e-08
1.1784e-06 6.11732e-07
1.98532e-06 -4.50637e-07
1.77595e-06 -3.13679e-07
1.64183e-06 -5.42933e-07
1.12272e-06 2.84412e-07
8.47576e-07 5.3462e-07
-1.97342e-07 -4.04471e-07
6.49448e-08 -3.36052e-07
1.19143e-06 5.05893e-07
7.10586e-07 -2.21997e-07
-1.93507e-06 6.72474e-07
-1.48305e-07 -1.86055e-07
7.37854e-08 -2.83992e-07
8.90626e-08 5.52102e-07
3.59629e-08 -5.46164e-07
-1.35134e-06 4.90115e-07
-5.01952e-07 -5.09407e-08
1.1279e-06 -4.49581e-07
1.09949e-06 -5.81412e-07
-1.48752e-06 1.2161e-07
1.33183e-06 -6.09963e-07
1.482e-06 2.17131e-07
-1.67973e-06 -1.51392e-07
1.94467e-06 -1.38095e-07
-2.09531e-06 -5.52512e-07
-6.77891e-07 6.35041e-07
-7.18964e-07 -6.18618e-07
7.28124e-07 -5.70587e-07
6.38122e-07 6.84171e-07
-1.30236e-06 -3.02229e-07
-1.94128e-06 2.47406e-07
-4.96958e-07 -1.44361e-07
-1.34394e-06 6.55518e-07
-5.10848e-07 -1.98645e-07
-2.0614e-06 6.16661e-08
-1.42471e-07 3.9011e-07
1.1583e-06 -4.24549e-07
8.14602e-07 -4.9328e-07
2.5853e-07 1.43994e-07
6.5602e-08 3.12629e-08
1.96568e-07 -6.94296e-07
-1.70095e-06 -2.58533e-07
8.95344e-07 2.97574e-08
-1.0854e-06 2.45436e-07
1.2985e-06 -5.94548e-07
1.2484e-06 -2.85816e-07
1.52052e-06 -1.49811e-07
-3.84634e-07 1.22332e-07
2.09572e-06 -3.18685e-07
2.04953e-06 -6.05875e-07
6.39119e-07 -2.85071e-07
5.65817e-07 3.19155e-07
2.1495e-06 -5.40384e-07
-1.93469e-06 -1.75101e-07
-7.10177e-07 2.25419e-07
-5.31728e-07 5.52312e-07
-4.88918e-07 -5.91814e-07
6.71061e-07 -1.66159e-07
-9.48726e-08 6.73689e-07
3.97076e-07 6.83999e-07
-1.11297e-06 3.33755e-07
-1.2958e-06 8.72459e-08
-1.64073e-06 1.14903e-07
7.53517e-07 -1.72442e-07
1.75069e-06 -1.75882e-07
-2.0539e-06 1.64543e-07
-1.69719e-06 2.69553e-07
-8.92905e-07 2.09814e-08
-2.8486e-08 -1.39045e-07
5.45429e-07 1.52529e-07
-1.65552e-06 -5.99469e-07
-5.13586e-07 -2.33182e-07
-4.38966e-07 3.99176e-07
-1.94549e-06 -1.84285e-07
-1.106e-06 -6.55542e-07
-7.92149e-08 -1.06653e-07
-5.19268e-07 5.95067e-07
1.80813e-06 6.20152e-07
2.10677e-06 -2.55032e-07
-2.13644e-06 1.18072e-07
2.06648e-06 8.13566e-08
-1.01329e-06 -4.14322e-07
-7.69111e-07 -5.08541e-07
1.82989e-06 5.82185e-08
2.05343e-06 4.10338e-07
1.40622e-06 8.19754e-08
1.3617e-06 -2.70652e-07
1.91106e-06 4.17977e-07
3.08831e-07 6.41518e-07
1.75302e-06 3.42321e-07
-8.62899e-07 6.05955e-07
-1.27404e-06 4.3165e-07
8.19394e-07 4.37173e-07
-1.43829e-06 2.19164e-07
-2.10456e-06 5.9812e-07
-2.25075e-07 -2.29504e-07
-1.57092e-06 7.20625e-09
6.97483e-07 -5.66757e-08
-2.08345e-06 5.82337e-07
3.8574e-07 -6.32675e-07
3.73714e-08 -7.92831e-08
1.07446e-06 -6.37542e-07
1.70907e-06 6.55624e-07
2.10591e-06 1.68779e-07
5.36965e-07 -4.29906e-07
-1.44074e-06 -3.73815e-07
1.86793e-06 -2.16757e-07
-1.38405e-06 3.85801e-07
2.92753e-07 5.28987e-07
-1.62484e-07 3.19829e-07
-1.81973e-07 -4.52312e-07
9.85136e-07 6.67311e-08
-1.27078e-06 6.82733e-07
1.13035e-06 3.74858e-07
-7.44306e-07 -1.05747e-08
2.03186e-07 -4.05472e-09
4.79479e-07 -1.11055e-07
-1.02456e-06 7.53164e-08
2.15105e-06 -2.29961e-07
-1.33633e-06 -6.47031e-07
1.32065e-06 -2.8942e-07
8.70111e-07 -5.6117e-08
-6.17002e-07 -1.65239e-07
-1.37641e-06 7.5374e-08
-6.9427e-07 1.19279e-07
-1.10244e-06 -6.99301e-07
-7.67844e-08 -1.32757e-07
5.55563e-07 -4.59375e-07
1.52334e-06 1.96364e-07
8.94617e-07 2.19925e-07
-1.54326e-06 4.78484e-07
2.06174e-06 -1.54095e-08
5.43487e-07 4.20995e-07
7.20874e-07 -3.5137e-07
1.23747e-06 4.20608e-07
-2.16506e-06 2.34704e-07
2.25262e-07 6.60286e-10
1.99237e-06 2.57742e-07
6.01616e-07 -3.24925e-08
-1.95767e-06 4.26163e-07
-8.11042e-07 6.66948e-07
-1.43689e-06 6.27439e-07
1.29736e-06 -3.12e-07
-4.5582e-07 3.09231e-07
-2.1776e-06 -5.98125e-07
-2.01185e-07 3.95035e-07
1.10911e-06 -3.25789e-07
9.62836e-07 2.90151e-07
-7.57379e-07 7.2632e-08
2.60196e-07 3.49367e-07
1.20242e-06 4.36232e-07
1.96874e-06 3.61477e-07
1.04233e-06 3.55674e-07
8.50152e-07 -5.27873e-07
2.12526e-06 1.69181e-07
-1.6853e-06 -5.72744e-07
1.57215e-06 -2.51471e-07
-1.36418e-06 2.57625e-07
-9.76829e-07 2.78667e-08
-2.53636e-07 -2.78694e-07
-2.16377e-06 -2.92913e-07
1.8106e-07 6.96531e-07
9.60869e-07 3.92602e-07
4.78772e-07 -1.38923e-07
1.76471e-06 -3.86525e-07
1.85811e-06 -6.71648e-08
9.64075e-07 2.83639e-07
-1.12373e-06 -1.82222e-07
-5.83641e-07 -6.78803e-07
-9.57868e-07 -3.86694e-07
-1.74139e-06 3.43055e-07
1.05572e-06 3.7236e-07
1.73893e-06 -1.19236e-07
1.52863e-06 -2.97628e-07
3.63395e-08 -5.66892e-07
1.38793e-07 7.03062e-08
-3.50651e-07 3.83033e-07
-5.72328e-07 -2.91574e-07
-1.22828e-06 7.04646e-08
-1.60039e-06 6.78664e-07
-1.88677e-06 4.34085e-07
-4.68563e-07 2.3273e-07
-1.28199e-06 -2.30652e-07
-9.13751e-07 -4.27656e-07
1.93402e-06 4.81474e-07
-1.47948e-06 5.71191e-07
-5.41992e-07 3.25175e-07
-2.23509e-07 -3.16987e-07
-2.04526e-06 5.20054e-08
-1.86662e-06 -8.16832e-09
2.10636e-06 -1.7401e-07
-2.4897e-07 5.15726e-07
7.67363e-07 -3.07479e-07
2.01772e-06 -1.96094e-07
-2.1461e-06 3.58543e-07
2.11906e-06 -4.58312e-07
-1.08516e-06 -6.44038e-07
1.28677e-06 -5.32834e-07
-1.37642e-06 3.1776e-07
-8.39306e-07 1.66348e-08
8.17834e-07 -4.61245e-08
-1.0487e-06 6.99827e-07
-2.15867e-06 1.83228e-07
1.33433e-06 -5.01117e-08
-1.66023e-06 -6.34529e-08
1.20547e-07 -9.64849e-08
1.17086e-06 3.12229e-07
1.00647e-06 -1.53612e-07
-7.21279e-07 -5.14466e-07
3.64398e-07 -2.65632e-07
-2.1536e-06 4.054e-07
-7.2221e-07 -2.00718e-07
-1.46471e-06 -1.27963e-07
2.01549e-06 -2.0504e-07
-1.00436e-07 9.5146e-08
-2.03196e-06 2.78241e-07
3.56974e-07 6.45072e-07
1.8025e-06 -4.18672e-08
-1.53598e-06 6.78534e-08
2.02551e-06 -1.54086e-07
-7.33851e-07 -4.47904e-07
-1.67045e-06 -3.43584e-07
1.20506e-06 -4.76289e-07
4.78052e-07 -4.43185e-07
-1.97705e-06 -5.67185e-07
-1.98004e-06 -9.24617e-09
-2.01023e-07 8.35019e-10
-1.51855e-06 -3.95396e-07
1.65618e-06 1.0455e-07
-1.74353e-06 -6.50411e-07
3.21089e-07 -4.75757e-07
1.93178e-06 6.41138e-07
-6.59222e-08 2.73601e-07
1.23674e-06 -6.44383e-07
1.78315e-06 -2.52487e-07
-6.9068e-07 -1.21411e-07
7.68381e-07 2.16299e-07
9.98359e-07 1.72714e-07
1.55591e-06 3.66047e-07
-1.02622e-06 -5.02803e-07
-9.97964e-07 -1.22785e-07
1.62959e-06 4.71036e-07
3.60099e-08 -6.12551e-07
-1.33835e-06 -3.00786e-07
-1.13515e-06 2.70812e-08
-8.39322e-07 -1.73945e-09
8.1082e-07 -2.97699e-07
-2.0731e-06 5.70145e-08
-6.32254e-07 6.65867e-07
-1.57244e-07 -5.74057e-07
1.82718e-07 -6.52323e-08
4.2569e-07 -2.52121e-08
-1.70085e-06 4.61095e-07
-2.12641e-06 -4.16604e-07
1.20012e-06 4.38117e-07
1.9985e-06 -6.22554e-07
1.41237e-06 -3.34679e-07
5.58476e-07 -5.96078e-07
-8.03616e-07 -2.04588e-07
-1.18413e-06 -6.51382e-08
1.74354e-06 2.27305e-07
3.54803e-07 -2.52008e-07
-6.93109e-07 -6.95902e-07
-1.44045e-06 -5.00538e-07
6.33188e-07 -2.50801e-07
1.04343e-06 -4.73125e-07
-8.54985e-07 1.48042e-07
-1.11516e-06 -3.83199e-07
-1.92105e-06 2.52529e-07
-3.48029e-07 8.39649e-08
2.81288e-07 -6.61575e-07
-9.97167e-07 -6.92912e-07
-1.32947e-07 5.1445e-07
2.11395e-06 5.46814e-07
-4.53046e-07 1.1303e-07
1.94273e-06 3.17003e-07
-8.20941e-07 5.41187e-07
2.07095e-07 -2.61295e-07
-3.38643e-07 3.74305e-07
-1.40428e-06 -2.55329e-07
-1.63378e-06 1.98431e-07
-1.09349e-07 6.03757e-07
1.45329e-06 -5.14798e-07
1.69486e-07 -1.44758e-07
-2.19543e-06 -6.85652e-07
-1.73475e-07 -1.24756e-07
2.64868e-07 2.65628e-07
2.12591e-06 1.3159e-07
-1.00944e-06 -3.16588e-07
1.30016e-06 -3.20041e-07
-2.75367e-07 6.44227e-07
-1.27055e-06 -2.51592e-07
-3.90882e-07 -5.40418e-09
-2.12453e-06 -5.39742e-07
3.30623e-07 2.83084e-07
5.95112e-07 -3.9249e-07
1.75942e-06 6.70054e-07
5.18237e-07 -4.37703e-07
1.75043e-07 -1.8184e-08
-9.30467e-07 1.88147e-07
-1.07974e-06 1.69639e-07
-1.02448e-06 4.40793e-07
-4.10116e-07 2.78428e-07
4.89379e-07 -1.76575e-08
2.08858e-06 -8.56685e-08
-3.26592e-07 -4.34197e-07
1.7857e-06 -1.85028e-07
1.4432e-08 1.05199e-07
4.71342e-07 -5.57101e-07
-1.59226e-06 1.42317e-07
9.52615e-07 -6.975e-08
-4.90223e-07 -4.88509e-07
1.09284e-06 5.45071e-07
-3.51462e-07 -7.09723e-08
-5.13263e-07 -6.88767e-07
-2.41447e-07 7.7778e-09
1.00431e-06 1.46225e-07
-1.08506e-06 7.54215e-09
-1.94566e-06 4.87259e-07
1.91955e-06 5.44561e-08
-1.1352e-06 6.48537e-07
-2.84061e-07 2.22965e-07
-1.42665e-06 2.1977e-07
1.59566e-06 4.62315e-07
-1.45521e-06 -5.85487e-08
5.93925e-07 -1.08891e-07
-1.69705e-06 5.01502e-07
1.41691e-06 -6.22889e-07
-7.3173e-08 1.1497e-07
-7.45776e-07 5.42815e-07
7.01234e-07 -7.75158e-08
1.452e-07 3.14627e-07
1.63634e-06 5.40691e-07
-7.33301e-07 8.41112e-08
9.90388e-07 2.95614e-07
2.96444e-08 3.78749e-07
1.54683e-06 2.72743e-07
-2.00648e-06 -2.88021e-07
1.00648e-06 4.02001e-07
-2.75128e-07 -1.56739e-07
-1.3546e-06 5.05147e-07
-3.01574e-08 -6.51608e-07
9.59795e-07 -3.28175e-07
-3.64091e-08 -3.77979e-07
1.22572e-06 -3.03656e-07
8.53244e-07 3.0018e-07
-3.64117e-09 5.08119e-07
6.50815e-07 6.42945e-07
-2.40037e-07 -1.44185e-07
-1.14524e-06 -4.658e-07
-3.35573e-07 -1.2568e-07
2.17789e-06 -5.28102e-07
1.754e-06 3.74654e-07
-6.13056e-07 1.17783e-09
-1.5509e-06 3.08557e-07
1.98783e-06 -2.09679e-07
3.85668e-07 -1.06307e-07
1.23593e-06 -3.63985e-07
-1.4544e-06 5.43957e-07
4.67594e-07 -3.93568e-07
1.76176e-07 6.72448e-07
1.07107e-07 5.74865e-07
1.3741e-06 -9.52443e-08
9.60654e-07 -6.02315e-07
-5.63425e-08 2.74535e-07
4.78053e-07 -1.50219e-07
5.62475e-07 -4.52505e-07
-3.12989e-07 -6.50123e-07
2.09734e-06 5.27995e-07
-1.01594e-06 5.09742e-07
2.19796e-06 3.55351e-07
-1.01979e-06 -5.81177e-07
-1.26366e-06 6.76973e-07
-1.9213e-07 -1.77747e-07
-7.82038e-07 -7.12003e-08
2.05182e-06 -8.88544e-08
1.20299e-06 4.43097e-07
-8.25411e-07 -1.59275e-07
-1.68603e-06 2.56438e-07
-9.77763e-07 4.30539e-07
-2.16855e-06 -5.82572e-07
1.9669e-06 5.90886e-07
-1.45408e-06 -2.5428e-07
1.89937e-06 -5.72822e-07
1.54943e-06 -6.38675e-07
-1.41489e-06 -6.69194e-07
-1.48626e-07 -5.56565e-07
-1.31195e-06 -5.21617e-07
1.99194e-06 4.3406e-08
9.56293e-07 1.84987e-07
-5.11945e-07 3.51705e-07
1.44522e-06 -4.40921e-07
4.35958e-07 -3.11012e-07
1.62015e-07 5.90984e-07
1.85963e-06 1.18119e-08
3.25248e-08 2.03149e-07
-1.42186e-06 -1.67261e-07
-1.0025e-06 -6.42122e-07
1.75467e-06 1.16764e-07
-1.8618e-06 6.17464e-07
1.54054e-06 -8.51376e-08
5.24926e-07 1.81449e-07
-6.13911e-07 -3.56994e-07
-5.09672e-07 -4.07754e-07
-6.11507e-07 2.18418e-07
-2.02056e-06 5.00797e-07
1.47681e-06 2.14364e-07
-9.29817e-07 3.98676e-07
-1.52828e-07 -6.78109e-07
1.66409e-07 -6.47363e-08
-1.47319e-06 5.87107e-07
-6.57501e-07 3.3989e-08
1.81057e-06 2.66636e-08
-4.81828e-07 -4.4737e-07
-2.0034e-06 -4.68058e-07
1.71943e-06 5.98244e-07
-3.19534e-07 -4.89493e-07
-1.30329e-07 -1.64829e-07
-3.38743e-07 -1.67287e-07
1.19721e-06 3.97954e-07
1.62393e-06 -4.16228e-07
2.73719e-07 4.95335e-07
-7.90935e-07 2.96824e-07
1.87576e-06 -4.05131e-07
1.70989e-06 9.46118e-08
1.94876e-06 4.77414e-07
3.36951e-08 -6.20419e-07
-8.12932e-07 -2.04634e-07
-6.02873e-08 -4.07781e-07
3.69266e-07 4.62078e-07
-7.59764e-08 -3.6882e-07
1.49671e-06 5.26836e-07
1.81883e-06 -5.52786e-07
-1.34534e-06 2.72528e-07
1.00934e-06 -6.01708e-08
1.29961e-06 1.30758e-07
-1.84046e-06 -5.91462e-08
-1.3598e-06 -2.15505e-07
-7.09534e-07 1.01145e-07
1.76016e-06 -5.83139e-07
-1.20647e-07 -2.06422e-07
-3.82791e-07 -5.91616e-07
1.28777e-06 2.75424e-07
1.43398e-06 3.10511e-07
8.81401e-07 4.42698e-07
-7.58731e-08 4.35239e-07
7.41773e-07 -2.82483e-07
1.42169e-06 2.57676e-07
-8.27021e-07 4.37942e-07
-2.11477e-06 -4.03464e-08
-1.34552e-07 -1.61506e-08
-4.48358e-07 -4.0996e-07
-2.78813e-07 -1.753e-07
1.30853e-06 -5.49472e-07
1.46375e-06 -1.0322e-07
1.98428e-06 1.56578e-07
7.40358e-07 -3.86418e-08
9.95972e-09 -6.93589e-07
-5.4669e-07 -2.38239e-07
-7.95115e-07 -9.51112e-08
-6.74297e-07 -3.87958e-07
1.34977e-06 -6.09688e-07
1.1468e-06 2.14085e-08
1.63373e-06 -5.45242e-07
1.47835e-06 -6.10679e-07
-1.44905e-06 3.83847e-07
-1.20613e-06 -5.77764e-07
-1.75498e-06 -3.40961e-07
-1.53904e-06 4.08639e-07
8.01642e-07 6.29843e-07
-3.29602e-08 5.08127e-07
-1.1689e-06 -9.71047e-08
-1.65662e-06 -6.23471e-07
1.50816e-08 -3.44795e-07
7.86985e-07 4.82091e-07
4.12601e-07 1.56366e-07
-2.15722e-06 4.88822e-08
-1.25817e-06 6.0142e-07
-1.95916e-06 -4.79003e-07
2.00099e-06 -6.94694e-07
-6.05739e-07 3.27099e-07
-1.59432e-06 -6.58899e-07
-7.68875e-07 1.63719e-07
-1.94044e-06 2.04533e-07
-1.25783e-06 -6.56314e-07
-3.7323e-07 3.86069e-08
1.7991e-07 3.04576e-08
-2.00942e-06 -2.64483e-07
-2.14865e-06 1.73457e-08
1.20014e-06 -5.4705e-07
2.35513e-07 -4.88613e-07
-4.49138e-07 2.50588e-07
-4.18289e-07 5.72216e-07
-2.51116e-07 -5.1892e-07
-7.52954e-07 4.62579e-07
-2.17999e-06 -3.26535e-07
-4.16087e-07 -4.2165e-07
6.75027e-07 -5.09532e-07
-1.76845e-06 5.7035e-07
-4.56351e-07 -2.64605e-07
2.48048e-07 2.54194e-07
-1.42476e-06 -4.05848e-07
3.13493e-07 9.95296e-08
-1.91415e-06 -4.97039e-08
-7.02682e-07 -3.55685e-07
1.94661e-06 4.35987e-07
1.08648e-06 6.67607e-07
2.0721e-06 6.89902e-07
8.37446e-08 -4.87637e-07
4.62749e-07 -4.23741e-08
8.63283e-07 -1.04387e-07
1.40912e-06 4.20101e-07
1.08743e-06 -2.36845e-07
-1.45346e-06 4.02162e-07
-1.97411e-06 4.30978e-07
1.08745e-06 -1.32932e-07
1.10801e-06 -2.338e-07
-2.17992e-06 6.36876e-07
-9.23283e-07 1.53126e-07
6.74213e-08 -3.7719e-07
-1.55241e-06 5.21523e-07
1.53246e-06 -5.4442e-08
4.42519e-07 -7.3194e-08
7.60099e-07 1.90412e-07
1.46812e-06 2.00904e-07
-1.98979e-06 3.02561e-07
-1.43693e-06 4.41994e-07
-8.34597e-07 -3.31947e-07
-1.41499e-06 2.1184e-07
-2.01155e-06 9.17283e-08
-5.37078e-07 5.62344e-07
-1.26432e-06 1.92252e-07
8.03697e-08 -6.62569e-07
-1.30628e-06 1.89194e-07
2.11656e-06 3.68219e-07
-7.03398e-07 -1.58953e-07
-1.6425e-06 1.66898e-07
1.84121e-06 1.25513e-07
-1.19769e-06 5.43688e-07
1.23864e-06 -6.64101e-08
1.20093e-06 -6.84046e-07
-1.58806e-06 -6.3161e-08
1.957e-06 -1.0706e-07
4.54744e-07 3.46877e-07
6.5292e-07 1.93456e-07
6.56763e-07 5.70693e-07
-1.28509e-06 -2.00586e-07
-4.05939e-07 5.35987e-07
-1.8047e-06 1.42865e-07
-1.45812e-06 6.36518e-07
-5.46941e-08 -5.15466e-07
2.05341e-06 -5.94596e-07
-2.0246e-06 2.49273e-07
-1.95664e-06 -4.40048e-07
-1.99829e-06 -6.44955e-07
-9.07782e-07 3.03961e-07
-1.3093e-06 -5.41549e-07
-1.40819e-06 -2.34244e-07
-1.67879e-07 -2.09581e-07
2.17326e-06 6.94133e-07
2.16368e-06 -4.91638e-07
5.12203e-07 3.2667e-07
1.1079e-06 3.3625e-07
-2.1159e-06 6.52957e-07
2.16395e-06 2.82051e-07
-6.91949e-07 -2.72763e-07
8.11555e-07 3.0079e-07
4.46734e-08 2.35386e-07
-2.1573e-06 3.99756e-07
-7.79353e-07 -5.37028e-07
-1.93163e-06 1.35603e-07
7.28906e-07 9.40718e-09
1.13792e-06 -4.18187e-07
-3.99224e-07 6.24746e-07
1.42177e-06 -2.73934e-07
6.5438e-07 -2.81033e-07
1.12583e-06 4.14013e-07
2.02927e-06 -2.31393e-07
-1.46017e-06 -1.66964e-07
-3.76079e-07 4.14841e-07
1.68168e-06 -5.25359e-07
1.8974e-06 6.4397e-07
2.13749e-06 4.30956e-07
1.16871e-06 -6.80179e-07
-1.36292e-06 1.30197e-07
1.97588e-06 3.53279e-07
1.0552e-06 -5.5919e-07
-9.55496e-07 6.75623e-07
-2.09614e-06 5.32617e-07
-6.73258e-07 5.80553e-07
-3.62104e-08 -9.06906e-08
-1.67829e-06 -4.54229e-07
-1.42634e-06 -5.49315e-07
9.2463e-07 6.00936e-07
-2.08152e-06 2.25348e-07
-7.00139e-07 -5.33577e-07
1.68209e-06 -4.73562e-07
1.56883e-06 -3.41145e-07
1.27325e-06 2.99766e-07
1.81289e-07 -2.10374e-07
-2.2655e-07 -5.87805e-07
1.65658e-06 -5.6143e-07
9.84805e-07 -3.18415e-07
-5.97627e-08 -7.31355e-08
-2.16731e-06 4.74172e-07
7.30778e-07 -3.86107e-08
-2.1147e-06 -3.36881e-07
-1.78207e-06 9.47273e-08
-1.26488e-06 -3.40039e-07
-1.63004e-07 -3.98221e-08
1.22436e-06 6.14989e-07
1.45321e-06 2.28431e-07
-9.79022e-07 -5.87593e-09
6.16875e-08 2.04082e-07
1.10359e-06 4.43107e-07
-1.04705e-06 4.17948e-07
3.58774e-07 2.11552e-08
1.94615e-06 6.0607e-07
5.24e-07 6.15115e-08
1.04606e-06 -1.58841e-07
6.18234e-07 2.65272e-07
1.47246e-06 -4.45754e-07
-8.23442e-07 -3.18327e-07
-1.22693e-06 -5.3505e-07
4.75317e-07 -4.96818e-08
-1.07405e-06 -4.76793e-07
5.88654e-07 -4.80774e-07
6.83438e-07 -6.69672e-07
-5.58218e-07 1.40206e-07
-1.40299e-07 -4.50424e-07
1.2865e-06 2.37998e-07
-9.13236e-07 1.10892e-07
-1.99576e-06 1.99704e-08
-2.0976e-06 -6.78961e-07
1.77861e-06 3.09027e-08
1.21197e-06 3.39152e-07
1.23889e-06 3.96986e-08
1.72193e-06 -5.13975e-07
-1.37555e-06 6.13903e-07
1.10268e-06 -4.92555e-08
1.73236e-06 -6.2908e-07
-1.3121e-06 -3.779e-07
-1.75527e-06 2.79569e-07
-3.21277e-07 1.64454e-07
4.32233e-07 6.28143e-08
1.8332e-07 6.91127e-07
-1.04704e-07 -5.43272e-07
5.24229e-08 1.70253e-07
-9.5833e-07 1.597e-07
1.01204e-06 -6.22534e-08
9.79271e-07 -5.60835e-07
-1.69707e-06 3.61997e-07
8.30046e-07 2.22695e-07
1.82539e-06 -4.75808e-07
6.0616e-08 3.78334e-07
-2.27515e-07 1.27183e-07
2.013e-06 -1.62193e-07
-1.3424e-06 6.2345e-07
1.22696e-06 6.38131e-07
1.11616e-06 4.29075e-07
4.34131e-07 5.33202e-07
-9.69458e-07 -2.43535e-07
4.30054e-07 2.88463e-07
-1.1376e-06 -3.323e-07
9.11552e-07 6.13647e-07
-4.63767e-07 -3.06594e-07
1.8156e-06 1.65506e-07
-1.42176e-06 -4.23367e-07
1.15322e-06 3.46051e-07
1.18693e-06 -6.20886e-08
1.87778e-06 -2.01206e-07
6.86142e-07 -2.05838e-07
1.68728e-06 2.88887e-07
2.1557e-06 -1.85362e-07
-6.24658e-07 -6.51926e-07
7.96742e-07 2.49719e-07
-1.38159e-06 -1.1578e-08
-1.02429e-06 2.59391e-07
1.60788e-06 4.07948e-07
1.44e-06 3.14226e-07
-2.49464e-07 5.9466e-07
1.21343e-06 -4.4025e-07
1.2228e-06 5.4395e-07
-8.64139e-08 3.81726e-07
-1.60226e-07 2.14699e-07
1.62792e-06 5.10122e-08
9.62384e-07 -1.57817e-07
1.70814e-06 -6.16259e-07
-1.24125e-06 2.94122e-07
-8.27481e-07 3.02369e-08
1.90662e-07 6.51098e-07
3.74004e-08 2.01026e-07
1.74267e-06 -4.65544e-07
2.18126e-06 -3.20321e-07
-6.0545e-07 -6.0619e-07
1.28228e-06 -1.58946e-08
1.3879e-06 1.23322e-08
1.5703e-06 -4.8968e-07
7.90752e-07 -5.42481e-07
-1.55461e-06 3.14398e-07
1.50944e-06 3.88249e-07
-1.58367e-06 1.46328e-07
-1.8752e-06 -1.90943e-07
1.33798e-07 -2.05609e-07
2.14239e-07 6.80013e-07
-2.08141e-06 4.78767e-07
-2.37768e-07 -3.64738e-08
8.09908e-07 6.20014e-07
6.08733e-07 6.04989e-07
4.53178e-07 1.8101e-07
3.26098e-07 4.92301e-07
9.49066e-07 -5.35608e-07
2.06465e-06 2.31719e-07
-1.15732e-07 -4.10039e-07
-6.98661e-07 -4.41273e-07
1.97442e-06 4.02553e-07
3.63474e-07 3.37715e-07
-2.13253e-06 -1.06589e-07
-1.67553e-06 -2.52887e-07
-5.7031e-07 4.39091e-07
-2.10807e-06 -6.535e-07
-1.11182e-06 2.72502e-07
-6.15755e-07 3.24257e-07
-4.60707e-07 -1.16669e-07
-2.07233e-06 2.66769e-07
-1.16234e-06 -6.1835e-07
1.80495e-06 3.90142e-07
9.69605e-07 2.8612e-07
-1.32797e-06 -6.02603e-07
1.26856e-06 -3.11474e-07
1.68291e-06 3.9244e-09
-1.67502e-07 5.72998e-07
-1.98895e-06 6.62461e-07
8.0197e-07 2.93625e-07
4.90344e-07 -3.2209e-07
4.53115e-07 -1.12211e-07
1.05095e-06 -8.36473e-09
1.8679e-06 1.24822e-07
-4.32179e-07 1.9032e-08
8.23772e-07 -1.4611e-07
-4.88124e-07 5.35311e-07
-6.71914e-07 6.49407e-07
9.76554e-07 -2.17697e-07
1.18987e-06 4.90456e-07
1.43667e-06 -4.82395e-07
-1.70552e-06 -4.63214e-07
-1.79985e-06 1.86196e-07
4.20947e-07 6.16296e-07
-1.34475e-06 -3.03776e-07
-1.89237e-06 -6.15816e-07
1.44824e-06 6.44116e-07
1.34333e-06 -9.46932e-08
1.31642e-06 3.38978e-07
8.84584e-07 3.5142e-07
9.32107e-07 5.06114e-07
-3.76525e-08 -4.2181e-07
2.65236e-07 5.30233e-07
-1.35027e-06 -2.5743e-07
1.4987e-06 4.23848e-07
-1.70903e-06 -2.37944e-07
-3.64011e-07 2.05928e-07
1.49819e-06 -3.26514e-07
-1.87145e-06 6.81969e-07
1.54607e-06 -3.52203e-07
1.58715e-06 -4.75103e-07
-1.99368e-06 2.29673e-07
-2.1605e-06 1.74558e-07
-2.16475e-06 -5.34982e-07
-1.13169e-06 6.3012e-07
-5.03842e-07 -2.67736e-07
-4.39836e-08 -8.42985e-08
-4.1363e-07 1.36708e-07
1.48434e-06 -2.30507e-07
1.25557e-06 -1.83424e-07
-1.77577e-06 2.36992e-07
1.26031e-06 7.88328e-08
1.70269e-06 2.41686e-07
1.59673e-06 3.91407e-07
1.69212e-06 3.08989e-07
9.73906e-08 -3.57003e-07
1.88149e-06 -6.4616e-07
-1.32293e-06 -5.97916e-07
-1.96738e-06 4.12374e-07
-1.31947e-06 -4.45894e-07
-2.99606e-07 5.09238e-07
-1.09225e-06 -4.8155e-07
-1.83403e-06 6.75156e-07
1.21552e-06 5.57162e-08
2.07224e-06 5.1863e-07
-1.46202e-06 -3.55546e-07
9.26715e-07 1.12597e-07
3.21302e-07 5.80285e-07
6.74559e-07 3.91988e-08
-1.00505e-06 1.74802e-07
-9.34746e-07 -2.64092e-07
9.96336e-07 -5.44777e-07
1.16609e-06 -4.85285e-07
-1.64929e-07 -4.46656e-07
2.12282e-06 -3.40274e-07
-5.25917e-07 -5.47479e-07
1.77234e-06 3.08608e-07
2.16402e-06 9.9456e-08
1.2142e-06 3.02183e-07
4.15999e-07 2.35326e-07
2.08178e-06 -3.37875e-07
-1.92418e-06 5.32126e-07
1.24501e-06 4.40629e-07
5.31442e-07 -6.705e-07
3.54108e-07 -1.6151e-07
-1.85388e-06 -3.49676e-07
1.36958e-06 -3.62354e-07
1.84337e-07 3.05148e-07
1.19505e-06 -3.29903e-07
6.68124e-07 -5.62906e-07
-2.0661e-06 -3.76549e-07
1.71487e-06 6.45816e-07
2.95576e-07 -4.24846e-07
-1.34793e-06 6.94617e-07
1.32187e-06 5.1165e-07
-1.04565e-06 1.72919e-07
-1.21804e-06 -5.16173e-07
1.69044e-06 4.53044e-07
1.81234e-06 -5.37551e-07
-2.08051e-06 -3.90454e-07
1.46588e-06 5.11189e-07
7.40371e-07 6.57978e-07
1.48255e-07 2.15879e-07
-2.09021e-06 -2.49663e-07
-1.73581e-06 6.70829e-07
1.04791e-06 2.93789e-07
2.01935e-06 1.18887e-07
-3.84673e-08 -2.35176e-07
1.06453e-06 -4.8749e-07
2.0918e-06 4.69873e-07
1.00584e-06 -3.82668e-08
1.87706e-07 -5.97082e-07
-4.93225e-07 -6.85542e-08
4.81031e-07 -2.94309e-07
-3.51053e-07 4.55945e-07
2.10621e-06 6.40691e-07
-2.18259e-06 -1.61257e-07
-1.9099e-06 -5.18193e-07
-6.91047e-07 -1.32489e-07
-3.77884e-07 1.60415e-07
3.55989e-07 -3.85833e-07
-2.55438e-08 -4.46681e-07
2.09774e-06 -4.96031e-07
-1.418e-06 -3.41187e-07
2.15132e-06 -8.21828e-08
6.30062e-07 -5.38448e-07
-2.06999e-06 1.17597e-07
4.82255e-07 6.43371e-07
7.82765e-07 -2.03111e-07
4.80749e-07 6.22172e-07
1.87401e-06 1.24575e-07
1.41355e-06 1.72219e-07
9.11764e-08 1.08154e-07
-1.98013e-06 -2.02177e-07
-1.75162e-07 -5.99549e-07
8.64484e-07 1.31785e-07
-1.90231e-07 -6.59564e-07
3.74181e-07 -2.8881e-07
-1.22367e-06 -2.91602e-07
-1.80864e-06 2.84058e-07
8.22324e-07 6.50542e-08
7.18807e-07 -3.4955e-08
-6.77831e-07 4.04164e-07
-4.8575e-08 1.18772e-07
-1.3865e-08 5.17443e-07
-1.43528e-07 -4.02199e-07
-1.72848e-06 3.39414e-08
-1.275e-06 3.70796e-07
6.49507e-07 4.85209e-07
1.07121e-06 3.30225e-07
-4.38508e-07 -6.19457e-07
-5.46733e-07 -1.01319e-08
-5.69454e-07 1.59939e-07
-5.08954e-07 -5.68121e-07
1.88509e-06 -1.51292e-07
4.42279e-07 4.60614e-07
-1.8195e-07 -3.38048e-07
1.42626e-06 4.28989e-07
2.07233e-06 -1.91914e-07
-1.9471e-06 6.21006e-07
-1.35402e-06 -3.29016e-07
2.07129e-06 3.33294e-07
1.47637e-07 -5.11846e-07
3.24918e-07 3.64556e-07
4.29717e-07 8.67759e-08
-9.72448e-07 -3.85713e-07
-1.22107e-06 4.08091e-07
1.50073e-06 -5.33531e-07
6.66224e-07 2.17169e-07
-5.12589e-07 5.80016e-07
1.35839e-06 2.08543e-07
-6.23428e-07 -5.37075e-07
-1.92341e-06 -3.37608e-07
-9.04984e-07 1.83043e-07
1.10923e-07 4.0201e-08
8.36287e-07 3.66193e-07
-8.6441e-08 1.37303e-07
1.34758e-06 6.39529e-07
1.6131e-07 -2.90405e-07
-2.79627e-07 -4.57702e-07
1.25844e-06 4.99901e-07
5.37541e-07 1.35609e-07
6.83239e-07 4.79606e-07
2.54407e-07 -4.49503e-07
1.28755e-06 5.21183e-07
-1.8031e-06 1.83817e-07
1.17307e-06 6.51927e-07
1.29655e-06 1.35181e-07
-2.30403e-07 3.96768e-07
-1.40718e-07 -6.0423e-08
-2.08672e-07 2.98678e-07
-1.56477e-06 8.47657e-08
-1.87891e-06 -7.59356e-08
-1.84659e-06 3.53078e-08
-1.83916e-06 -1.03747e-07
9.03297e-07 -4.16131e-08
-1.27675e-06 4.1288e-07
2.46297e-07 5.64251e-07
1.00576e-06 -3.43887e-07
-7.57436e-07 -4.38094e-07
1.37326e-06 2.93574e-07
-1.53745e-06 2.1315e-07
-1.18885e-06 4.12314e-07
1.48263e-06 -4.74059e-07
4.61033e-07 -5.08963e-07
1.26268e-06 1.82786e-07
2.51247e-07 -1.9342e-08
-1.02057e-06 5.00062e-07
2.18666e-06 1.26978e-08
-1.62503e-06 1.13507e-07
1.61858e-06 5.15594e-07
1.51754e-08 4.89837e-07
1.54752e-07 6.49288e-07
-1.65844e-06 -1.11501e-07
4.41476e-08 2.00695e-07
-2.7876e-07 -1.28618e-07
4.3926e-07 -1.72281e-07
-2.14281e-06 3.57251e-08
9.63661e-07 -5.4851e-07
1.14179e-06 3.97433e-08
1.45393e-06 -3.70512e-07
-9.27587e-07 -2.90806e-09
-1.27638e-07 9.8699e-08
-1.13255e-06 -5.87276e-07
-1.89456e-06 -4.0007e-07
4.47552e-10 -1.91834e-07
2.10293e-06 5.85847e-07
-8.07546e-07 -2.93857e-07
2.13333e-06 -1.11623e-08
-2.83475e-07 1.66161e-07
6.02239e-07 -3.40601e-07
-4.50994e-07 -5.77364e-08
-2.52831e-07 -6.63083e-07
-1.2072e-06 4.06109e-07
-7.67881e-08 2.2014e-07
-4.38675e-07 -3.77526e-07
8.18417e-08 2.32029e-08
-1.10246e-06 4.94159e-07
-6.06643e-07 6.08767e-07
1.44935e-06 -3.5051e-08
1.80467e-06 3.10854e-07
-2.07196e-06 3.9701e-07
2.10107e-06 4.76642e-07
-5.86071e-07 3.43481e-09
5.73374e-08 -2.91186e-07
-1.37702e-07 -4.37751e-07
-9.17182e-07 1.21708e-08
9.11622e-07 -7.14848e-08
-1.08531e-06 2.38755e-07
1.195e-07 3.34738e-07
1.26634e-06 -1.3233e-07
2.29895e-07 2.06391e-07
4.48409e-07 -5.24768e-07
1.10134e-06 3.54446e-08
-2.01042e-07 9.22272e-08
9.52482e-07 2.51453e-07
-1.77192e-06 1.33984e-07
-3.25843e-07 5.43704e-08
5.64301e-07 -1.91975e-07
-2.02317e-06 4.0564e-07
-1.26245e-06 -1.76102e-07
1.87619e-06 -6.45984e-07
2.08807e-06 5.61484e-07
2.10782e-06 -2.73143e-07
1.60839e-06 -2.97032e-07
4.5934e-07 -7.87072e-08
-2.40443e-08 5.64674e-07
3.93298e-07 4.52985e-07
1.42548e-06 3.21992e-07
-1.80995e-06 -9.54818e-08
1.55584e-06 4.66129e-07
-8.43527e-07 -2.81863e-07
-1.7152e-07 -5.799e-07
-1.16684e-06 -6.55364e-07
-9.97761e-07 1.21082e-07
-2.1591e-06 6.5093e-07
1.39244e-06 6.68688e-07
-5.86982e-08 6.55309e-07
-1.11706e-06 -2.44689e-08
1.98343e-06 -1.22909e-07
1.20431e-06 6.15976e-07
1.05659e-06 -3.67796e-08
-2.82409e-07 3.40255e-07
1.1376e-06 5.88226e-07
1.41752e-06 3.51163e-07
1.87595e-06 -3.47861e-07
-2.14469e-06 -5.79381e-07
-1.65507e-06 3.05974e-07
-1.09554e-06 2.88055e-07
-1.80475e-06 -4.22968e-07
-1.10189e-06 -5.87869e-07
-2.78836e-07 3.75562e-08
1.57873e-06 6.17223e-08
1.83748e-06 -9.85505e-08
-6.66636e-07 -6.75475e-07
8.79759e-07 -4.3295e-08
1.79663e-06 6.50082e-07
1.16165e-06 4.74388e-07
-1.28627e-06 2.92992e-07
-2.18772e-06 5.25751e-07
1.44043e-06 -1.68635e-07
-4.08365e-08 -4.14057e-07
1.33144e-08 2.06001e-07
-2.46122e-07 6.54014e-07
-1.87061e-06 4.47071e-07
1.43496e-06 -5.46394e-07
-1.80612e-06 -2.78394e-07
-3.6186e-07 3.23813e-07
1.99507e-06 -3.88152e-07
1.30763e-07 4.82411e-07
-2.91675e-07 3.43705e-07
9.82609e-07 5.69984e-07
1.70653e-06 5.74611e-07
3.71882e-07 1.85187e-07
-7.97253e-07 -3.70461e-07
-7.66918e-07 -2.40558e-07
1.99569e-06 2.01139e-07
-1.39574e-06 -1.03026e-07
-1.53504e-06 6.77199e-07
1.78553e-07 5.52046e-07
-3.46462e-07 -2.22127e-08
2.14595e-06 -4.33296e-07
-2.05581e-06 -4.55944e-07
-8.26731e-07 1.00841e-07
-1.88938e-06 -8.59857e-08
-1.82032e-06 -4.13e-08
-3.04157e-08 -3.62464e-07
3.78132e-07 -5.53885e-07
-2.02863e-06 2.57437e-07
1.52836e-06 -5.55797e-07
1.43071e-06 1.35716e-07
-9.02623e-07 -4.64849e-07
-8.75724e-08 4.29889e-07
-2.07695e-06 5.09628e-07
-8.06851e-07 -4.97108e-07
-1.06171e-06 -1.77164e-07
-2.71315e-07 -3.74805e-07
7.62718e-07 -1.50606e-07
-1.50944e-06 8.69013e-08
6.63815e-07 1.64966e-07
2.21477e-07 -5.06085e-07
-9.01821e-07 -2.42233e-08
1.83741e-06 6.34676e-07
2.61686e-07 -5.10001e-07
-1.79035e-06 4.54247e-07
-3.53219e-07 -8.54214e-08
-8.5718e-07 6.07606e-07
1.25288e-08 -2.37513e-07
-4.51506e-07 -4.424e-07
-2.13888e-06 6.1075e-07
5.03134e-07 -1.19981e-07
-1.31386e-06 -8.51714e-08
-1.56674e-06 -1.90224e-07
4.0863e-07 -4.55243e-07
6.51172e-07 4.25732e-07
2.1943e-07 4.20769e-07
-9.12505e-07 -7.47196e-08
1.54568e-06 2.20764e-07
-9.79684e-08 -2.90254e-07
-9.47061e-07 4.66944e-07
5.6524e-07 6.43467e-07
2.70594e-07 6.4808e-07
9.58567e-07 -2.87427e-08
-1.80915e-06 2.3939e-08
-1.47716e-06 -3.37776e-07
-2.19864e-07 5.16161e-07
-1.12485e-06 4.24303e-07
1.43841e-06 -3.59208e-07
-2.15945e-07 -5.69458e-07
1.00168e-06 -3.67862e-07
1.74676e-06 8.16632e-08
8.65553e-07 -1.01985e-07
7.69721e-07 2.13787e-07
-7.44058e-07 6.95795e-07
2.07166e-06 -2.57477e-08
4.5139e-08 1.90133e-07
-2.5015e-07 -6.77195e-07
-1.44581e-06 6.58107e-07
1.47899e-06 1.86066e-07
1.35949e-06 1.84641e-07
1.08876e-06 -2.66029e-07
-6.17399e-07 6.17859e-08
1.08673e-06 -4.82876e-07
2.70396e-07 9.90858e-09
-1.02928e-07 6.94067e-07
2.04194e-06 -5.0696e-07
1.95225e-06 -7.20525e-08
-1.79426e-06 5.52485e-07
-1.58088e-06 -3.48893e-07
1.4731e-06 -8.2289e-08
-1.17484e-06 -4.67221e-08
1.02788e-06 3.87848e-07
1.64476e-06 -4.96121e-08
-5.14146e-07 -1.47969e-07
2.14477e-06 -1.20171e-07
1.9101e-07 1.82281e-07
-2.07341e-06 -1.48316e-07
-1.08585e-06 5.31955e-07
-3.12347e-07 8.10348e-08
-1.62067e-06 -2.41317e-07
-1.15658e-07 4.25357e-07
1.10025e-06 7.85969e-08
4.96681e-07 2.04462e-08
-1.97264e-07 -6.62493e-07
-1.59196e-06 5.63428e-07
8.78973e-07 -3.80637e-07
-1.11535e-06 5.1231e-07
4.01716e-07 -6.56073e-08
1.99993e-06 3.41092e-07
4.78922e-07 2.73739e-07
2.64087e-07 4.27877e-07
-1.59583e-07 -6.34633e-07
-8.67066e-07 5.85284e-07
-1.21931e-06 -5.57869e-08
4.07253e-07 5.34048e-07
3.69468e-07 5.31142e-07
1.42469e-06 2.22202e-07
-8.9416e-07 -5.78448e-07
-8.80181e-07 1.54891e-07
-1.0226e-06 6.82186e-07
-7.37727e-07 1.64214e-07
1.32237e-06 -3.60587e-07
-7.32084e-07 1.19932e-07
2.96077e-07 -6.85483e-07
-1.95257e-07 -3.09678e-07
6.61421e-07 1.51878e-08
1.0348e-06 -5.9176e-07
-8.1353e-07 -3.10506e-07
-1.99018e-06 9.97293e-08
2.05689e-06 -5.51581e-07
-2.16355e-06 5.52818e-07
1.0088e-06 4.16239e-08
-1.23031e-06 -6.50798e-08
2.14762e-06 1.53985e-08
9.12512e-08 4.39431e-07
-1.91042e-06 5.76137e-07
-9.01371e-07 2.23832e-07
1.7965e-06 -6.30203e-07
-2.69963e-08 -5.9235e-07
8.89735e-07 6.06826e-07
8.44193e-07 3.0761e-07
1.95152e-06 -6.16522e-07
-2.18707e-06 1.47084e-07
1.23601e-06 5.54712e-07
1.47353e-06 3.48945e-08
2.00825e-06 -5.84895e-07
-1.06162e-07 1.40448e-07
1.53162e-06 -3.11461e-07
-1.48868e-06 -4.75634e-07
-1.10927e-06 -7.94329e-09
-1.57121e-06 -3.38911e-07
1.12181e-06 -3.68928e-07
1.21498e-06 1.91995e-08
8.91779e-07 1.14055e-07
1.61609e-06 -1.01588e-07
-3.88285e-07 -5.64049e-07
-7.06864e-07 -3.11101e-07
-7.71026e-07 5.16803e-07
-4.78209e-07 -6.95984e-07
-3.4616e-07 -5.51686e-07
-6.85458e-08 1.12416e-07
-1.1956e-06 6.27474e-07
1.29292e-07 5.55302e-07
-1.52104e-06 5.57268e-07
-2.10428e-06 1.13926e-07
-1.54602e-06 -2.32503e-07
-1.93613e-06 -6.24739e-07
1.95733e-07 6.94951e-07
7.20842e-07 2.59738e-07
-7.9495e-07 -2.35816e-07
1.30243e-06 3.91568e-07
-5.74695e-07 -2.28967e-07
-1.31058e-06 1.41615e-07
9.47874e-07 -1.55369e-07
-1.71652e-06 2.62754e-07
1.81714e-06 1.30885e-07
1.76548e-06 6.60467e-07
6.98497e-08 -4.84135e-07
6.31041e-08 2.66222e-07
-6.8408e-08 1.78517e-07
2.24983e-07 6.86344e-07
1.22189e-06 3.57835e-07
1.22098e-06 9.81601e-08
-7.08139e-07 6.29192e-07
-1.12913e-06 -4.85405e-07
-2.27137e-07 6.71885e-07
6.47031e-07 -2.2357e-07
5.43802e-07 4.65839e-07
-1.41923e-06 -4.24088e-07
3.61366e-07 -4.2039e-07
-1.65476e-06 -6.79333e-07
-5.08648e-07 -4.26792e-07
-1.01252e-06 3.06093e-07
1.81459e-06 -5.28237e-07
-1.0238e-06 -2.47614e-07
-9.74664e-08 -3.52831e-07
1.11723e-06 6.25821e-07
2.50764e-07 -6.10136e-07
-2.74633e-08 6.62551e-07
7.78947e-08 6.76688e-08
3.32504e-07 -4.25544e-08
1.81401e-07 -6.24955e-07
1.55293e-06 -6.78311e-07
6.72734e-07 4.60099e-07
1.95323e-06 6.89822e-07
-2.16684e-06 8.45178e-09
6.60259e-07 1.19899e-07
-1.80901e-06 1.03492e-07
1.96937e-06 -1.34915e-07
1.53078e-06 5.21331e-07
-1.23667e-06 -6.35552e-07
-5.582e-07 5.13906e-07
-1.3261e-06 6.858e-08
1.08353e-06 -5.63989e-07
-8.83017e-07 3.01225e-07
-6.5475e-07 -6.9643e-07
-2.47251e-07 -2.13338e-07
-1.19224e-06 6.58499e-07
1.63749e-06 6.15734e-07
1.92342e-06 -5.0237e-07
2.18325e-06 -6.91843e-08
-1.11671e-06 2.2332e-07
-3.50176e-07 -4.15568e-07
-2.16991e-06 -5.14241e-07
-6.86429e-07 4.28989e-07
-2.07756e-06 5.21216e-08
-6.90616e-07 1.37934e-07
1.28636e-07 4.87044e-07
2.2476e-07 2.28437e-07
7.20868e-07 4.74301e-07
-4.40119e-07 2.65449e-07
1.8897e-06 2.18032e-07
-1.05882e-06 1.53708e-07
8.59559e-07 1.36061e-07
1.20713e-06 -3.31655e-07
-2.10439e-06 -4.71888e-07
-3.42213e-07 5.34027e-07
-7.21363e-07 -2.85423e-07
3.75862e-07 6.99134e-07
-1.52916e-06 3.99217e-07
9.07246e-07 -5.39858e-07
-1.04924e-06 -2.10041e-07
2.72796e-07 1.85215e-07
-4.6617e-07 -6.09938e-07
-2.09051e-06 -4.69845e-07
-1.57016e-07 -3.03597e-07
1.80238e-06 -6.3102e-07
2.17243e-06 -6.1948e-07
1.19064e-06 -5.86572e-07
-9.63493e-07 -3.07361e-07
1.62563e-06 1.52886e-07
-2.12715e-06 -2.84806e-07
-1.58877e-06 -2.18947e-07
1.74666e-06 -1.78143e-07
-1.85766e-06 -6.32637e-07
1.5115e-06 6.5174e-07
-1.52242e-06 -1.87733e-07
-1.98112e-06 4.87615e-07
-2.13224e-06 4.07943e-07
1.87341e-06 -6.89113e-08
-1.99205e-06 3.38032e-07
-1.76752e-06 5.15019e-07
-3.88947e-07 2.42844e-08
-9.83483e-07 -1.87148e-08
1.26256e-06 -2.21541e-07
1.66965e-06 6.73737e-07
-2.14298e-08 -8.0355e-08
1.81246e-06 -5.30462e-07
-4.11622e-07 -4.67585e-07
-5.74394e-07 6.62123e-07
-1.3063e-06 -4.96075e-07
1.80541e-06 -3.52056e-07
9.54719e-07 -1.33775e-07
1.82737e-06 1.82342e-07
-3.33383e-07 5.46112e-07
5.40255e-07 -2.07981e-07
4.53972e-07 4.14967e-07
1.46149e-06 -4.99215e-07
-8.87605e-07 2.41703e-07
7.28549e-07 4.96915e-07
