-2.43838e-07 2.04003e-07
-9.6611e-07 2.83828e-07
9.4495e-07 1.61266e-07
1.67083e-06 8.33966e-09
1.29856e-06 -3.2129e-07
-1.55406e-06 -4.53152e-07
-1.57838e-06 -2.64202e-07
2.19672e-06 -7.24702e-08
9.0992e-07 -1.22839e-07
-1.86455e-06 -5.0268e-07
-2.19217e-06 4.87587e-07
-1.23833e-07 3.10742e-07
-9.37681e-07 -1.15805e-07
-1.89298e-06 6.05357e-07
-2.28609e-07 -2.84961e-07
2.11264e-06 6.72817e-07
-1.28941e-06 2.37799e-07
-1.09299e-06 -4.67001e-07
3.10148e-07 -6.52489e-07
2.60153e-07 -3.07401e-07
1.31549e-06 -3.43784e-07
1.00322e-06 -4.05588e-07
8.45629e-07 -5.78133e-07
8.258e-07 -2.54343e-07
6.56206e-07 -2.55156e-08
2.4134e-07 5.31531e-07
-9.16336e-07 -1.93364e-07
1.55909e-06 -6.83198e-07
8.4359e-07 -6.14143e-07
-1.69991e-06 -3.57698e-07
1.82511e-06 -4.59016e-07
-8.54859e-07 -1.24878e-07
1.11416e-06 -3.93927e-07
-2.00044e-06 -5.2734e-07
2.55834e-08 2.26238e-07
9.48238e-07 -5.07159e-07
2.10421e-06 -5.72234e-07
1.6301e-06 -2.27696e-07
-2.16283e-06 2.65554e-07
9.83661e-08 -1.07889e-07
1.89231e-07 -6.3387e-07
1.47989e-06 5.61865e-07
2.13928e-06 -5.49138e-07
-1.35688e-06 -4.2831e-07
-6.96829e-07 1.44857e-07
-1.78323e-06 -4.87802e-07
1.72463e-06 1.03269e-07
-7.0584e-07 5.03426e-07
-2.0245e-06 2.73572e-07
-1.89904e-06 4.60503e-07
-1.42795e-06 -4.63708e-08
1.53791e-06 -2.4446e-07
1.85169e-06 1.3935e-07
-1.82434e-06 -4.40582e-07
5.69167e-07 -2.62438e-07
-1.0456e-06 3.22504e-07
9.22612e-08 -4.52e-08
5.58587e-07 -7.95136e-08
-1.60541e-06 -3.57757e-07
-1.32273e-06 -2.65474e-07
-9.52472e-07 9.43202e-08
1.95958e-06 -6.13453e-08
7.26759e-07 2.63976e-07
6.30194e-07 -1.35368e-07
-1.94227e-06 -5.72978e-07
3.70473e-07 -5.74206e-07
-1.35787e-06 -6.60626e-07
-1.21776e-06 -3.54345e-07
-6.73088e-07 6.04757e-07
1.43564e-06 6.40846e-07
2.10706e-06 -2.66222e-07
1.1114e-06 -1.01503e-08
1.5102e-06 -7.78941e-08
1.14187e-06 -2.80615e-07
4.83314e-07 1.63166e-08
-1.83481e-06 -6.30632e-07
-1.41831e-07 -2.7211e-07
1.16601e-06 -5.70272e-08
1.57626e-06 2.18415e-07
1.6843e-06 -5.09556e-07
1.34904e-06 2.13238e-07
-8.01006e-07 -5.08089e-07
2.10358e-06 -6.5579e-08
1.67675e-06 -3.83989e-07
5.37485e-07 -1.93204e-07
1.89373e-07 -3.79868e-07
-3.58022e-07 -4.75425e-07
-4.17365e-07 -1.03193e-08
-2.79475e-07 -5.40283e-07
1.82159e-06 -6.20787e-07
1.20216e-06 4.43512e-07
-3.75792e-07 -8.81196e-08
-3.31953e-07 -6.28305e-07
-1.12274e-06 1.22076e-07
-1.52297e-06 1.91484e-07
8.89542e-07 -5.264e-07
-5.2731e-07 4.7418e-07
-1.55525e-06 4.98643e-07
6.1395e-07 2.29263e-09
-8.65911e-07 1.53474e-07
-1.236e-06 -4.39306e-07
6.84517e-07 -3.26481e-07
1.43886e-06 2.23998e-08
-9.17402e-07 -5.3911e-07
9.88424e-07 5.23863e-07
-2.04733e-06 -1.69494e-07
1.6386e-06 -7.96062e-08
4.28113e-07 1.7508e-07
-3.70241e-07 -5.36211e-07
-8.90629e-07 -6.61814e-07
2.00144e-06 3.35354e-07
-1.55961e-06 -1.29935e-07
-1.94231e-06 1.95394e-07
1.72484e-06 -2.93994e-07
-1.1166e-06 4.64994e-07
-8.05316e-08 9.05273e-08
-1.46363e-06 6.49261e-07
-1.52117e-06 4.31777e-07
8.00906e-07 -1.27278e-07
9.81295e-07 -2.23942e-07
-1.94186e-06 -5.67514e-07
2.3763e-07 -5.16397e-08
8.28324e-07 -5.58494e-07
-6.81559e-08 -5.44634e-07
1.39601e-06 3.6436e-07
-6.60578e-07 4.11611e-07
-1.43234e-06 -2.48099e-07
-2.14867e-06 -2.02229e-08
1.99966e-06 -4.86357e-07
-1.45298e-06 -9.41375e-08
2.17034e-06 6.02066e-07
1.66985e-06 4.31815e-07
2.12585e-06 -5.63344e-07
-1.57661e-06 -4.80404e-07
9.93394e-07 3.5911e-07
-3.35142e-07 6.68803e-07
1.06501e-06 3.92029e-07
-5.99464e-07 -3.36275e-08
-1.99751e-06 -1.0621e-07
-3.58314e-07 2.53863e-07
9.9244e-07 6.00146e-08
6.2217e-07 -3.93711e-07
-1.0719e-07 -6.71781e-08
-2.46817e-07 5.25138e-07
3.63777e-07 -6.49001e-08
-1.59384e-06 6.17734e-07
-8.51563e-07 -3.01347e-07
-2.11263e-06 5.26612e-07
-8.92029e-09 -1.87263e-07
2.40572e-08 -4.51183e-07
1.51576e-06 6.31048e-07
-1.92422e-06 3.08357e-07
-6.07449e-07 -1.15497e-08
-1.42478e-06 1.1648e-07
1.80158e-06 6.19481e-07
-1.70962e-06 -7.00232e-08
-1.88027e-06 1.22729e-07
-6.04606e-08 2.11872e-07
-3.67258e-07 4.55255e-09
-1.16867e-07 -3.26496e-07
1.52833e-06 -8.78653e-08
-2.09714e-07 -6.60714e-07
-1.60249e-06 4.60477e-07
-5.88323e-08 1.50272e-07
8.09233e-08 6.96516e-07
1.37833e-06 -2.62404e-07
5.1595e-07 1.2274e-07
-2.13128e-06 4.98474e-07
2.25306e-07 6.07326e-07
-1.25067e-06 -6.77523e-08
1.27943e-06 4.98896e-07
-1.71986e-06 5.58051e-07
-1.57527e-06 -4.54957e-07
6.66837e-07 3.57449e-07
-9.32301e-07 6.43447e-07
1.96686e-06 -4.04993e-07
9.07785e-07 2.81823e-08
1.29027e-06 -1.31999e-08
-2.06926e-06 2.7087e-08
-2.06457e-06 -2.31667e-07
1.03709e-06 5.24414e-07
1.56998e-06 -3.56523e-07
-5.913e-07 -9.83402e-08
-4.94435e-07 -1.19197e-07
1.84747e-06 -6.10072e-07
-8.28994e-07 1.23566e-07
-1.37167e-06 4.06633e-07
6.24158e-07 8.57041e-08
7.51065e-07 -2.79572e-07
-2.07559e-06 -8.31093e-08
4.65789e-07 -4.27476e-07
1.98351e-06 8.69045e-08
1.79612e-06 -1.15465e-07
8.63093e-07 -3.97155e-07
-4.48444e-07 6.75274e-07
-2.19888e-06 4.61444e-07
1.19123e-06 -5.35862e-07
-1.30852e-06 6.12133e-07
-8.69393e-07 -6.45073e-07
4.0958e-07 3.42076e-07
1.69482e-06 -2.41182e-08
7.13199e-07 -6.03066e-07
2.16065e-06 -1.17816e-07
-1.22946e-07 -8.05441e-11
-7.37539e-07 -3.92176e-07
-4.1273e-07 -6.48255e-07
-7.2919e-07 -5.0238e-07
-7.72988e-07 4.24892e-07
-1.91857e-06 -5.4608e-07
-1.22656e-06 1.11491e-08
-1.45806e-06 9.87314e-08
-1.35572e-06 6.83895e-07
-8.35524e-07 3.3638e-07
1.90506e-06 5.97111e-07
5.46323e-07 4.23987e-07
-5.28494e-07 -6.61551e-07
6.60586e-07 -4.23793e-07
1.27907e-06 -1.95417e-08
2.46922e-07 6.94282e-07
-1.94801e-06 1.74414e-07
1.02195e-06 2.60858e-07
1.71415e-06 -2.01258e-07
-1.50635e-06 6.99927e-07
-1.46916e-06 5.23659e-07
-1.06475e-07 6.3921e-07
-4.81303e-07 -9.78089e-08
1.66718e-06 2.0461e-07
-2.26307e-07 3.61402e-07
-1.29295e-06 -1.44918e-07
2.05458e-06 3.12238e-07
-2.14845e-06 1.27471e-07
-1.148e-07 6.1727e-07
-1.0518e-06 3.87184e-07
8.24869e-07 3.34281e-07
5.85191e-08 5.67255e-07
-1.73803e-06 5.63637e-07
2.70287e-07 -2.23561e-07
-1.7464e-06 4.7697e-07
7.3654e-08 -6.49746e-07
1.33969e-06 -1.1463e-07
-4.52248e-07 -5.80288e-08
-2.13184e-06 -5.35518e-07
-8.57964e-07 -1.53853e-07
-5.72483e-07 -6.0117e-07
2.1978e-06 6.17381e-08
1.28876e-06 -3.59003e-07
-1.4954e-06 6.14838e-07
8.97191e-07 1.97454e-07
2.02258e-06 -3.03069e-07
1.33069e-06 6.74989e-07
1.51144e-06 -2.19854e-08
7.37755e-07 1.16989e-07
-1.65258e-06 -1.69334e-07
7.5399e-07 2.81595e-07
1.41677e-06 -5.39158e-07
-3.36111e-07 4.73056e-07
-1.91188e-06 1.8765e-07
1.37726e-06 5.40633e-07
7.82447e-07 2.57114e-08
-1.29327e-06 2.86873e-07
-5.10001e-07 3.3951e-07
-9.40053e-07 -5.65606e-07
-1.73787e-06 6.29732e-07
1.29508e-06 6.3475e-07
1.50605e-06 1.0789e-07
-4.35309e-08 3.7433e-07
1.9129e-06 4.31278e-07
-3.61523e-07 -6.57356e-07
-2.08145e-06 3.1118e-07
1.39836e-07 -3.3958e-07
-1.5674e-06 6.35573e-07
-1.96672e-06 -3.89397e-07
-4.17383e-07 -1.67676e-08
-1.83833e-07 -2.33478e-07
5.37479e-07 4.55429e-07
-1.29212e-06 1.31399e-07
2.15467e-06 -3.48156e-08
3.26464e-07 -3.49611e-07
1.0023e-06 -3.28771e-07
-1.39106e-07 6.19387e-07
1.83296e-06 1.03951e-07
1.94437e-06 -5.95034e-07
6.02042e-07 -4.65561e-07
6.53825e-07 -4.63086e-07
1.21084e-06 -2.91773e-07
3.20056e-07 5.71156e-07
-2.83695e-07 5.09728e-07
1.00456e-07 -1.83309e-08
-1.67184e-06 2.98263e-07
2.07119e-06 -2.95012e-07
1.07131e-06 -2.67004e-07
-1.7104e-07 5.65823e-07
3.99472e-07 2.47322e-07
-1.49675e-06 -1.75777e-07
7.89918e-07 3.73389e-07
1.79468e-06 2.99081e-08
-5.51211e-07 -1.80957e-07
1.43746e-06 6.60722e-07
1.38005e-06 -2.34816e-08
7.14862e-08 -1.76402e-08
-1.52696e-06 5.72108e-08
-2.02099e-09 2.62199e-07
4.8755e-08 5.94906e-07
-2.17569e-06 4.36811e-07
-1.95856e-06 4.78738e-08
-1.65546e-06 1.85691e-07
-1.17475e-06 -3.65806e-07
1.21875e-07 5.63861e-07
2.02556e-06 -4.73146e-07
8.33573e-07 -3.7686e-07
-2.03486e-07 -3.66531e-07
1.2198e-07 -5.38581e-07
-1.54126e-06 -3.93525e-07
-8.23695e-07 6.91034e-07
-9.59698e-08 -5.06619e-07
1.18477e-06 4.15686e-07
-5.09567e-07 -5.90441e-07
-2.00919e-06 2.74572e-07
6.30708e-07 -3.84705e-07
-2.65517e-07 -5.8921e-07
3.4373e-07 4.61012e-07
1.6373e-06 -2.95798e-08
-1.00587e-06 5.39946e-07
5.51636e-07 -2.94241e-07
9.17235e-07 1.26882e-07
1.05541e-06 5.0237e-07
1.52559e-06 -6.4731e-07
-3.45769e-08 -6.54671e-07
1.1529e-06 1.6112e-07
1.70057e-06 -6.68253e-07
-9.65373e-07 -1.23388e-08
-1.11025e-06 6.78502e-07
-9.78983e-07 -3.21463e-10
1.65919e-06 -6.55197e-07
1.94658e-06 -3.73905e-07
1.82557e-06 -6.66834e-07
-4.91188e-07 4.80603e-07
5.55682e-07 -6.93519e-07
-3.15641e-08 -5.74553e-08
-1.08296e-06 -5.15794e-07
-1.63817e-06 4.77306e-07
-1.83298e-06 -3.33611e-07
8.32945e-07 -3.80869e-07
1.69069e-06 1.8044e-07
1.85375e-06 -9.85121e-08
-1.44914e-06 3.68309e-07
1.6007e-06 -6.15234e-07
2.08169e-06 2.37533e-07
-1.69052e-06 3.31991e-07
1.75587e-06 2.49954e-07
2.13334e-06 -4.63897e-07
-2.69511e-07 -6.43529e-08
-1.87272e-07 -2.50396e-07
-8.72581e-07 -3.84583e-07
-1.59291e-06 3.11437e-07
1.26953e-06 -2.20841e-07
-5.55641e-07 -4.74306e-07
1.25547e-06 -1.40837e-07
9.30637e-07 -2.01007e-07
-1.04405e-06 3.95755e-07
5.28923e-09 -3.98345e-07
-1.21744e-07 -3.97656e-07
8.49403e-07 8.86053e-08
-1.75895e-06 3.58399e-07
-5.79555e-07 -1.07829e-07
-4.27794e-07 -3.678e-08
1.87927e-06 -1.06239e-07
5.41879e-07 -6.16049e-07
-3.83981e-07 3.25844e-08
-1.76492e-06 2.63997e-07
1.21526e-06 6.79038e-07
4.10653e-07 1.92185e-07
-4.77918e-07 1.40038e-07
1.85116e-07 2.88758e-07
-1.38094e-06 -4.74467e-07
-1.22112e-06 4.44357e-07
-1.77664e-06 2.7622e-07
-1.63844e-06 -2.41638e-08
1.61973e-06 2.04332e-07
3.21253e-07 6.68336e-07
-1.2433e-06 -6.57103e-07
2.067e-06 -4.91859e-08
-1.92808e-06 2.00955e-07
-9.39738e-07 4.86858e-08
2.09802e-08 -6.49201e-07
3.68837e-07 -1.36977e-07
2.92061e-07 3.67036e-07
-8.21352e-07 -6.49177e-07
1.53582e-07 -5.05321e-07
1.1159e-06 -4.01303e-07
-1.72184e-06 3.92729e-07
1.90529e-06 1.70361e-07
-1.99764e-06 1.41945e-07
-9.26014e-07 -3.31482e-09
-8.97445e-07 -2.09348e-08
1.16084e-06 -4.42231e-07
8.5587e-07 1.44648e-07
9.95518e-07 -4.52475e-07
-1.42522e-06 6.36732e-07
-7.03232e-07 -3.84348e-07
-1.61814e-06 6.98707e-07
2.21671e-07 -5.37015e-07
-1.08885e-06 -1.86012e-07
-2.22349e-07 6.2522e-07
4.96227e-07 -4.36289e-07
1.4206e-07 5.37976e-07
-1.00552e-06 -3.25495e-07
-1.2833e-06 4.35297e-07
1.61349e-07 -4.6038e-07
-2.92441e-07 -6.79218e-07
-1.42288e-06 4.75972e-07
1.70931e-06 -1.74783e-07
3.02581e-08 4.90119e-07
5.87939e-07 3.60296e-07
5.75104e-08 2.86559e-07
-1.63671e-06 -2.58489e-07
-1.84055e-06 -9.99646e-08
-1.25528e-06 4.13753e-07
-1.23555e-06 6.97717e-07
1.83545e-06 6.16139e-07
-9.89861e-07 1.31075e-07
-1.72274e-07 1.90268e-07
3.04158e-07 5.68297e-07
-2.00827e-06 -1.07549e-07
2.16152e-06 -4.10378e-07
-1.29487e-06 2.75284e-08
-2.28922e-07 -5.65119e-07
-1.94186e-06 -9.20112e-08
4.86686e-07 3.68517e-07
-1.37438e-07 -6.13771e-07
-5.28424e-07 1.90022e-08
3.603e-07 1.44784e-07
-3.52484e-07 -3.72722e-07
1.64366e-06 3.48475e-07
-2.01795e-06 -4.01829e-07
1.92406e-06 8.12824e-08
1.09584e-06 2.29625e-07
-2.04395e-06 -8.51522e-08
1.32548e-06 -2.62071e-07
-7.81102e-07 5.25843e-07
-1.08083e-06 5.55132e-07
5.04614e-07 -3.23702e-07
8.39685e-07 4.50508e-08
4.80922e-07 9.85174e-08
1.35585e-06 -4.64045e-08
3.6308e-07 -6.02072e-07
1.08076e-06 3.73632e-07
1.88703e-06 -2.26983e-07
-1.24863e-06 -1.4362e-07
1.67851e-06 -5.41716e-07
-1.68972e-06 1.82587e-07
-8.65657e-07 3.15394e-07
9.50635e-07 -2.89987e-07
-1.51239e-06 -2.2324e-07
1.58666e-06 3.65677e-07
-2.06682e-06 -9.76066e-08
-9.49309e-07 -2.85084e-07
-7.17436e-07 -5.48115e-07
9.28069e-07 4.3035e-07
-1.01884e-06 -6.57067e-07
1.3586e-06 1.50198e-07
-1.99748e-06 5.53131e-07
5.0545e-07 5.40247e-07
-3.03318e-07 -6.52903e-09
1.08431e-06 2.33209e-07
1.91575e-06 1.49313e-07
6.02241e-07 -3.66264e-07
-1.92181e-06 6.82169e-07
8.91417e-07 -5.74699e-07
-2.08856e-06 5.34701e-07
-2.99948e-07 2.89907e-07
-1.74482e-07 -3.65312e-07
1.56417e-06 -3.13373e-07
1.19754e-06 4.34226e-07
-5.1152e-07 5.78156e-07
3.24659e-08 5.7717e-07
2.1433e-06 5.6967e-07
-1.42182e-06 -5.74797e-07
1.72752e-06 1.81681e-07
-5.60845e-07 -3.99948e-08
-1.14684e-06 -5.55472e-07
-8.87219e-07 3.82569e-07
9.60533e-07 5.95798e-07
1.19165e-06 -2.53022e-07
2.40236e-07 -2.04697e-07
1.11577e-06 -4.04042e-07
1.00684e-06 1.0812e-07
2.61514e-07 5.83366e-07
-1.37342e-06 3.36816e-07
-2.00767e-06 3.24262e-07
-1.80095e-06 6.99995e-07
7.54101e-07 3.8109e-07
-2.08172e-06 5.81315e-08
-5.86159e-07 -3.71236e-07
-1.14801e-06 -4.1299e-07
-1.07277e-07 -5.8901e-07
1.94136e-06 7.11162e-08
6.45814e-07 6.55258e-07
1.20015e-06 -2.50387e-07
2.01743e-06 5.68215e-07
-7.90677e-07 4.62583e-07
1.02337e-06 5.24056e-07
-1.64097e-06 3.30451e-07
1.39703e-06 -2.10179e-07
4.87294e-07 2.20727e-07
1.07584e-06 4.18547e-07
1.59579e-06 4.17237e-07
2.78595e-07 4.91034e-07
6.24836e-07 -5.07779e-07
3.33838e-07 5.45322e-07
1.0833e-06 -6.7913e-07
2.14739e-06 -3.37883e-07
-6.57225e-07 3.23315e-07
-8.94149e-07 2.37898e-07
1.32021e-07 1.52237e-07
-1.86552e-06 -1.40262e-07
-4.78289e-07 -3.84423e-07
2.06806e-06 -4.95981e-07
1.89628e-06 -8.79233e-09
1.33136e-06 9.17071e-08
-9.24039e-07 -6.73141e-07
7.40096e-07 2.73326e-07
1.97723e-06 -2.42394e-07
1.1524e-07 3.09875e-07
-8.30817e-07 -3.40925e-07
4.21135e-07 5.64087e-07
1.92237e-06 -5.41541e-07
-1.09029e-06 4.79465e-08
-5.28731e-07 1.66686e-07
1.17044e-06 4.81973e-07
1.74682e-06 -1.5241e-07
-1.31752e-06 -2.9224e-08
1.19898e-06 -6.73688e-07
-1.48353e-06 7.88196e-08
2.17603e-06 2.45497e-07
-1.50475e-06 5.29759e-07
9.57577e-07 5.06743e-07
2.7315e-07 -5.82859e-07
-2.18778e-06 1.87011e-08
-5.05362e-07 5.96903e-07
1.86151e-06 -1.70443e-07
-1.28988e-06 3.19591e-08
1.71267e-06 5.64903e-07
-2.1685e-07 -3.48868e-07
1.62414e-06 -1.74917e-07
5.31718e-07 -2.7491e-07
-2.92e-07 -3.18018e-07
1.75015e-07 3.12009e-07
1.55368e-06 4.70334e-07
1.81711e-06 4.98535e-07
-1.29717e-06 1.27318e-07
-1.99106e-06 -2.10108e-07
-1.06461e-06 -5.25156e-07
-4.83371e-07 1.62406e-07
1.39422e-06 4.50709e-07
1.04043e-06 -6.7999e-07
-4.41674e-07 -5.16558e-07
1.98038e-06 5.10579e-07
-1.91438e-06 -2.65661e-07
6.19218e-07 -5.75926e-07
6.23097e-07 -4.71742e-07
-5.00465e-07 3.96059e-07
1.08018e-06 -5.71914e-07
8.72829e-07 6.71694e-07
7.2791e-07 4.03826e-07
3.36067e-07 -6.95609e-07
1.1542e-06 -4.41718e-07
-2.77855e-07 8.93502e-08
4.77442e-07 -2.85658e-07
1.69864e-06 2.67993e-07
-8.80434e-07 -6.99961e-07
1.48371e-06 4.90424e-07
-1.62247e-06 4.68722e-07
-1.60585e-06 2.9437e-07
7.96089e-07 -2.31211e-08
5.92792e-07 2.50647e-07
1.27517e-06 -2.00407e-07
-1.56842e-06 -7.19748e-09
-7.73534e-08 2.28377e-07
-1.6818e-06 6.06212e-08
1.04623e-06 -6.63638e-07
2.18711e-06 -2.97627e-07
-1.37716e-06 -1.86156e-07
1.48626e-06 8.28479e-08
-1.67878e-06 5.64681e-07
9.59668e-07 5.96445e-07
1.10838e-06 -5.32699e-07
1.68747e-06 5.55895e-07
-1.98592e-06 1.52818e-08
6.05283e-07 2.64017e-07
1.60365e-06 4.63462e-07
2.19491e-06 -4.64244e-07
1.49449e-06 -6.99647e-08
-2.87868e-07 1.42998e-07
2.72145e-07 -6.98011e-07
-1.34025e-06 6.77499e-07
2.3271e-07 4.82112e-07
1.54734e-07 5.50253e-08
-6.14457e-07 -9.14028e-08
-1.50052e-06 4.6557e-08
-1.65841e-06 1.77485e-07
-1.61043e-06 5.23868e-07
-1.02392e-06 -6.68319e-07
2.58338e-07 5.74876e-07
2.05413e-06 -3.13163e-08
1.95643e-06 6.08334e-07
5.90536e-07 4.58785e-07
7.43133e-08 -3.08629e-07
5.38922e-07 3.52387e-07
6.36847e-07 -1.99805e-07
1.17636e-06 -6.8105e-07
1.56884e-06 3.94067e-07
-1.27641e-06 1.64645e-07
-1.47452e-06 -1.25737e-07
5.94998e-07 4.85378e-07
-6.85802e-07 -2.13834e-07
-9.81746e-07 2.03319e-07
-5.67419e-07 5.71628e-07
-1.17982e-06 5.8564e-07
2.08381e-06 -4.55276e-07
-1.60705e-06 3.22771e-07
-1.16127e-06 1.13546e-07
7.25335e-07 -3.4307e-07
-1.70631e-06 -3.65375e-07
6.46838e-07 2.15725e-07
1.96702e-06 3.48807e-07
-1.58708e-06 5.77927e-07
-8.09586e-08 5.16065e-07
-9.59416e-07 -5.74318e-07
-6.9868e-07 -3.20862e-07
1.19155e-06 -3.21909e-07
1.68293e-06 4.16123e-07
1.45553e-06 -6.21841e-07
-1.1073e-06 1.84242e-07
1.71104e-06 2.54727e-07
1.09854e-06 -5.56832e-07
9.95923e-07 3.33257e-07
-1.43901e-06 2.0768e-07
1.85263e-07 7.8493e-08
3.90286e-07 -5.10873e-07
-1.74026e-06 9.60044e-08
-1.07053e-06 -1.67374e-07
-5.38311e-07 1.38802e-07
8.9756e-07 6.32633e-07
1.44152e-06 -3.39704e-07
1.22861e-06 4.29643e-07
-1.68014e-06 -6.0119e-07
-1.32272e-06 4.95079e-07
-8.96653e-07 -1.81618e-07
1.96202e-06 2.85806e-07
-2.16305e-06 -5.12641e-07
7.17931e-07 -2.98711e-07
4.6411e-08 -5.8208e-07
-1.53942e-06 3.93949e-07
2.10981e-06 1.24773e-07
-7.07072e-07 6.2635e-07
2.83245e-07 8.66847e-08
-6.77411e-07 1.564e-07
-1.24707e-06 2.39828e-08
-2.15246e-06 -1.57255e-07
-1.57808e-06 2.73499e-07
-2.75738e-07 3.00952e-07
7.54054e-07 9.79536e-08
8.96176e-07 -4.77121e-07
-1.94525e-06 -6.17629e-07
-5.54531e-07 6.89009e-08
-9.32102e-07 -4.78969e-07
-6.64067e-07 -1.77486e-07
1.48149e-06 6.43958e-07
5.18399e-08 1.18432e-07
-2.81663e-07 -2.7616e-07
1.53733e-06 -4.69435e-07
-1.655e-06 6.22763e-07
-1.71672e-06 -9.33075e-08
-1.18252e-06 6.8583e-07
-2.45026e-07 5.91822e-07
-1.14142e-06 1.1126e-07
-6.82576e-07 8.22538e-08
-1.21536e-06 6.25092e-07
8.15875e-07 4.20139e-08
8.35898e-07 5.32971e-07
5.27089e-07 -1.14161e-07
-1.43736e-06 -1.2551e-07
8.20418e-07 -2.23797e-08
6.82822e-07 -4.07769e-07
9.51039e-07 -6.85179e-07
1.18548e-06 1.75764e-07
-1.81584e-06 2.55664e-07
2.17876e-06 -5.31275e-07
1.12275e-06 -1.45611e-07
-1.32979e-06 -1.2042e-07
-1.46238e-06 -2.261e-07
1.509e-06 -4.03455e-07
2.1439e-06 -4.25988e-07
9.64995e-07 6.20478e-07
-5.0824e-07 -1.19076e-07
1.40876e-07 -5.62839e-07
-5.7563e-07 -4.26866e-07
2.02915e-06 1.281e-07
-3.06798e-07 2.84634e-07
8.09818e-07 6.82719e-07
1.68724e-06 5.97871e-07
-5.48851e-07 4.79456e-08
7.41172e-07 -6.52765e-07
1.80773e-06 -6.42446e-07
-2.13858e-06 -5.02176e-07
3.9018e-07 -6.5511e-07
4.66633e-07 4.04301e-07
1.60926e-06 8.26098e-08
-1.46009e-07 -1.67624e-07
1.41187e-06 3.79846e-07
1.5467e-06 -6.08701e-07
-1.13552e-06 -5.15811e-07
-1.80571e-06 -2.18295e-07
-3.71724e-07 6.80206e-08
1.87562e-06 -3.4603e-07
2.14107e-06 -2.57655e-08
2.19666e-06 -9.92699e-08
1.98209e-06 5.62099e-07
-1.64726e-06 -5.97243e-07
1.08071e-06 1.09306e-07
1.45083e-06 -2.19749e-08
-1.18892e-06 6.55751e-07
-3.30331e-07 5.13348e-08
-7.70467e-07 -2.84767e-07
-1.05629e-06 -2.64569e-07
1.259e-06 -2.6075e-07
-4.83676e-07 -6.28375e-07
-8.57247e-07 5.19124e-07
-1.55358e-06 5.82264e-08
1.71116e-06 -1.58488e-07
-6.89321e-07 9.34691e-08
1.34723e-06 -4.36202e-07
1.06568e-06 -1.55943e-07
-7.46344e-07 6.80123e-07
1.58109e-06 -4.58656e-07
1.87319e-06 -1.82771e-07
2.07272e-06 4.89967e-07
-2.41929e-07 -2.07177e-07
-5.71953e-07 -1.10227e-07
-2.70508e-08 -3.64457e-07
-2.16958e-06 -4.291e-07
1.32944e-06 4.50417e-07
9.46037e-07 -6.6491e-07
-1.72721e-07 1.16316e-07
2.093e-06 -2.39865e-09
1.29216e-06 5.91632e-07
-8.40589e-07 3.88297e-07
2.14803e-06 6.18225e-07
-1.26793e-06 4.2745e-09
-1.93702e-07 -3.65426e-07
6.01763e-07 1.05986e-07
-1.3175e-06 -6.19615e-07
1.50001e-06 -2.48603e-07
-8.46556e-07 4.49548e-07
-1.2032e-07 -6.83739e-07
-2.10189e-06 -2.19394e-07
1.6756e-06 -3.24944e-07
1.43923e-06 -2.02811e-07
-2.01712e-06 1.15634e-07
-1.60154e-06 3.52669e-07
-1.44886e-06 4.32859e-07
4.264e-07 -6.18781e-07
1.03663e-06 -1.89499e-07
7.4905e-07 -1.53327e-07
-5.78624e-07 -3.75753e-07
-7.78493e-08 3.39247e-07
-1.21164e-06 2.6461e-07
-1.75854e-06 -3.80968e-07
1.873e-06 -2.61075e-07
1.45123e-06 -1.10588e-07
-1.4233e-06 -1.52062e-07
3.16806e-07 5.18597e-08
-1.20227e-07 -7.43061e-08
9.74371e-07 -6.25838e-07
9.87611e-07 -4.76501e-07
-1.43297e-06 -3.38634e-07
7.14516e-07 6.8779e-07
-2.09982e-06 -7.88325e-08
-4.71927e-07 2.21068e-07
-2.19664e-06 2.23479e-07
-1.3432e-06 -3.56789e-07
1.78425e-06 -4.6564e-08
-1.62131e-06 5.33385e-07
1.6505e-06 -2.84175e-07
-1.89084e-07 6.58968e-07
1.9959e-06 -6.13612e-07
8.66824e-07 4.24462e-07
1.03635e-06 4.35854e-07
-2.73177e-07 -4.85143e-07
6.90298e-07 -4.74675e-07
-1.80243e-06 6.73639e-07
2.06899e-07 -5.05462e-07
-3.42805e-07 2.93064e-07
1.88998e-06 1.96954e-07
-2.09341e-06 -1.9e-07
-5.60655e-08 2.52947e-07
2.17103e-06 -3.06736e-07
1.48745e-06 4.26924e-07
5.49153e-07 -2.45751e-07
-1.93623e-06 -6.62776e-07
-7.1139e-07 -6.18421e-07
8.63526e-07 3.40911e-07
1.43183e-06 -4.76185e-07
-1.13154e-06 -3.10512e-07
-1.95126e-06 -5.78228e-07
1.90993e-06 4.70146e-07
1.38173e-06 -3.77718e-07
1.53426e-06 -4.46581e-07
1.80574e-06 4.79351e-07
2.83614e-07 5.70832e-07
-4.07974e-07 -6.06103e-07
-3.62818e-07 1.43421e-07
-1.88917e-06 1.57453e-07
5.64193e-07 1.57361e-07
4.79212e-07 -2.28378e-07
1.75102e-06 1.16209e-07
-1.71627e-07 -5.50562e-07
-8.74876e-07 -4.06177e-07
1.93451e-06 -2.2417e-07
-1.96901e-06 -5.9859e-07
1.40695e-06 1.18275e-07
-1.87715e-06 -4.80171e-07
2.01639e-07 3.576e-07
-1.98906e-06 -5.15621e-07
2.47617e-07 4.48522e-07
1.41382e-06 -6.12129e-07
1.30636e-06 -2.66999e-07
2.03777e-06 -4.53704e-07
2.45088e-07 2.15225e-07
6.64146e-07 -1.97133e-07
1.49059e-06 -3.68185e-07
1.42445e-06 -6.33028e-07
-1.32151e-07 5.06233e-07
-2.39073e-07 -3.98139e-07
-2.0386e-06 -4.48738e-07
-2.42649e-07 2.42129e-07
-1.05877e-06 -8.30719e-08
7.82021e-07 -8.67353e-08
1.12304e-06 -4.64984e-07
6.60285e-07 -6.48073e-07
-2.11434e-06 -2.16929e-07
-6.05165e-07 5.49749e-07
3.69897e-07 -2.37641e-07
-1.55376e-06 -1.80229e-09
-7.20266e-07 -6.44783e-07
9.5122e-07 1.38111e-07
-1.2761e-06 5.26456e-07
9.26237e-07 -2.52181e-08
-1.36138e-06 -6.98565e-07
2.97864e-07 -2.21543e-07
6.9823e-07 4.23973e-07
8.14927e-07 2.33404e-07
-1.63958e-06 6.71289e-07
9.04609e-07 7.19055e-09
-2.07587e-07 -2.99769e-08
2.37861e-07 2.57381e-07
2.05182e-06 1.40613e-07
-1.37143e-07 -4.15358e-07
1.29849e-08 1.65813e-07
1.55744e-06 6.46879e-07
6.50602e-07 -4.32434e-07
-2.17607e-06 -4.03405e-07
-1.22404e-06 2.4081e-07
1.46951e-06 -2.36989e-07
-1.94946e-06 2.51828e-07
-1.13729e-06 -4.77095e-07
1.42992e-06 -4.70315e-07
5.27875e-07 -2.40964e-07
4.4958e-07 -2.25124e-07
9.7716e-07 -4.06302e-07
1.79349e-06 -3.57639e-07
-8.88315e-07 6.69212e-07
1.00746e-06 -3.76881e-07
1.12496e-06 9.49366e-08
4.46201e-07 -4.21063e-08
-1.00373e-06 7.68631e-09
1.65414e-06 2.10521e-07
-8.40709e-07 -2.33694e-07
1.96191e-06 -3.63688e-07
-1.98387e-06 -3.77281e-07
-1.81658e-06 -4.66677e-07
-1.79691e-06 -5.51322e-07
6.50599e-07 3.77707e-07
1.27249e-06 1.02001e-07
-1.96185e-06 1.65303e-07
-5.52548e-07 -5.06251e-08
-1.21778e-06 5.32815e-07
1.70963e-07 1.61969e-07
-8.1244e-08 3.60126e-07
1.77033e-06 3.88043e-07
-1.11898e-06 -1.17932e-07
-5.24386e-07 -3.70921e-07
-3.96687e-07 -1.32767e-07
1.29323e-06 -2.35065e-07
-5.53402e-07 4.9689e-07
4.05474e-07 1.31983e-07
7.14419e-07 1.94125e-08
-1.34979e-06 -1.54412e-07
-1.04109e-06 -5.82601e-07
1.57222e-07 5.68434e-07
1.60669e-06 -4.2328e-07
1.19409e-06 2.90426e-07
1.13177e-08 -6.6724e-07
-3.8091e-07 3.28625e-09
4.92101e-07 -3.84974e-07
1.7639e-06 -5.91843e-07
-2.42789e-07 -2.78036e-07
8.63434e-07 6.91379e-07
-1.36707e-06 5.68262e-07
2.86941e-07 -4.00845e-08
-1.71351e-06 -4.8614e-07
6.23106e-07 2.07422e-07
-5.99871e-07 6.97335e-07
1.70961e-06 2.80807e-07
1.58104e-06 6.84942e-07
-1.61137e-06 5.70065e-07
1.49671e-06 -2.35936e-07
6.11183e-07 -2.74646e-07
8.12465e-07 4.96196e-07
1.64776e-06 -2.44587e-08
-3.19404e-07 2.20155e-07
-1.38759e-06 2.49192e-07
4.34759e-07 -8.66005e-08
-3.03469e-07 -1.80966e-07
-2.07933e-06 3.09978e-07
1.80214e-06 -5.10078e-07
-2.9551e-07 -1.6393e-07
-9.34535e-07 -4.25431e-07
-1.72133e-06 -1.3692e-07
1.85714e-06 5.67517e-07
-1.5511e-06 -2.04902e-07
3.13669e-07 1.54854e-07
1.32374e-06 2.38546e-07
1.6406e-06 5.02492e-07
-1.55689e-06 4.44029e-07
1.80563e-07 4.5994e-07
2.1973e-06 6.09589e-07
5.21161e-07 3.68248e-07
-1.07712e-07 6.32567e-08
-1.90019e-06 -4.64195e-08
1.67269e-06 4.86507e-07
9.28849e-07 1.95685e-07
7.21995e-07 -8.42964e-08
-8.79742e-07 -3.67517e-07
1.4999e-06 4.59924e-08
7.33624e-07 7.79309e-08
-1.60719e-06 5.28677e-08
-2.2097e-07 2.58007e-07
2.06479e-06 3.11913e-08
-1.8669e-06 -5.19786e-07
-7.83039e-07 -6.93476e-07
-9.71579e-07 2.88713e-07
2.12137e-06 6.63231e-07
1.91947e-06 4.71331e-07
-3.53563e-07 2.87478e-07
2.13273e-06 9.70952e-08
1.57472e-06 -2.71893e-07
3.23175e-07 -5.52089e-07
2.13858e-06 -3.16552e-07
5.88873e-07 -4.20108e-07
1.10028e-06 1.72251e-07
-7.96673e-07 6.13093e-07
8.7663e-07 4.70503e-07
1.49316e-06 3.00151e-07
1.6022e-06 -2.6727e-08
-6.42122e-07 -2.91104e-07
-1.80508e-06 5.52381e-07
1.19486e-06 3.58127e-07
1.49761e-06 4.69006e-07
-1.55349e-06 4.03844e-07
7.90851e-07 -4.39043e-07
-1.68781e-06 -4.98649e-07
1.18138e-08 4.9661e-07
6.95382e-07 1.70051e-07
1.34509e-06 -1.10482e-08
-8.2712e-07 -6.58089e-07
2.09648e-06 -2.88255e-07
1.79875e-06 -3.20241e-07
-4.82626e-07 5.8127e-07
1.38631e-06 2.41267e-07
-1.90668e-06 -5.7642e-07
1.2135e-06 4.95551e-07
-1.01366e-06 4.25158e-07
1.43352e-06 6.59077e-07
1.29667e-06 6.49957e-07
-1.97807e-06 -4.24055e-07
-2.00059e-06 -6.83455e-07
1.07231e-06 -6.68265e-07
1.31417e-06 -8.54862e-08
5.82411e-07 -4.13651e-07
1.10384e-06 2.18601e-07
2.0568e-06 -6.98351e-07
7.81858e-07 5.93048e-07
5.34678e-07 2.92635e-07
1.93032e-06 -3.91601e-07
-1.76096e-06 1.69814e-07
-9.51216e-07 4.22106e-07
-1.33713e-06 5.37628e-07
2.84415e-07 2.52604e-07
9.05634e-07 3.01981e-07
-1.90337e-06 -6.31763e-07
7.85395e-07 -4.10645e-07
1.41525e-06 4.55539e-07
-2.02773e-06 -3.69163e-07
8.94901e-07 3.44689e-07
-1.81084e-06 -2.52312e-07
-7.14284e-07 -2.35644e-07
7.80475e-07 -2.13056e-07
-2.01466e-06 2.29626e-07
-1.18971e-06 -1.87893e-07
6.133e-07 -8.623e-08
-1.79021e-06 -5.1041e-07
6.79233e-07 4.46967e-07
-1.61345e-06 6.50833e-07
1.66027e-07 -3.97058e-07
4.22587e-07 -4.99157e-08
-1.93597e-06 -1.75076e-07
-8.79e-07 -6.32688e-09
-1.37114e-07 3.13447e-07
-2.61725e-07 -4.00034e-07
4.28309e-07 5.98697e-07
-1.40598e-06 7.18804e-08
4.12218e-07 3.72745e-07
1.97382e-06 -3.24539e-07
-4.61328e-07 3.08488e-07
6.61508e-07 2.73507e-07
2.03359e-06 3.58646e-08
3.58619e-07 2.97417e-07
-1.27235e-06 6.23265e-07
6.63776e-07 1.47605e-07
-5.15719e-07 3.13166e-07
-1.44738e-06 7.66026e-08
-5.35312e-07 -1.53171e-07
1.48899e-06 -1.8764e-07
-7.17237e-07 -3.22563e-07
1.3996e-07 -4.22522e-07
1.57937e-06 -1.20366e-07
-4.23529e-07 3.96606e-07
-1.66636e-06 -1.30393e-07
-8.36782e-07 -3.69582e-07
-1.20407e-06 -1.70563e-07
-1.75969e-06 3.55752e-07
-2.7638e-07 -1.24952e-08
1.66922e-06 -1.21109e-07
2.13459e-06 5.78888e-07
1.11333e-06 2.12079e-08
1.52719e-06 5.62968e-07
6.16713e-07 6.52933e-07
-1.10476e-06 -3.18279e-07
3.45661e-07 -5.60122e-07
-2.18778e-07 4.78918e-07
-2.12672e-06 -6.4879e-07
-7.32246e-07 6.0168e-07
1.47473e-06 -4.19783e-07
3.57539e-08 -3.62827e-07
1.5843e-06 6.1481e-08
-2.96825e-07 -2.5381e-08
9.49206e-07 2.58273e-08
5.22551e-07 -1.09464e-07
7.93738e-07 -6.44465e-08
-1.42198e-06 1.29568e-07
1.33059e-06 -3.69259e-09
3.03034e-07 5.7288e-08
1.75688e-06 -4.99864e-07
1.73924e-06 -6.00821e-07
-1.08659e-06 -2.68826e-08
-2.29023e-07 2.09119e-07
-7.58576e-07 4.05322e-07
-2.11828e-07 -5.71543e-07
-5.15814e-07 6.31642e-07
-1.47004e-06 -2.59473e-07
2.13555e-06 6.88697e-07
1.51532e-06 -1.78957e-07
1.91601e-06 -6.31167e-07
-6.74237e-07 -1.26994e-07
-2.05754e-06 4.21952e-07
1.9499e-06 -6.86245e-07
-1.16808e-06 -4.04915e-07
-9.60826e-07 6.40782e-07
-8.59894e-08 -6.18638e-07
4.51622e-07 -4.20354e-07
-1.77951e-07 -4.44768e-07
-2.57256e-07 4.02351e-07
2.35094e-07 -5.41958e-07
9.80195e-08 -6.49186e-07
1.77214e-06 6.15198e-07
7.65106e-07 -9.09887e-08
-2.03263e-06 -2.61917e-07
-6.74441e-07 -4.51533e-07
-6.36138e-07 -5.49461e-07
2.19725e-06 2.03356e-07
1.25738e-06 -3.46886e-08
-1.36889e-06 -5.84286e-07
1.91473e-07 -5.98362e-08
-1.6521e-06 6.51312e-07
-4.45988e-07 -9.42753e-09
-9.46416e-07 -5.06523e-07
-1.66709e-06 6.13773e-07
1.81421e-06 -6.1074e-07
1.15048e-06 -2.7846e-07
-2.1704e-06 -2.67989e-07
-1.10555e-06 1.489e-07
1.81592e-06 3.65532e-07
-9.48819e-07 1.76292e-09
-8.75451e-07 2.49188e-07
-6.20612e-07 -3.61668e-09
-8.36577e-07 -5.75173e-07
1.07176e-06 4.21153e-07
8.03585e-07 5.9067e-08
1.6513e-06 -6.89119e-07
2.16159e-07 -5.17441e-07
-5.34897e-07 -5.76162e-07
1.10368e-06 -4.29686e-07
2.89661e-07 -6.55417e-07
1.41072e-06 2.34946e-07
-1.50227e-06 -6.15571e-07
1.30631e-06 -4.28605e-07
1.40478e-06 7.94288e-08
-1.80647e-06 -3.34348e-07
2.13588e-06 3.95679e-07
1.10832e-06 1.98617e-07
2.68715e-07 4.27906e-07
2.02809e-06 -5.45918e-08
-8.59452e-07 4.80402e-07
-2.06802e-06 -5.23246e-07
1.43026e-06 -3.11156e-07
-1.04642e-06 -9.04059e-08
5.35201e-07 -5.11074e-07
1.96037e-07 -2.68998e-07
8.72392e-07 1.95374e-07
7.32072e-07 -1.66746e-07
1.47856e-06 4.44783e-08
7.94308e-07 6.67452e-07
-1.08881e-06 -3.46542e-07
-1.9642e-06 -4.45307e-07
1.73104e-06 -4.09588e-07
-1.76831e-07 5.07681e-07
1.10963e-07 1.41039e-07
1.90672e-06 7.01608e-08
3.38367e-07 4.40264e-07
-9.22589e-07 -6.91978e-07
-7.66952e-07 3.86802e-07
-1.57872e-06 -4.28686e-07
1.99295e-06 5.40583e-07
6.37859e-07 8.79063e-08
1.80493e-06 6.00747e-07
-1.43951e-06 -2.06978e-07
-1.37455e-06 -4.28031e-07
-1.23094e-06 6.64511e-07
1.33585e-06 6.0619e-08
-2.16735e-06 -6.61349e-07
1.64951e-06 4.84434e-07
1.85623e-06 -4.81841e-07
1.50236e-06 -6.65401e-07
-9.15628e-07 -5.5294e-07
-6.28574e-07 5.5963e-07
5.6298e-07 2.31929e-07
2.04162e-06 6.90184e-07
1.63011e-06 -3.66758e-08
4.38032e-07 -3.68349e-07
-7.66342e-07 -4.6472e-07
1.83302e-07 6.34733e-08
3.21679e-07 3.50314e-08
-2.18265e-06 1.28623e-07
-1.90538e-06 1.60479e-07
-1.12539e-07 -6.68205e-07
-6.9987e-07 5.26323e-07
2.17903e-06 -6.15224e-07
-2.43839e-08 2.62595e-08
-1.90549e-06 -6.48362e-07
-1.66917e-06 -4.90328e-08
9.67914e-08 6.23955e-07
1.53254e-06 -3.59367e-07
1.83684e-06 -5.20353e-07
8.83516e-07 -5.85315e-07
6.03719e-07 -6.24081e-07
-2.08188e-06 -5.09603e-07
-1.42731e-06 -1.32137e-07
-1.92259e-07 2.22769e-08
-2.13974e-06 -6.40762e-08
1.18541e-07 2.40664e-07
-4.6864e-07 -2.17609e-07
-5.20171e-07 2.58624e-07
3.53678e-07 -9.57328e-08
2.71768e-07 2.82172e-08
-1.1063e-06 -2.81271e-07
-5.72734e-07 1.18703e-07
1.94243e-07 -4.61876e-07
-1.57461e-06 8.22013e-08
-1.30385e-06 -6.80222e-07
-1.57639e-06 -6.0174e-07
-1.48483e-06 1.41144e-07
1.81018e-06 1.54644e-07
-1.79488e-06 -2.96005e-07
8.52269e-07 -2.73158e-07
6.02763e-07 -2.72302e-07
-6.70857e-07 -2.42811e-07
1.35793e-06 7.75638e-08
1.74984e-06 -3.65109e-07
1.42213e-06 4.47944e-07
-3.10296e-07 -4.92813e-07
-3.67772e-07 -4.85629e-07
-9.42584e-07 6.0827e-07
-2.07832e-06 1.07636e-07
-1.93487e-06 3.68871e-07
9.34403e-07 6.59136e-07
-1.37678e-06 9.40276e-08
-3.97555e-07 -3.13621e-07
-4.44825e-07 -3.67477e-07
1.83806e-07 9.81432e-08
-9.71213e-08 -1.67344e-07
2.26086e-07 1.37188e-07
1.73593e-07 -2.74668e-07
2.78011e-07 -2.14883e-07
-6.08243e-07 -1.25822e-07
-1.81026e-06 5.21721e-07
9.6717e-07 -5.67034e-07
1.64578e-07 1.95335e-07
-4.18427e-08 -2.30122e-07
-1.61358e-06 -3.61959e-08
9.75428e-08 -6.83662e-09
-6.0807e-07 -2.56718e-07
-9.63948e-07 -4.3451e-07
-2.13756e-06 3.27634e-07
1.70331e-06 4.91493e-07
4.47398e-07 -2.65373e-08
9.41147e-07 -4.28951e-07
-2.01204e-06 5.73192e-07
-7.47767e-07 2.29356e-07
1.50297e-06 2.77005e-07
8.45056e-08 2.62058e-07
1.26201e-06 -3.93651e-07
-1.43827e-06 -5.40117e-07
7.98318e-07 -5.52226e-09
-1.48897e-06 -5.77666e-07
-7.07821e-07 2.6624e-07
1.28742e-06 5.02241e-08
-1.77817e-06 5.59444e-07
-2.36011e-07 2.2001e-07
-7.53873e-07 6.45999e-07
-2.09995e-06 -2.82118e-08
-1.61415e-06 2.91526e-07
1.29999e-06 -5.30025e-07
-9.47203e-07 -4.95818e-07
-6.27225e-07 -6.83638e-07
-1.55714e-06 6.43107e-07
1.02837e-06 -4.99565e-07
-8.36559e-07 -1.85183e-07
1.08091e-06 1.7354e-07
7.3356e-07 1.79488e-07
-1.31282e-07 -6.81147e-07
1.59013e-06 2.12591e-07
4.70115e-07 -5.95857e-07
9.75309e-07 3.04281e-07
1.25101e-06 3.5177e-07
1.83591e-06 6.50459e-07
-1.2225e-06 6.60957e-07
-1.17788e-07 -4.69636e-07
-1.92447e-06 3.70324e-07
-8.6002e-07 -4.55168e-07
-6.83934e-07 -5.45967e-07
-1.21595e-06 3.80523e-07
1.13515e-07 4.57491e-07
3.05082e-07 -2.29205e-07
1.60627e-06 -8.24426e-08
9.55931e-07 -3.41639e-07
1.36553e-06 3.55266e-07
-6.08959e-07 -2.43901e-07
1.66234e-06 1.07968e-07
-1.50403e-06 4.03392e-07
-6.52591e-07 6.04432e-07
2.06379e-06 -1.75922e-07
-1.65109e-06 -2.27474e-07
6.25022e-07 -2.67992e-07
2.30058e-07 5.5454e-07
-2.09458e-06 -2.20703e-07
-1.3947e-06 3.05566e-07
-1.05329e-06 -3.05428e-07
-1.11119e-06 -3.43854e-07
2.04339e-06 2.08179e-07
-1.44904e-06 1.30867e-08
1.26444e-06 2.9385e-07
-1.27675e-06 -3.41768e-07
-6.66076e-07 2.29637e-07
1.64462e-08 -6.23415e-07
-1.51616e-06 2.64551e-07
1.43134e-06 -4.64091e-07
-9.33702e-07 -5.39368e-07
-6.22994e-07 -4.39267e-07
-7.83791e-07 -3.9334e-07
8.36964e-07 4.94384e-07
1.10521e-06 5.44375e-07
-1.53105e-06 -5.33971e-07
7.3203e-07 -3.71236e-07
2.09649e-06 -9.76522e-08
5.38563e-07 -1.54459e-07
1.35923e-06 3.63872e-07
1.18143e-06 -3.36795e-07
-4.36504e-07 -2.73755e-07
1.51911e-06 2.19657e-07
3.00492e-07 4.82295e-07
1.98843e-06 -6.5221e-07
-1.51876e-06 -3.72842e-07
8.81727e-07 1.97348e-08
1.49916e-06 -1.13336e-07
3.569e-07 1.94243e-07
-5.36308e-08 8.05355e-08
2.1132e-06 2.03917e-07
-1.93769e-06 -4.65104e-07
1.70677e-06 -4.40846e-07
5.35177e-07 -4.23796e-07
-1.85514e-06 -6.72213e-07
9.02098e-07 4.53703e-07
-2.64611e-07 -6.72983e-07
-8.51497e-07 5.13483e-07
-7.20298e-09 -6.49927e-07
1.881e-06 6.63314e-07
3.77651e-07 8.58711e-08
2.61039e-08 -1.23332e-07
-1.36269e-06 4.81591e-07
-1.06311e-06 -4.33523e-07
-7.31074e-07 4.51041e-07
-4.1768e-07 6.77629e-07
-1.05367e-06 3.52655e-07
1.19936e-06 3.05846e-07
1.31576e-06 1.3109e-07
-7.09734e-07 2.11591e-07
-4.74378e-07 3.87229e-07
1.9142e-06 -4.95241e-07
2.12982e-06 -5.34452e-07
6.28167e-07 -3.24967e-07
1.05909e-06 3.90015e-07
8.57728e-07 5.04974e-07
-1.20317e-06 -5.23606e-07
-1.24304e-07 -2.99018e-07
1.80175e-06 -6.99623e-07
1.54539e-06 -3.17315e-08
5.89216e-07 -6.18511e-07
1.7993e-06 -4.19409e-07
2.11795e-06 1.439e-07
2.01311e-06 1.70276e-08
-1.40822e-07 -5.49655e-07
-2.01764e-07 -3.85513e-07
1.82658e-06 1.30918e-07
-6.56393e-07 -4.50993e-08
1.77882e-06 -7.86825e-09
1.62477e-06 1.00928e-07
-2.02571e-07 -1.36493e-07
1.32285e-06 -8.12638e-08
1.05955e-06 -6.50912e-07
7.96207e-08 -2.18114e-07
1.02219e-06 -9.96037e-08
2.09813e-06 -1.38928e-07
-1.36475e-06 -7.06451e-08
1.65891e-06 -4.16147e-07
1.75062e-06 2.36914e-07
1.07705e-06 2.3118e-07
-1.45027e-06 2.04676e-07
-1.86583e-06 5.66666e-07
-8.4642e-08 3.27482e-07
1.4878e-06 -3.57291e-08
-2.05167e-06 6.18829e-07
-1.09238e-06 -4.12924e-07
2.04258e-06 1.95723e-07
2.31914e-07 -2.99762e-07
-1.21709e-06 -5.74742e-07
-9.0471e-07 2.47991e-07
-1.11124e-06 -4.3825e-07
1.98057e-06 4.79779e-07
-1.91122e-06 1.17183e-07
-1.39324e-06 -1.08339e-07
9.17449e-07 6.76829e-07
1.65727e-06 -6.62008e-07
1.38755e-06 1.66306e-07
-1.34136e-06 -1.25025e-07
1.13259e-07 6.35647e-07
-1.37845e-06 -2.02842e-07
1.57109e-07 5.84456e-07
-7.59925e-07 5.69242e-07
-2.06076e-06 5.03402e-07
-2.03815e-06 -4.26121e-07
5.63142e-07 5.12545e-07
2.0052e-06 6.19724e-07
-1.53828e-06 3.14529e-07
3.14339e-07 3.02859e-07
-1.19545e-06 -3.39098e-07
1.7427e-07 3.45794e-07
8.234e-07 -3.69655e-07
2.01368e-06 3.2259e-07
-1.38029e-06 -6.49842e-08
3.15282e-07 6.67688e-07
1.04055e-06 2.27924e-07
-1.06099e-06 4.80062e-07
-3.10162e-07 -5.67065e-07
1.27631e-06 3.16085e-07
3.5134e-08 3.70913e-07
1.98683e-06 4.65671e-07
-2.10341e-06 -6.57415e-07
8.11405e-07 -5.9807e-08
-1.74767e-06 -3.6104e-07
-1.98366e-06 -4.53823e-07
7.08949e-07 -1.15098e-07
1.49128e-06 1.37348e-07
1.14391e-06 6.61438e-07
-2.01799e-06 -7.05268e-08
-1.81953e-06 -1.37599e-07
1.13261e-06 -5.39401e-07
-2.13432e-06 5.96268e-07
1.49872e-06 -3.36878e-08
-1.34369e-06 -5.91408e-07
-8.27225e-07 -5.46619e-07
-9.70589e-09 -6.02521e-07
1.03794e-07 -5.6525e-07
1.84264e-06 -1.27192e-07
-1.34291e-06 -5.38278e-07
-9.03524e-07 3.43726e-07
1.79454e-06 -3.20177e-07
-1.36422e-06 -1.79494e-07
-8.07445e-08 4.67121e-07
-1.76012e-06 -3.35941e-07
-1.97855e-06 -4.53831e-07
-1.03191e-06 3.00973e-07
4.76687e-07 2.87133e-07
5.0473e-07 3.52792e-07
-1.45138e-06 -6.59511e-07
1.27343e-06 -5.96673e-07
1.24843e-06 6.63751e-07
1.36943e-06 4.75313e-07
-1.24778e-06 6.99801e-07
2.17792e-06 -6.27569e-07
-8.33238e-07 -4.94253e-07
1.83874e-07 -9.17233e-08
-1.09282e-06 -3.3187e-07
1.07632e-06 2.39025e-07
1.81799e-06 -2.67268e-07
-1.52004e-06 1.12801e-07
1.79586e-06 -8.87497e-08
2.19864e-06 2.39465e-08
-2.04426e-06 -1.93635e-07
2.54221e-07 -1.92976e-07
1.42997e-06 -4.14235e-07
-3.53206e-07 -2.58599e-07
1.64811e-06 3.07835e-07
2.80452e-08 -2.10742e-07
6.85252e-07 3.24884e-07
-1.10652e-06 -4.12236e-07
-1.02483e-06 6.38631e-07
8.19467e-07 -1.6002e-07
-1.67715e-06 3.66813e-09
-3.1714e-07 9.96195e-08
8.26879e-07 -2.85183e-08
4.04489e-07 2.75414e-07
8.07208e-07 2.7512e-07
-8.78852e-07 -6.37906e-07
-9.74829e-07 -6.68639e-09
1.26513e-06 5.29799e-07
9.2233e-07 -3.1953e-07
-3.19183e-07 3.14297e-07
5.18029e-07 4.36554e-07
8.60322e-07 -3.14103e-07
-2.10733e-06 -5.55733e-07
-2.04995e-06 -3.59131e-08
1.19344e-06 4.31333e-07
9.37974e-07 -1.16402e-07
-1.67404e-06 2.75272e-07
-2.04702e-06 3.53975e-07
-1.84831e-06 2.46556e-07
-1.56154e-06 -4.90026e-07
9.31218e-07 -2.13494e-08
6.94411e-07 -6.92623e-07
2.00964e-06 -5.52029e-07
1.20617e-06 5.04029e-07
-1.29434e-06 2.81843e-07
-8.08571e-07 -4.37268e-07
-2.03466e-06 5.47616e-08
-1.88434e-06 2.12814e-07
1.96563e-06 4.47159e-07
1.80064e-06 -2.1821e-07
1.46606e-06 -6.43135e-07
1.74737e-06 -5.61544e-07
-1.95541e-06 4.9779e-07
-4.11263e-07 -3.66631e-07
1.40644e-06 -5.8218e-08
3.14703e-07 6.80597e-07
1.11587e-06 2.11798e-07
-1.12097e-06 3.82636e-07
-6.18073e-07 -2.86275e-07
8.20355e-07 -5.35795e-07
1.28522e-06 -1.70874e-07
-1.71329e-06 4.1153e-07
1.52849e-06 2.10569e-07
1.9453e-06 5.0688e-07
-9.92523e-08 4.76601e-08
7.75188e-07 -5.33032e-08
-1.33066e-06 -5.78726e-07
-1.1455e-07 2.24251e-07
-8.93005e-07 -3.76054e-07
-1.56251e-06 -6.90543e-07
-2.12458e-06 -2.61048e-07
2.2258e-07 2.63757e-07
-1.35852e-06 6.69237e-09
1.23983e-06 6.2127e-07
-1.59982e-08 2.08635e-07
-1.9097e-07 -2.58062e-07
-7.42994e-07 5.95524e-07
-1.40624e-06 1.05283e-07
3.88174e-07 4.27228e-07
1.93193e-06 4.95123e-07
-5.25344e-08 -3.87053e-08
1.96894e-06 -4.03942e-07
-6.48078e-07 6.04455e-07
-1.06084e-06 -1.0114e-07
-1.18197e-07 -2.87982e-07
-4.26218e-07 -4.96051e-07
5.58184e-08 3.12341e-07
-3.25528e-08 5.92419e-07
1.18878e-06 1.21617e-07
1.87683e-06 -3.92451e-07
-1.14425e-07 1.90731e-07
4.46239e-07 -3.74126e-07
-5.24311e-07 -3.97757e-07
7.97468e-07 -4.26955e-07
1.20384e-06 4.92253e-07
1.71877e-06 -5.50982e-07
2.09421e-06 -4.57591e-07
-1.50923e-06 1.08515e-07
-2.8476e-07 1.68689e-07
-1.08691e-06 1.26008e-07
-1.2528e-06 2.19425e-07
1.08904e-06 3.02149e-07
4.35141e-07 4.50733e-07
-1.13902e-07 -4.79417e-07
-1.85218e-06 -4.70188e-07
2.02754e-06 7.55466e-08
-1.96748e-06 -4.4631e-07
-6.4012e-07 -1.39568e-07
-2.16154e-06 -6.14649e-07
7.64655e-07 -5.82464e-07
-8.34804e-07 -6.35465e-07
-1.27633e-06 -4.81439e-07
-1.59159e-06 6.40811e-08
-1.35807e-06 -5.26024e-07
1.4715e-06 2.18409e-07
1.62039e-06 5.05506e-08
2.12147e-06 6.51389e-07
1.60677e-06 3.8785e-07
6.6155e-07 1.00807e-08
-4.37125e-07 -4.66481e-07
2.84968e-07 -7.02504e-08
-1.88444e-06 1.04279e-07
-7.20822e-08 2.05634e-07
7.70123e-07 -2.1254e-07
7.96151e-07 -3.48861e-07
8.90262e-07 -4.00287e-07
-1.3333e-07 -3.64033e-07
1.39275e-06 -3.37841e-07
2.1794e-06 -5.11847e-07
-1.2374e-06 4.76579e-07
2.14206e-06 -4.4082e-08
1.1615e-06 -3.76574e-07
1.87572e-06 -6.02762e-07
4.84178e-07 -1.21463e-07
-1.95125e-06 -6.64052e-09
-1.13082e-06 -6.51296e-07
1.9992e-06 9.75184e-08
-2.71112e-07 -5.52847e-07
1.96013e-06 6.35762e-07
-1.85887e-06 3.46114e-07
1.65577e-06 -9.25794e-08
1.64828e-06 -1.99912e-07
1.71388e-06 4.95625e-07
-1.1337e-06 1.27644e-07
1.93179e-07 6.55414e-07
7.32118e-07 -6.0664e-07
-3.68723e-07 -1.07411e-07
1.11824e-06 -2.01948e-07
-6.46991e-07 -6.86287e-07
1.46758e-06 -4.60379e-07
-1.11694e-06 1.60062e-08
-8.9062e-07 -2.13554e-07
2.07894e-06 5.34804e-08
1.93319e-06 -5.15141e-07
-2.18679e-06 6.29954e-07
6.00467e-07 -4.87107e-07
-1.04192e-06 -3.69517e-07
-1.0633e-06 -4.82557e-07
-1.99365e-07 -1.87055e-07
1.17158e-07 -3.7699e-07
2.07877e-06 2.13705e-07
-4.40182e-07 -1.56364e-07
9.62457e-07 4.58576e-07
-1.75303e-06 -4.20597e-08
-8.98797e-07 9.50601e-08
2.00514e-06 -2.73445e-07
-2.15721e-06 -5.50668e-08
1.80199e-06 -1.70673e-07
-6.0303e-07 -4.0003e-07
-1.59777e-06 -2.91864e-07
1.30124e-06 -5.62056e-07
-9.16383e-07 -6.2509e-07
2.12926e-06 1.41735e-07
-7.37859e-07 -9.36175e-08
-1.30293e-06 -5.33136e-07
6.41304e-07 -1.58386e-07
1.21401e-06 -1.17568e-07
-2.13355e-07 -3.60249e-07
1.13212e-08 -2.90792e-07
1.91856e-06 -2.4113e-07
-1.9514e-06 -2.34443e-07
1.21565e-06 6.66216e-07
-2.33186e-07 1.81782e-07
-2.12708e-06 5.26596e-07
-4.6888e-07 -6.2354e-08
1.40974e-06 4.35152e-07
-2.01346e-06 -5.24544e-07
1.49581e-06 -4.82194e-08
-1.0627e-06 3.86054e-07
-1.62729e-06 -3.24151e-07
-2.1182e-06 1.81629e-07
2.19248e-06 -3.20539e-07
-5.02939e-09 -1.14117e-07
-5.94717e-07 -6.63469e-07
-2.18528e-07 5.36498e-07
-6.74233e-07 3.91484e-07
-4.6684e-07 -1.99693e-07
-9.63968e-07 -5.19798e-08
1.32486e-06 -1.96674e-07
6.02332e-07 -2.37781e-07
2.12039e-06 6.66023e-07
1.24074e-06 6.69296e-07
-1.92083e-06 4.33634e-08
-1.57903e-06 -2.96285e-07
-6.0712e-07 5.50378e-07
-1.32781e-06 6.05404e-07
1.4532e-06 -4.50622e-07
-1.51055e-06 -1.89872e-08
-1.20318e-06 -6.65834e-07
1.03852e-06 -4.54715e-07
-8.61858e-08 6.30508e-07
-1.27002e-06 -3.54835e-07
-1.71865e-06 -4.77609e-07
2.06637e-06 -5.78003e-07
5.65473e-07 6.43121e-08
7.07149e-07 2.53988e-07
6.7919e-07 -5.51527e-07
1.51804e-06 -2.10396e-07
1.93676e-06 -3.98783e-07
-1.83917e-06 -2.51247e-07
-1.38905e-06 5.94111e-07
-1.70814e-06 -6.88799e-07
1.56095e-06 2.10445e-07
-3.14272e-07 5.04755e-07
2.00142e-06 5.3869e-07
2.06071e-06 1.44721e-07
4.40401e-07 2.44808e-07
4.02079e-08 5.88736e-07
-6.65348e-07 1.47467e-07
-6.4683e-07 1.85686e-07
2.14126e-06 3.33207e-07
1.70308e-06 8.16669e-08
-2.13468e-06 3.02903e-07
-1.45679e-06 7.43485e-08
-8.0607e-07 2.15657e-07
6.0886e-07 4.40981e-07
-2.07472e-06 -4.89364e-07
1.93066e-06 -2.5435e-07
1.46423e-06 -6.4411e-07
3.11098e-08 -5.98819e-07
1.37777e-06 -1.57007e-07
-7.94854e-07 5.47625e-07
1.80539e-06 3.64365e-07
-1.97654e-06 3.52146e-07
-1.06921e-06 5.54064e-07
-1.74467e-06 -2.9006e-07
-1.42818e-06 3.56426e-07
-1.09234e-07 -5.48164e-07
-8.44411e-07 6.91387e-07
3.12742e-08 4.09977e-07
1.23854e-06 -1.46821e-07
-2.17931e-06 -5.0974e-07
-9.16477e-07 -1.18055e-07
2.35206e-07 -5.5826e-07
-1.13056e-07 1.88449e-07
-1.39136e-06 4.74088e-07
-1.36331e-06 1.25254e-07
-2.68029e-07 1.91965e-07
1.10702e-06 -3.2105e-07
8.53258e-07 -3.48229e-07
-6.77352e-07 4.07329e-07
-8.43814e-07 1.33626e-08
-1.84557e-06 -5.01257e-07
7.11199e-07 6.29316e-07
1.15786e-06 -2.29789e-07
-1.70139e-06 2.35928e-07
1.74809e-06 -3.39031e-07
-5.32515e-07 2.34001e-07
-8.72582e-07 -5.95388e-07
1.82629e-06 -4.05802e-07
-2.04168e-07 -5.39637e-07
-1.81764e-06 4.29854e-07
-1.11196e-06 -2.81784e-07
1.72063e-06 -1.74058e-08
7.3007e-07 1.38854e-07
8.88199e-07 -5.95596e-07
-4.26772e-07 -2.21024e-07
-1.44536e-06 -5.65896e-07
-2.35537e-07 -4.02668e-08
1.62774e-06 -2.34827e-07
6.23524e-07 -2.60724e-07
-1.04714e-06 -6.56793e-07
6.50564e-07 3.26417e-07
-1.66404e-06 1.68219e-07
-1.16581e-06 6.45971e-07
1.74419e-06 -1.07291e-07
1.65806e-07 4.45989e-07
1.43613e-07 -3.97032e-07
1.41876e-07 2.40443e-07
8.13357e-07 -1.3933e-08
-1.59639e-06 -1.45425e-09
1.3178e-06 -2.26912e-07
-5.09974e-07 -5.77438e-07
1.72766e-06 -1.22976e-07
-1.56385e-06 -5.83625e-07
-1.85973e-06 1.18571e-07
-1.79526e-06 -4.4883e-07
7.28746e-07 2.32106e-07
8.10444e-07 -3.02267e-07
-7.58759e-07 -6.4006e-07
-1.44241e-06 -4.4258e-08
9.6655e-07 -6.07734e-07
-7.26563e-07 -1.71107e-07
1.37867e-06 -6.41671e-07
1.53449e-06 5.19886e-07
2.46456e-07 5.90539e-07
1.48314e-06 3.54081e-07
-2.16988e-06 -4.22419e-07
1.88017e-06 -6.44929e-07
1.63119e-07 4.22373e-08
-9.10772e-07 1.91366e-07
1.85164e-06 -6.1611e-07
-9.19542e-07 -2.99961e-07
-1.46671e-06 -2.38563e-08
1.65651e-06 -5.81846e-07
-1.27353e-06 -2.48546e-07
-1.46104e-06 2.91732e-07
1.47614e-06 3.9128e-07
-4.21919e-07 4.70502e-07
1.40403e-06 -2.33081e-07
-7.78331e-07 6.44695e-07
-3.61919e-07 -6.7304e-07
1.63091e-06 -1.89427e-07
4.57489e-07 3.36545e-07
1.52279e-06 -5.98399e-07
1.33859e-07 -5.65163e-07
-6.08593e-07 -4.13187e-07
1.62328e-06 -3.09739e-08
1.34803e-06 -2.38223e-09
-1.95728e-06 6.79228e-07
-9.81624e-07 3.22132e-07
-1.23991e-06 -3.11119e-07
-3.84299e-08 3.95915e-07
-1.59833e-06 -4.02812e-08
1.94783e-06 -3.66946e-07
-1.66766e-06 4.97714e-07
5.10471e-07 -2.8252e-07
1.25412e-06 2.08575e-07
1.17367e-06 3.10847e-08
1.16263e-07 6.09559e-07
-5.74263e-07 3.43751e-07
-3.19004e-07 -5.34298e-07
-1.59812e-06 1.05526e-07
1.21417e-06 4.22885e-07
-1.3013e-06 6.0997e-08
1.48664e-06 4.12559e-07
1.42136e-06 5.15218e-07
-1.91889e-06 -9.72683e-10
-6.72912e-07 3.13559e-08
1.28772e-06 4.5904e-07
-2.49537e-08 6.00353e-07
1.58873e-06 -4.41534e-07
1.03666e-06 5.33522e-07
-1.52774e-06 1.83623e-07
-1.76824e-06 -1.11981e-07
-1.16324e-06 -2.07989e-07
4.61736e-07 3.06727e-07
2.01883e-06 6.40322e-07
-1.98597e-06 -1.99904e-07
2.09139e-06 -6.95206e-07
-2.02422e-06 -3.1779e-07
9.35231e-07 2.55034e-07
2.09797e-06 -5.03644e-07
1.48221e-06 -2.89566e-07
-8.107e-07 1.00728e-07
-2.45649e-07 -6.7591e-07
-1.12693e-06 5.3004e-07
1.83985e-06 5.8501e-07
4.44508e-07 -4.45681e-07
2.17941e-06 -5.81755e-07
9.21314e-07 -5.24449e-07
-1.39916e-06 -8.75297e-08
2.1276e-06 -6.1665e-07
-8.18553e-07 -3.44912e-07
3.07944e-07 -6.86569e-07
-2.12815e-06 3.88826e-07
-1.40459e-06 -1.71039e-08
-8.60383e-07 -3.19601e-07
2.18208e-06 -4.64819e-07
1.54965e-06 -5.02394e-07
1.36324e-06 -1.86062e-07
-1.28531e-06 -8.84443e-08
8.91892e-07 6.70992e-07
8.47599e-07 -5.75111e-07
1.1745e-06 -4.4078e-07
-4.54472e-07 -1.52178e-07
9.51834e-07 6.48313e-07
-1.47108e-06 -8.10522e-08
9.45552e-07 -2.66032e-07
2.19926e-06 1.58046e-07
2.81252e-08 3.31954e-07
2.10174e-06 6.07268e-07
7.98783e-08 6.90961e-07
1.01202e-07 -4.06893e-07
-1.72252e-06 -1.31011e-07
2.10401e-06 -2.01575e-07
1.43572e-06 8.5382e-08
2.05573e-07 -5.83726e-07
-1.85653e-06 3.61941e-07
1.9307e-07 -2.40324e-07
-8.27845e-07 1.57108e-07
-6.66634e-07 3.69487e-08
-1.1123e-06 5.8168e-07
9.19174e-07 1.70773e-07
1.29406e-06 4.61299e-07
-1.87008e-06 -3.28045e-07
9.66584e-07 4.42193e-07
-2.06362e-06 3.54353e-07
1.1352e-06 2.04032e-07
2.44019e-07 -6.30822e-07
-1.27605e-06 3.08342e-07
-7.01358e-07 -2.3826e-07
-5.53406e-08 2.12442e-07
-6.54265e-07 -4.0268e-07
6.22975e-07 -5.18572e-07
1.34517e-06 1.85997e-07
2.80705e-08 5.44785e-08
-7.04772e-07 -1.98677e-07
-2.13919e-06 6.72383e-07
-1.81856e-06 -5.00853e-07
3.41369e-07 -2.18426e-07
-9.42545e-07 4.11255e-07
-1.39454e-06 5.06644e-07
1.2771e-06 -4.08278e-07
1.98588e-07 1.05567e-07
1.95979e-06 5.11743e-07
-8.39923e-07 -6.31126e-07
-7.68607e-07 -4.61685e-07
1.50071e-06 6.88421e-07
-1.08491e-06 2.3339e-07
5.15221e-07 -6.77822e-07
8.90845e-07 2.05968e-07
-1.08795e-06 -5.15598e-07
2.01461e-06 3.28416e-07
-3.38431e-07 6.67014e-07
-1.03025e-06 5.33182e-07
-1.21519e-06 4.46841e-07
-1.48473e-06 -6.25022e-07
-5.36484e-07 1.3732e-07
7.06977e-07 6.80997e-07
-2.06786e-07 4.43814e-07
-1.52159e-06 -3.5131e-07
2.01733e-06 5.03748e-07
-1.41311e-07 4.01399e-07
7.36493e-07 5.99618e-07
-3.43841e-07 4.66908e-07
2.19918e-06 -6.36531e-07
-4.76772e-07 3.5846e-07
1.11958e-06 7.01335e-08
2.03893e-06 4.81151e-07
-2.05463e-07 3.17043e-07
-5.90357e-07 3.65543e-08
-4.24484e-07 -4.52892e-07
-4.13264e-07 8.80871e-08
-5.02408e-07 -6.61954e-07
-1.19893e-06 -4.02135e-07
-3.5069e-08 -5.73931e-07
-8.31047e-07 6.23622e-07
-1.85917e-06 -5.62492e-07
-1.46001e-06 -6.77048e-07
1.25514e-06 -1.89597e-07
-1.28004e-06 3.14475e-07
5.97834e-07 2.01933e-08
2.09595e-06 2.69691e-07
1.53115e-06 -5.21242e-08
-2.02817e-06 -3.21293e-07
-1.81174e-06 -3.58857e-07
-2.10243e-06 -3.61867e-07
-2.12366e-06 2.06052e-07
1.84197e-07 -1.48971e-07
2.73496e-07 -5.3154e-07
1.2417e-06 -5.21054e-07
-5.507e-07 2.42721e-07
-9.30219e-07 5.90845e-07
3.17393e-07 -6.94483e-07
-8.41688e-07 4.69943e-07
8.37655e-07 5.97539e-07
-1.70509e-06 -3.38144e-07
-1.17632e-06 -1.65591e-07
-1.9428e-07 6.06711e-07
-1.91254e-06 -3.63218e-07
7.71056e-07 2.67219e-07
1.62062e-06 -5.5395e-08
1.91379e-06 4.68394e-07
1.46309e-07 6.22555e-07
7.1121e-07 -1.57023e-08
1.54085e-06 2.87336e-07
-2.35527e-07 -2.08654e-07
4.30777e-07 3.9352e-07
-5.21046e-07 2.73592e-07
-8.5561e-08 -6.3494e-07
8.97453e-07 5.9414e-08
9.15234e-07 1.93825e-08
2.3712e-07 -3.31859e-08
1.63826e-06 -4.31242e-07
1.96697e-06 4.22848e-07
1.37808e-06 4.54413e-07
1.77765e-06 -1.76428e-07
4.62471e-07 1.09076e-07
4.84564e-07 5.38668e-07
8.16065e-07 -1.6486e-07
1.51937e-06 4.11659e-07
-1.71299e-06 6.68594e-07
1.83048e-06 -3.25868e-07
-1.03422e-06 4.29201e-07
1.60203e-06 -2.37995e-07
-5.40156e-07 -1.95606e-07
8.60515e-07 -6.91236e-07
9.47604e-07 -6.96295e-07
-1.07064e-06 3.0226e-07
6.94028e-07 -4.72306e-07
6.81404e-07 2.50448e-07
1.95344e-06 -1.56699e-07
2.12176e-06 -6.27133e-07
6.21835e-07 -3.64264e-08
1.86062e-06 -2.88095e-07
1.53448e-07 -2.73718e-07
3.54679e-07 1.59839e-07
-1.92875e-06 1.0869e-07
-1.36209e-06 -5.43429e-07
-1.25983e-06 2.01895e-07
7.152e-07 4.63015e-07
-5.59841e-08 3.46905e-07
9.21662e-07 5.23252e-07
2.15219e-06 -1.18478e-08
-1.92241e-07 -6.6849e-07
-4.68868e-07 -9.27945e-08
-1.22326e-06 -2.55806e-07
-1.69204e-07 2.54221e-07
-1.27743e-06 2.36315e-07
-1.984e-06 5.64334e-07
-9.21245e-07 3.30338e-07
-6.18688e-07 6.4962e-07
1.67172e-06 2.88674e-07
1.69949e-06 -1.56324e-07
1.2854e-06 -1.84105e-07
2.00076e-06 -1.12183e-07
1.91273e-06 4.42607e-07
-2.15247e-06 -1.69554e-07
-7.71946e-07 -2.01977e-08
1.64236e-06 4.09176e-07
-1.6968e-06 3.66239e-07
1.27437e-06 -6.28682e-07
-1.32718e-06 -4.03332e-07
1.21589e-06 -3.90423e-07
1.73671e-06 -3.89218e-07
-1.17157e-06 4.95725e-08
2.00857e-06 -5.74617e-07
-1.42521e-06 -1.49734e-07
-3.3426e-07 -3.54231e-07
-9.03141e-09 7.9989e-08
2.16767e-06 -5.15563e-07
1.61736e-06 -3.68355e-07
5.84406e-07 -1.44263e-07
5.01292e-08 -3.64662e-07
1.33186e-06 -3.32489e-07
-2.06355e-06 -6.02402e-07
-1.61533e-06 -6.04787e-07
-3.56219e-07 -2.52678e-07
1.41499e-06 2.85559e-07
5.71805e-07 1.41379e-07
6.4647e-07 1.68531e-07
-1.24475e-06 -3.92511e-07
-1.79187e-06 2.7523e-07
1.60502e-06 6.35995e-07
-1.87457e-06 6.82505e-07
-1.71232e-06 3.65084e-07
-2.02148e-06 5.40481e-07
-3.43421e-07 -3.41825e-07
8.58107e-07 -3.1617e-07
1.13977e-06 -2.41766e-07
