2.35963e-07 -6.35947e-08
2.67217e-07 1.95116e-07
4.11672e-07 6.18151e-07
1.02794e-06 1.91903e-07
3.01125e-07 -3.59079e-07
-1.44093e-06 -8.08011e-08
-1.02277e-06 2.66064e-07
-9.30815e-09 2.71619e-07
-1.20237e-06 3.77078e-07
-3.37474e-07 -2.3987e-07
-1.18486e-06 -4.5904e-07
-1.33526e-06 -3.73895e-07
6.93656e-07 5.29624e-07
-8.53346e-07 4.41708e-07
-1.22896e-07 -4.1546e-07
1.07913e-06 4.63298e-07
1.34775e-06 4.04474e-07
-4.97463e-07 1.53725e-08
-1.31953e-07 -4.4304e-07
4.8731e-07 6.60493e-07
5.27781e-07 -6.76411e-07
-4.71966e-07 -5.96062e-07
-1.12599e-06 2.85494e-07
8.22074e-08 7.38556e-08
1.06965e-06 2.87189e-07
1.81996e-07 -5.49757e-07
6.19662e-07 4.84954e-07
1.88804e-07 4.22105e-07
-9.52748e-07 9.66944e-08
-2.08048e-07 1.97526e-08
-1.31294e-06 -3.6687e-08
-6.41147e-07 1.46456e-07
-8.13176e-07 5.41589e-08
1.36715e-06 -2.83391e-07
5.63777e-07 5.05365e-07
3.69577e-07 -2.25302e-07
5.25493e-07 -6.67149e-07
7.29402e-07 3.60165e-07
-4.95303e-07 -1.52175e-07
2.7556e-07 1.33574e-07
-9.36896e-07 3.29715e-07
8.53351e-07 3.90282e-07
4.73259e-07 3.11918e-07
2.24623e-08 3.6993e-08
1.55412e-08 -3.97663e-08
-9.47464e-07 -2.36773e-07
-9.48523e-08 -1.22432e-07
1.20596e-06 3.93336e-07
-1.74011e-07 -3.74768e-07
-7.93418e-07 2.48771e-07
-1.41931e-06 -2.26481e-07
7.64571e-07 -1.07739e-07
9.25349e-07 -3.22208e-07
-1.33703e-06 1.03084e-07
-7.373e-07 1.67157e-07
1.41838e-06 6.8636e-07
-6.81476e-07 6.29808e-07
1.03785e-06 -2.67255e-07
1.36521e-06 5.86473e-07
-1.40537e-08 -3.05878e-07
9.82198e-07 -6.1177e-11
1.29945e-06 6.67487e-07
8.85852e-07 5.70167e-07
-8.73048e-07 -2.69011e-07
-1.32704e-06 -5.53946e-07
5.9096e-07 -7.10076e-08
-2.77529e-07 -6.0881e-08
5.46161e-07 -1.59454e-07
-6.96308e-07 -3.75631e-07
-7.87888e-07 -3.00271e-07
-6.18135e-07 3.53722e-07
-1.00102e-06 4.96687e-07
8.15785e-07 1.90738e-07
7.9792e-07 5.14751e-08
-1.18609e-06 -1.53576e-08
-1.20964e-06 3.87568e-07
-1.30319e-06 5.4987e-07
-8.02095e-07 2.56906e-07
-3.19115e-07 -1.79396e-07
4.63841e-07 4.02649e-07
6.72074e-07 5.95725e-07
7.52849e-07 6.0214e-08
-4.72972e-07 7.67585e-08
1.37883e-06 -5.09077e-08
-1.15631e-06 -5.23215e-07
5.12714e-07 3.04385e-07
-5.93382e-07 -3.63846e-07
1.21985e-06 -6.91754e-07
-1.36393e-06 -7.34225e-08
-1.1808e-06 -2.40843e-07
4.95511e-07 -1.43141e-08
-3.69952e-07 5.30775e-07
1.27441e-06 -2.96135e-07
-1.37208e-06 -1.60833e-07
8.66648e-07 3.55723e-07
-1.03923e-06 4.36216e-07
8.55821e-07 -5.43927e-07
-7.31622e-07 6.91182e-07
1.5129e-07 6.47255e-07
1.24215e-06 3.01547e-07
-5.68126e-07 -1.27393e-07
3.72324e-07 -1.50464e-07
4.33681e-07 -4.16402e-07
-1.04586e-06 -5.28306e-07
-3.89418e-07 9.63563e-08
1.0471e-06 -4.36344e-07
-1.03675e-06 6.83452e-07
-1.39295e-06 -1.16381e-08
-6.6455e-07 2.25162e-07
1.34544e-06 -4.98727e-07
8.84072e-07 -5.86913e-07
5.20509e-07 6.58518e-07
-1.23764e-06 -6.65624e-08
-6.55922e-07 -1.42798e-09
-9.62796e-07 4.08244e-07
-4.87891e-07 -1.04978e-07
1.34411e-06 -4.19742e-07
-7.32902e-07 3.73904e-07
1.29538e-06 -5.21798e-07
-1.01938e-06 -2.13517e-07
3.18808e-07 6.40767e-07
-1.15987e-06 3.81598e-07
1.31158e-07 -5.11257e-07
-1.30957e-06 5.73356e-07
1.07682e-06 -1.50022e-07
5.29443e-07 -3.35648e-07
5.54987e-07 3.19097e-07
8.20682e-07 -4.14129e-07
-8.5295e-07 -5.38822e-07
-1.1314e-06 -3.74833e-07
1.29316e-06 -1.07457e-07
-1.15405e-06 4.88296e-07
-1.01967e-06 7.04396e-08
-7.46245e-07 -1.17837e-07
-3.41367e-07 -6.7214e-07
3.18517e-07 -3.33042e-08
8.88643e-07 6.49803e-07
6.84122e-07 -4.26558e-07
-4.85394e-07 2.92034e-07
-1.14641e-06 -5.05631e-07
-8.71574e-07 5.03867e-07
4.15808e-07 -2.70935e-07
-6.31083e-07 -1.7793e-07
9.69154e-08 1.68063e-07
1.05598e-08 -4.61329e-07
-7.39732e-07 5.29439e-07
-1.00842e-06 6.7991e-07
2.39239e-07 6.70574e-07
-1.25534e-06 -1.76665e-07
3.45037e-07 -6.5244e-08
1.87052e-07 -3.98758e-07
8.32021e-07 -6.7049e-07
-5.14161e-07 6.53715e-07
1.71466e-08 -5.16609e-07
6.19235e-07 5.03487e-07
1.36715e-06 1.7335e-07
4.89664e-08 -5.5437e-07
-6.06353e-07 -3.88798e-07
-1.38865e-06 5.43023e-07
1.20604e-06 -3.82039e-07
1.9844e-07 -2.94847e-07
-7.89857e-07 4.39852e-07
-5.92021e-07 6.67601e-07
9.32715e-07 -3.02827e-07
3.29898e-07 -1.378e-07
-1.20364e-06 -4.59901e-08
4.91945e-08 -1.47501e-07
2.92793e-07 6.76608e-07
7.58628e-07 3.36537e-07
1.25723e-06 5.3413e-07
1.45e-06 -2.22533e-07
-8.06913e-07 1.00088e-07
-1.17475e-07 5.82039e-07
7.75631e-07 6.02631e-07
-9.08151e-07 -4.17894e-07
1.13887e-06 3.53251e-07
2.41896e-07 5.79841e-07
-1.09506e-06 1.55859e-08
-1.08177e-06 -1.09267e-07
7.90186e-07 2.2366e-07
5.89293e-07 5.44566e-07
4.11076e-07 1.75266e-07
-4.8762e-08 -4.22242e-07
1.23311e-06 6.45611e-07
-1.25911e-06 2.95199e-07
7.31636e-07 -1.12028e-07
-3.42845e-07 -2.94119e-07
7.70553e-07 -1.94583e-07
-7.76076e-07 -3.95399e-07
7.00497e-07 -6.98073e-07
-1.42641e-06 4.40537e-07
-9.29377e-07 -2.206e-07
7.07331e-07 1.62987e-08
-1.00913e-06 -7.3607e-09
6.13437e-07 5.57072e-07
-1.22771e-06 4.98514e-07
-7.80315e-07 1.03076e-07
1.26479e-08 -6.82682e-07
-1.20351e-06 6.06362e-07
-1.11734e-06 -1.60323e-08
1.35533e-06 -2.96843e-07
-1.21175e-06 -2.53236e-08
-5.28622e-07 2.27262e-07
-1.1782e-06 2.91347e-07
9.40346e-07 1.05648e-07
-7.12093e-07 4.90011e-07
-4.37775e-07 4.66277e-07
7.06537e-07 6.31547e-07
-7.05201e-07 -4.07429e-07
7.7599e-07 -4.20844e-07
-2.45316e-07 5.80868e-07
-3.66794e-07 -3.81561e-07
9.81898e-07 2.71026e-07
8.46832e-07 -5.98265e-07
9.69292e-08 -9.72188e-09
7.47964e-07 6.22029e-07
1.07207e-06 -3.32386e-07
-4.89128e-07 1.04461e-07
-1.09186e-06 1.63489e-07
-1.77857e-07 -6.36496e-07
-3.57197e-07 1.48031e-08
-7.78237e-08 -1.93611e-07
1.22364e-06 9.83844e-08
7.25132e-07 -8.00287e-08
-1.04646e-06 4.2525e-07
6.86623e-07 3.18392e-08
-1.20495e-06 1.91411e-07
-5.69576e-07 2.74675e-07
1.2377e-06 -5.07417e-07
3.72175e-07 1.90018e-07
1.22781e-06 4.61087e-08
-1.84488e-07 6.52698e-07
9.31374e-07 -3.86277e-07
-1.85642e-07 -6.25688e-07
8.18371e-07 -3.09596e-07
2.8666e-07 -1.70566e-07
7.15154e-07 -5.44474e-07
-1.01518e-06 -1.70732e-07
-5.90762e-07 -1.93658e-07
1.95299e-07 3.28246e-07
8.39092e-08 2.62766e-07
-1.07862e-06 9.47957e-08
-6.13299e-07 4.11299e-08
4.77301e-07 -6.06697e-07
-6.4146e-07 1.20225e-08
1.0041e-06 -3.21057e-07
-1.21843e-06 -3.93659e-07
1.15932e-06 -1.42713e-07
8.13732e-07 -4.31928e-07
-5.92339e-07 -6.89962e-07
5.16069e-07 -1.80895e-07
3.62185e-07 4.55298e-07
-3.73696e-07 -1.32623e-07
1.26646e-06 6.42404e-07
1.10218e-07 4.80202e-07
-2.27197e-07 -6.04427e-07
1.08168e-06 -5.13062e-07
-7.04712e-07 -5.82833e-07
1.44011e-06 6.33034e-07
-1.12708e-06 5.60425e-08
-3.32154e-08 5.6604e-07
-3.4194e-07 2.73591e-07
-3.99768e-07 -6.45702e-07
-1.31722e-06 -2.02987e-07
8.31651e-07 6.42057e-08
-2.39566e-07 -5.28809e-07
5.38341e-08 2.83483e-07
6.52727e-07 5.97532e-07
8.41993e-07 -3.72308e-07
-1.15305e-06 -3.61648e-07
1.17061e-06 -4.76989e-07
7.03911e-07 6.44025e-08
3.39222e-07 4.30153e-07
-7.02778e-08 -4.40292e-07
-9.53087e-07 -3.44702e-08
-6.79072e-07 2.16401e-07
1.333e-06 3.54988e-07
3.26771e-07 -7.5107e-08
-5.26735e-07 3.36556e-07
3.08815e-07 1.64108e-07
-9.72062e-07 4.49592e-07
3.6497e-07 -5.49288e-07
-3.27921e-07 -4.87621e-07
-5.01515e-07 6.34655e-07
8.14977e-07 -3.63064e-08
1.34637e-06 6.85174e-07
6.57642e-07 2.45599e-07
4.17242e-07 5.69479e-07
1.10549e-06 6.98679e-07
-8.53972e-07 4.31885e-07
8.24385e-07 2.30705e-07
-1.15951e-06 3.36737e-07
9.74922e-07 -4.2392e-08
-8.52214e-07 6.11055e-07
-9.74208e-07 -5.92794e-07
6.72987e-07 4.39706e-07
-1.41889e-06 -2.02888e-07
6.22434e-07 5.10009e-07
-9.8214e-07 -5.24415e-07
-7.23391e-07 1.96592e-07
7.54655e-08 -2.80994e-07
-2.47803e-07 -6.06843e-07
3.84825e-07 5.89928e-07
1.21129e-06 -6.87021e-07
-9.6803e-07 3.14005e-07
1.08919e-06 -1.61587e-07
-2.46574e-07 -6.43007e-09
3.34447e-07 -1.79095e-07
-9.31614e-07 -1.59447e-08
7.91316e-07 -6.27591e-07
-2.38374e-07 1.23183e-07
-3.54771e-07 1.88566e-07
8.3749e-07 -6.93705e-07
1.62232e-07 -6.30147e-07
4.74995e-07 -1.66691e-08
6.52595e-07 3.92138e-07
1.21338e-06 -6.76808e-08
1.029e-06 -7.0967e-08
-1.35703e-06 8.75994e-08
1.36486e-06 1.41467e-07
-5.24279e-07 -4.14093e-07
5.37394e-07 -7.98078e-08
-8.97836e-07 -2.05709e-07
-7.51701e-07 -1.3477e-07
2.42715e-07 -9.28332e-08
6.82635e-07 -1.4107e-07
-1.14385e-06 7.7253e-09
2.3267e-07 -5.81674e-07
2.68423e-07 -2.90027e-07
-1.44369e-06 5.49822e-07
-1.3851e-06 6.26964e-07
1.2401e-07 -7.85276e-08
1.1238e-06 6.23765e-07
1.06483e-06 1.54959e-08
1.28862e-06 4.31877e-07
5.61034e-07 -1.03073e-07
9.34158e-07 4.33956e-07
-1.29487e-06 -3.34838e-07
-1.19565e-06 5.78097e-07
-4.89401e-07 -4.87655e-08
-3.92776e-07 -5.32565e-08
5.54089e-07 -4.72902e-08
1.33998e-06 -6.26601e-07
-9.77584e-08 5.79577e-07
6.78546e-07 -2.28448e-07
-1.15694e-06 3.4018e-07
1.20771e-06 -3.63567e-07
9.47386e-07 -6.92423e-07
1.00407e-06 -1.12815e-07
-3.53469e-07 -3.25211e-07
-1.41699e-06 -2.28996e-07
-5.73473e-07 -3.57724e-07
1.23735e-06 4.58188e-07
2.42882e-07 -4.53943e-07
1.39554e-06 6.81134e-07
1.42926e-06 -5.85348e-07
-2.18469e-07 4.95193e-07
-9.13369e-07 8.91264e-08
1.95186e-07 -7.31309e-08
7.00071e-07 -4.03076e-07
-6.18597e-07 3.00936e-07
8.47414e-07 4.81472e-07
-8.5944e-07 -1.18017e-07
-5.37882e-07 6.57101e-07
-1.08882e-06 -3.22137e-07
-1.25618e-06 6.44386e-08
-1.24183e-06 -2.65897e-09
-1.24023e-06 6.2566e-07
-1.72648e-07 9.14265e-08
8.56605e-07 -7.0981e-08
6.1755e-07 -4.84192e-07
-1.99018e-07 5.27971e-07
8.15549e-07 -4.97335e-07
9.50331e-07 3.58163e-07
-5.59252e-07 4.92824e-07
9.11605e-08 -1.25035e-07
4.30494e-07 6.26263e-08
-2.31876e-07 3.65942e-07
-7.67066e-07 1.71068e-07
-2.50048e-07 5.44004e-07
9.94535e-07 -3.80714e-07
-1.13877e-06 1.63569e-07
-3.04734e-07 5.64107e-07
3.05642e-07 -4.19282e-07
1.39784e-06 2.82787e-07
1.34069e-06 6.47802e-07
-4.05779e-08 -4.46506e-07
-8.53019e-07 -6.01261e-07
3.54462e-07 5.70814e-07
1.39969e-06 -6.83425e-07
-6.50962e-07 -4.35962e-07
-6.38928e-07 -1.25063e-07
-1.06543e-06 1.68034e-08
-6.45267e-07 4.39048e-07
-1.28905e-06 -6.55888e-07
1.86627e-07 -2.60331e-07
-1.36814e-06 -2.59807e-07
8.93517e-07 -5.20972e-07
-4.76772e-07 -5.47581e-07
1.41229e-06 -9.27541e-08
-8.02429e-07 6.29464e-07
-8.14097e-07 -1.98615e-07
-5.65829e-07 6.84885e-07
-3.77066e-07 6.46468e-07
6.94723e-08 5.86231e-07
-2.51889e-07 6.42902e-08
1.04087e-06 4.92349e-07
5.29214e-07 4.07743e-08
-1.20173e-06 -5.35656e-07
1.20087e-07 6.93477e-07
-3.26823e-07 1.44827e-07
1.09067e-06 -6.03507e-07
3.60009e-07 -2.62475e-07
4.73773e-07 -6.38471e-07
6.43895e-08 6.87982e-07
-2.49254e-07 5.34578e-07
9.70358e-07 -1.79279e-08
9.92652e-09 1.72644e-07
-3.8781e-07 1.55904e-07
3.54561e-07 -3.5831e-07
-8.60772e-07 5.62402e-07
-9.48473e-07 6.50003e-07
9.75694e-07 -7.69043e-08
-1.39452e-06 4.68384e-07
5.00228e-07 -3.77699e-07
8.70318e-07 -1.31806e-07
7.39542e-08 6.03407e-07
3.19783e-07 -4.18958e-07
-1.03379e-06 5.86687e-07
-1.18726e-06 5.20912e-07
-8.49541e-07 -6.74193e-07
-6.19054e-07 5.04288e-07
-9.94508e-07 -3.90819e-07
2.93317e-07 -1.79521e-07
-1.22575e-06 5.69219e-07
-6.41797e-07 -5.43168e-08
1.30503e-07 -2.8997e-07
-1.09309e-06 4.68585e-07
1.43198e-06 -4.6043e-07
-9.40919e-07 2.9772e-07
-3.99718e-07 -1.35945e-07
8.71937e-07 -1.5219e-07
-7.76886e-07 -3.2549e-07
-9.38008e-07 -4.02969e-07
-2.57641e-07 -6.57501e-07
-2.26659e-07 6.06013e-07
-9.70061e-07 4.92728e-07
4.95902e-07 2.7671e-07
-5.09664e-07 -6.71302e-07
-8.47707e-07 3.14914e-07
-2.32276e-09 5.85699e-07
4.53255e-07 -7.3296e-08
1.05092e-06 1.42701e-07
1.12104e-06 -2.54192e-07
7.13031e-07 5.8961e-07
-1.14965e-06 -2.66751e-07
-4.08877e-07 9.64944e-08
-1.44202e-06 -3.10856e-07
-3.31575e-07 6.30093e-07
9.04669e-07 -5.50406e-08
-1.2769e-06 1.37942e-07
1.32641e-06 5.64135e-07
2.37422e-07 -1.08473e-07
-1.94603e-07 5.93508e-07
1.29398e-06 -1.06971e-07
-8.53082e-07 3.31678e-07
3.72499e-07 -1.85702e-07
-8.57864e-08 2.95971e-07
1.19895e-07 -2.24893e-07
-6.70088e-07 3.44452e-07
-5.35684e-07 1.35148e-07
1.56189e-07 5.88691e-07
1.39999e-06 -5.65647e-07
8.09515e-07 -6.15674e-07
5.51085e-07 6.48707e-07
1.12127e-06 2.87254e-07
1.21317e-06 -4.4724e-07
-1.24181e-07 5.82999e-07
1.17111e-06 -3.8029e-07
-5.05682e-08 4.73243e-07
5.75163e-07 -1.7336e-07
-5.03869e-07 2.92823e-07
-3.11206e-07 -3.0765e-07
-6.63745e-07 -3.7383e-07
-1.21779e-06 5.67225e-07
5.00879e-07 2.1338e-07
1.20075e-06 5.02959e-07
1.31169e-06 5.15258e-07
-2.97768e-07 7.25265e-08
-2.21186e-07 6.69525e-07
3.65519e-07 -6.67759e-07
-2.71831e-07 2.4908e-07
4.9854e-07 -2.49208e-07
6.62528e-07 -3.02232e-07
-3.23315e-07 4.66149e-07
-2.74858e-08 9.9672e-08
-6.9514e-07 -4.65708e-07
1.33396e-06 -1.70867e-07
-1.37274e-06 6.0463e-07
-1.24572e-07 -2.47146e-07
1.41335e-06 -4.54692e-07
-1.0186e-06 -1.62984e-07
-1.13419e-06 9.81817e-08
-4.6169e-07 6.81772e-07
7.50474e-07 -2.53451e-07
-1.29217e-06 -6.62137e-07
4.26891e-07 6.20137e-07
-1.25771e-06 -2.43767e-07
-5.37828e-07 3.60763e-08
7.19233e-07 6.72536e-07
2.53259e-07 6.24008e-07
-1.28081e-06 -2.29668e-07
-4.58807e-07 -4.00555e-07
5.45958e-07 -4.44755e-08
-8.15236e-07 5.41582e-07
-4.07876e-07 5.2154e-07
-1.28593e-06 -4.5113e-07
-2.17538e-07 4.41538e-07
-6.47965e-07 2.07945e-08
6.38766e-07 4.78893e-07
5.80739e-07 6.7354e-07
-5.68318e-07 -1.97461e-07
-7.32447e-07 3.36072e-07
-6.14822e-07 5.06083e-07
-5.73582e-07 -6.12608e-09
6.31113e-07 5.09702e-07
-5.32412e-07 1.1036e-07
9.15594e-07 1.55493e-07
1.35232e-06 -1.92247e-08
-9.6292e-07 6.61702e-07
1.12812e-06 4.03299e-07
-2.50481e-07 -2.48197e-07
1.19848e-06 2.78272e-07
-1.2524e-06 -5.90278e-08
-4.32168e-07 -2.90026e-07
1.94469e-07 1.21177e-07
-1.22871e-07 2.67917e-07
-7.03151e-07 6.39261e-07
1.09029e-06 -5.40825e-07
-1.3141e-06 1.39928e-07
-1.40871e-06 -6.50739e-07
4.5182e-07 -6.48595e-07
-1.72378e-07 2.18748e-07
-9.85761e-07 1.90926e-07
1.18528e-06 2.14845e-07
-1.23454e-06 5.84025e-08
-1.1827e-06 3.78385e-07
7.73988e-07 5.60386e-10
-7.67535e-07 -2.73887e-07
2.34894e-08 5.25491e-07
4.08259e-07 3.1059e-07
-9.16303e-07 -1.23482e-07
-4.83829e-07 5.34798e-10
4.97881e-07 1.5926e-07
-8.02663e-07 1.91046e-07
-1.33758e-06 -2.64969e-07
-8.56297e-07 1.92231e-07
-9.46459e-07 5.29098e-08
2.20267e-07 -4.3449e-07
3.13142e-07 -6.30815e-07
-2.43075e-07 -3.15242e-07
7.19059e-07 6.41349e-07
-1.22706e-06 -4.29146e-07
1.18229e-06 4.79125e-07
-4.61658e-07 1.92235e-07
-7.23033e-08 1.65266e-07
1.12589e-06 -4.52675e-07
-5.12806e-07 -1.85207e-07
-6.70835e-07 2.09307e-07
1.25896e-06 -3.94842e-07
2.57458e-07 -1.34394e-09
-9.07874e-07 1.56834e-07
-6.56664e-07 -1.29678e-08
4.62098e-07 3.61009e-07
-5.00347e-07 2.99094e-07
6.89805e-07 1.28082e-07
8.602e-07 -4.96911e-07
6.82881e-08 -2.52993e-07
6.32841e-07 1.24794e-07
-2.66601e-07 -5.51875e-08
2.77839e-07 4.56059e-07
-8.18057e-07 -4.14493e-09
1.61089e-08 3.61146e-07
-1.37234e-06 2.51305e-07
-6.98064e-07 1.16837e-07
1.17988e-07 8.99271e-09
-1.8529e-07 6.41577e-07
-1.35311e-06 -6.04482e-07
5.27045e-07 -9.06062e-08
7.16902e-07 -1.1364e-07
1.08087e-06 -2.68434e-07
-1.10522e-06 -1.60676e-07
-5.28737e-07 1.21898e-07
-6.25686e-07 -3.346e-07
1.13841e-06 -3.02452e-07
-4.76332e-07 -6.08876e-07
1.34911e-06 3.7952e-07
1.40282e-06 -3.045e-07
-3.7115e-07 3.81468e-08
-4.93304e-07 -2.08422e-07
5.2012e-08 5.8836e-07
-1.32639e-06 5.16562e-07
-1.08519e-06 -3.12875e-07
6.44086e-07 7.79877e-09
-1.22327e-06 -1.04394e-07
1.22277e-06 5.14045e-07
4.62449e-07 -2.46705e-08
1.30143e-06 -3.2262e-07
-8.93263e-07 -2.42151e-07
-1.20697e-06 -5.56168e-08
-1.08965e-07 -3.76235e-07
-2.93585e-08 6.95546e-07
-2.0651e-07 -5.46664e-07
-6.22867e-07 -1.01296e-07
1.41174e-06 -4.24725e-07
-5.88243e-07 2.50413e-07
3.20745e-07 -5.12472e-07
5.23594e-07 -2.78582e-07
-8.74891e-07 3.93247e-07
2.80583e-07 -5.36725e-07
3.09706e-07 -1.65546e-08
-4.92821e-07 -5.11524e-07
9.20293e-07 -2.2977e-07
1.15102e-06 -2.17798e-07
6.19039e-07 4.15974e-07
1.33062e-06 -3.54456e-07
-1.40365e-06 2.13162e-07
7.15629e-07 -6.63693e-07
-1.11037e-06 1.70755e-07
-8.05799e-07 6.48778e-07
-1.88813e-07 -6.22088e-07
8.6554e-07 1.42679e-07
3.89161e-07 1.11815e-07
-7.73935e-07 5.45063e-07
-9.95791e-07 -5.02352e-07
-1.29457e-07 5.98762e-07
-9.24307e-07 -2.60307e-07
-1.14633e-06 -3.26489e-07
-8.14926e-07 3.68987e-07
-4.42656e-07 4.93653e-07
5.27648e-07 -5.99089e-07
-6.01429e-07 3.98397e-07
9.16219e-08 -2.5529e-07
-8.87549e-07 3.85638e-07
6.3536e-08 6.10854e-07
-3.26349e-07 -6.6395e-07
2.52205e-07 5.02057e-07
-2.1897e-07 -2.60718e-07
-9.541e-07 -2.43321e-07
1.29472e-06 1.12225e-07
7.34384e-07 3.22885e-07
-9.35619e-07 -3.23051e-07
-8.83779e-07 -5.48231e-07
4.92914e-07 -2.32025e-07
-3.85167e-07 -1.86367e-07
8.17928e-07 9.9522e-08
-8.47186e-07 1.27543e-07
1.87434e-08 6.73308e-07
-2.29949e-08 -4.34698e-07
5.10924e-07 1.50933e-07
1.14204e-06 -5.864e-08
-1.17693e-06 6.47676e-08
-2.9933e-07 -4.14609e-07
-5.80559e-07 -1.13873e-07
5.45717e-07 -5.62346e-07
-5.29485e-07 -5.21995e-08
6.93165e-07 5.81323e-09
-1.34514e-06 4.75144e-07
2.31005e-07 6.19935e-07
3.09805e-07 7.01882e-08
-9.12405e-07 -3.42862e-08
1.17574e-07 2.78787e-07
1.47414e-07 -1.98309e-07
4.07441e-07 -5.76491e-08
-1.88233e-08 4.33365e-07
8.13858e-08 -2.64113e-07
4.14951e-07 -5.29751e-07
-1.36229e-06 -4.80142e-07
-9.67568e-08 -6.29707e-07
1.39063e-06 5.01266e-07
1.96752e-07 6.529e-08
5.70412e-07 5.98047e-07
-5.99699e-07 -7.53812e-08
-3.79971e-07 2.49352e-07
-1.01428e-06 -4.9419e-07
-7.37809e-07 1.317e-07
1.36057e-06 -5.30835e-07
5.27282e-07 4.31965e-08
-4.03621e-07 4.77783e-08
1.27873e-06 -1.20556e-07
-3.31096e-07 1.80567e-08
-6.42259e-08 -1.98132e-07
8.42015e-07 -5.65776e-07
1.05917e-06 5.90669e-07
-1.13993e-06 -3.05523e-07
1.26246e-06 3.63466e-07
-1.36647e-06 1.0216e-07
1.86424e-07 -2.27935e-07
7.90265e-07 -8.01573e-08
1.09928e-06 5.75591e-07
-4.85632e-07 3.36881e-07
-9.817e-07 -2.3791e-07
7.57414e-08 -3.80846e-07
6.40108e-07 6.63454e-07
-4.56841e-07 -4.15986e-08
-1.44813e-06 1.56538e-07
6.0552e-07 -4.73937e-07
1.06872e-06 -7.62744e-08
3.51144e-07 1.40524e-07
4.58257e-07 -5.06515e-07
-1.15514e-06 -6.49493e-07
-2.71289e-07 3.74779e-07
-2.11792e-07 -2.19999e-07
4.10764e-07 -6.71081e-07
-1.34227e-06 4.41257e-08
2.63327e-07 4.78515e-07
1.41861e-06 4.37734e-07
-2.2508e-07 -9.93244e-08
6.59572e-07 8.10581e-10
-4.51826e-07 -4.71345e-07
3.2963e-07 6.1679e-07
1.26389e-06 1.85787e-07
1.27874e-06 2.43772e-07
-3.40385e-07 -5.50249e-07
9.10962e-08 -4.90652e-07
-8.5667e-07 4.68842e-07
8.09712e-07 -4.41704e-07
3.34132e-07 5.00346e-07
-5.86291e-07 2.26467e-07
9.10602e-07 2.56031e-07
-1.4399e-07 1.49835e-10
-1.14121e-06 -3.08526e-08
-9.40969e-07 -4.18241e-07
1.15937e-06 -5.33038e-07
1.10222e-06 -2.32683e-07
-8.65151e-07 -4.03079e-07
-9.91052e-07 -6.93876e-07
6.36698e-07 4.81236e-07
-1.0187e-06 4.90714e-07
7.84571e-07 5.08027e-07
-1.44494e-06 -3.50599e-07
9.44792e-07 6.57944e-07
1.10165e-06 -2.66336e-07
-1.33178e-06 5.849e-07
1.18765e-06 -3.95185e-08
-2.76312e-07 5.91722e-08
-9.43351e-08 -5.28825e-07
-1.18238e-06 -6.62835e-07
4.06231e-07 -5.29862e-07
1.3016e-06 -7.54345e-08
2.10015e-07 -3.96269e-08
-4.52765e-07 -6.63858e-07
-9.05749e-07 -3.98312e-07
-1.09366e-06 6.74151e-07
1.43484e-07 2.65456e-07
6.08852e-07 -6.15301e-07
-9.64351e-07 2.09085e-07
1.42071e-07 -5.23064e-07
-1.01538e-06 5.81999e-08
8.50038e-07 -4.18513e-07
2.80249e-07 5.30075e-07
1.00419e-06 -6.84405e-07
4.08145e-07 4.17451e-07
-2.86891e-07 6.76617e-07
7.58651e-07 1.96841e-07
-3.40025e-07 -3.09933e-07
-4.06639e-07 5.335e-08
2.99981e-07 -9.67262e-08
-5.05535e-07 4.78102e-07
-5.73009e-07 5.83304e-07
-1.65487e-07 1.4232e-07
-5.53108e-07 -1.13626e-07
-1.35655e-06 1.93911e-07
-1.00739e-06 -3.77348e-08
2.88141e-08 -5.63244e-08
-1.3787e-06 -3.12433e-07
-5.9364e-07 -1.23125e-07
-1.02914e-06 -6.78579e-07
7.89716e-07 -4.36828e-08
-1.62573e-08 2.37081e-07
-1.42261e-06 6.79985e-07
3.56035e-08 -1.37957e-07
1.24091e-06 -4.53461e-09
2.54203e-07 2.74538e-07
6.01077e-07 -5.27241e-07
-1.04463e-06 -2.20878e-08
-1.22101e-06 -6.26251e-07
2.95306e-07 5.14902e-07
-5.03972e-07 -2.75595e-07
7.27843e-07 -2.98791e-07
8.66228e-07 1.30387e-07
2.61015e-07 -2.00652e-07
-9.8979e-07 -2.60315e-07
9.8496e-07 -5.531e-07
1.06668e-06 6.4784e-07
-3.72409e-07 -2.39481e-07
-4.84754e-07 -9.35315e-08
-1.02598e-06 -3.56929e-07
-2.83854e-07 4.63069e-07
6.93102e-07 -2.13708e-07
-8.57142e-07 2.73906e-07
8.41091e-07 3.66612e-07
-8.53661e-07 2.7647e-07
1.26306e-06 4.48578e-09
4.87488e-07 6.63075e-07
1.42821e-06 -5.09093e-08
1.8029e-07 -5.76677e-07
-8.48623e-07 2.2542e-07
-1.06312e-06 -1.24818e-08
-1.30627e-06 -6.18674e-07
1.03141e-06 7.51831e-08
-3.7186e-07 -5.65124e-07
2.15326e-07 2.10484e-07
-4.21348e-07 -3.4217e-07
6.62269e-07 -8.48576e-08
9.12835e-07 5.62941e-07
6.97149e-07 -3.7896e-07
-1.27275e-06 -5.79667e-07
1.30481e-06 -6.94458e-07
-4.01533e-08 -1.7811e-08
4.99552e-07 5.88759e-07
-7.52672e-07 -4.16629e-08
-4.86354e-07 -1.57153e-07
-1.07901e-06 -1.39882e-07
9.22827e-08 2.52565e-07
-1.59164e-07 -2.94654e-07
-2.60992e-09 9.88153e-08
9.37498e-07 1.63053e-07
-1.27455e-06 -3.13321e-07
4.81817e-07 4.26097e-08
-8.08533e-07 6.79208e-07
4.33246e-07 -3.35154e-07
5.3666e-07 2.08902e-07
8.89067e-07 -6.52648e-07
-3.9409e-07 3.05362e-07
1.20904e-06 -5.19738e-07
-7.17214e-07 3.80736e-07
-1.27905e-06 -7.4696e-08
6.702e-07 -6.02833e-07
8.60551e-08 2.65189e-07
-5.71868e-07 1.45601e-07
7.52036e-07 7.50311e-08
-8.0983e-07 -6.58064e-07
-5.33045e-07 -5.02283e-08
4.67661e-07 -5.96443e-07
1.35376e-06 4.64014e-07
-1.06854e-06 1.0094e-07
-7.30976e-07 -1.19136e-07
5.64027e-07 -4.16897e-07
-1.14849e-06 -1.08217e-07
7.87967e-07 3.49944e-07
-2.04334e-07 -5.55716e-07
2.64214e-07 -3.38145e-07
-1.35421e-06 3.62626e-07
-3.72042e-08 6.10426e-07
-8.99674e-07 3.92673e-08
1.31711e-06 4.49771e-07
-1.36098e-06 2.55932e-07
1.2102e-06 5.6418e-07
1.65602e-08 -7.0076e-08
3.2428e-07 2.33674e-07
-9.30094e-07 -6.86782e-07
-2.31186e-07 1.35539e-07
4.3729e-07 -6.70528e-08
-2.18573e-07 4.52251e-07
1.15811e-06 -6.49275e-08
-6.34828e-07 5.71218e-07
3.97398e-07 2.86978e-07
-9.04393e-07 3.30062e-07
-1.00914e-06 -2.0558e-07
2.17737e-07 6.8316e-08
3.17987e-07 -6.80085e-08
-3.4174e-08 1.14339e-08
-8.8947e-07 4.44214e-07
-4.99302e-07 -4.87908e-07
6.41659e-07 3.65106e-07
1.39073e-06 4.18111e-07
1.4151e-06 1.94654e-07
-9.76564e-07 1.64775e-07
-5.67349e-07 2.25816e-07
3.10979e-07 -4.78258e-08
2.79236e-07 1.61107e-07
1.19837e-06 1.42621e-07
-7.76532e-07 2.79241e-07
-2.84027e-07 5.14022e-08
-6.45693e-08 -1.58611e-07
-1.3346e-06 -5.45454e-07
2.79621e-07 3.39451e-07
-2.39082e-07 3.34713e-07
-8.41987e-07 -6.83215e-07
-8.3016e-07 5.34386e-07
6.09316e-07 -4.13983e-07
5.10309e-07 -5.68273e-07
-4.62219e-07 1.21366e-07
-7.74359e-07 1.78993e-08
-8.38384e-07 -4.12705e-07
-1.80378e-07 2.75525e-07
-6.8656e-07 -3.95393e-07
-6.25774e-07 2.41741e-07
1.13528e-06 5.34302e-07
6.82647e-07 5.81931e-07
3.0837e-07 5.58894e-07
3.75504e-07 -3.76881e-07
-5.58718e-07 3.59102e-07
-6.63291e-07 -4.07941e-07
-1.03531e-06 8.42378e-08
-1.4398e-06 -3.43791e-07
3.86992e-07 1.2528e-07
-5.39112e-07 5.91508e-07
-1.15886e-06 -2.95427e-08
-1.28707e-07 1.96032e-07
1.0731e-06 6.0567e-07
1.18102e-06 3.28642e-07
5.85189e-07 -3.41233e-07
-1.06774e-06 -5.18417e-07
-1.43238e-06 -2.59236e-08
-1.0645e-06 2.40997e-07
-1.74923e-07 -4.05121e-07
-8.14127e-08 2.81674e-07
5.53304e-07 -4.03854e-07
5.01372e-07 -4.72521e-07
-7.41587e-07 -7.94411e-08
1.41823e-07 -6.61977e-08
1.43258e-07 -4.97277e-07
-7.63642e-07 -1.63287e-07
-8.07602e-07 3.91968e-07
-9.63176e-07 1.70697e-07
4.94648e-07 3.94883e-07
-6.55853e-07 3.62061e-07
3.8355e-07 -4.6818e-07
1.06835e-06 5.6206e-07
4.51599e-07 2.62664e-07
5.01935e-07 4.27791e-07
-7.98523e-07 -3.31242e-07
-5.22689e-07 -5.41253e-07
-1.19381e-06 2.15103e-07
-1.19253e-06 -6.79246e-07
1.30774e-06 -1.53357e-07
-5.25211e-07 -2.15171e-07
-9.97523e-07 1.5447e-07
1.67185e-07 -4.06787e-07
9.9452e-07 6.14697e-07
-6.75609e-07 5.19337e-07
-1.27674e-07 5.43778e-07
5.68916e-07 -6.89861e-07
-4.63057e-07 3.59017e-07
-3.74188e-07 4.04516e-07
1.30435e-06 -6.34046e-07
-1.13697e-06 -5.54256e-08
2.42256e-08 -3.62404e-07
2.16769e-07 3.05841e-08
5.25786e-07 1.8335e-07
4.36242e-07 -2.15681e-07
2.61061e-07 1.98764e-08
1.39062e-06 8.47232e-08
-5.75931e-07 5.34899e-07
-3.46379e-07 5.86863e-07
3.35155e-07 3.86755e-07
1.2808e-06 -6.99355e-09
-1.34785e-06 -1.6544e-07
7.51078e-08 3.11894e-07
-9.98648e-07 5.2156e-07
1.21424e-06 -4.1426e-07
4.26863e-07 5.20054e-07
9.9812e-07 -3.08351e-07
-4.36488e-07 -1.33139e-08
3.99461e-07 -1.13937e-07
2.56339e-07 2.86358e-07
2.78095e-07 -2.40074e-07
1.37927e-06 6.08103e-07
5.03278e-08 -1.27968e-07
1.17592e-06 5.53009e-07
-1.22849e-06 2.2994e-07
-1.9143e-08 5.83025e-07
2.06648e-07 -5.7763e-07
5.42645e-07 -9.89322e-08
-1.20215e-06 2.82788e-07
3.67395e-07 2.37273e-07
2.97679e-08 2.85368e-07
-1.4393e-06 -4.21193e-07
-1.39961e-06 6.43952e-07
7.60887e-07 -3.43282e-07
-1.0019e-06 2.68082e-08
7.60818e-07 1.85167e-07
4.65866e-08 -1.09962e-07
-1.55052e-07 9.92367e-08
1.25589e-06 -5.11259e-07
-4.33041e-07 -2.46728e-07
7.28634e-07 -5.39984e-07
1.18519e-06 4.56854e-07
-1.05223e-06 -4.94063e-07
-1.07818e-06 5.51679e-07
-6.02241e-07 -1.57079e-07
9.63335e-07 -1.50236e-07
-2.42046e-07 -5.30715e-07
-4.36708e-07 6.41633e-07
-1.3559e-06 5.63126e-08
-1.0426e-06 -4.72525e-07
1.17362e-06 5.02251e-07
3.80802e-08 -6.19511e-07
4.37396e-07 5.69662e-07
-8.2862e-07 5.58788e-07
-1.2076e-06 -3.94691e-07
-1.26799e-07 6.3455e-07
-9.92221e-07 -5.10832e-07
5.78746e-07 2.66044e-07
-2.93076e-07 6.59174e-07
8.2202e-07 1.54802e-07
7.32912e-07 5.25012e-07
-8.98119e-07 -6.00992e-07
-7.61358e-09 -3.45691e-07
5.49683e-08 4.44011e-07
8.59046e-07 -5.30442e-07
-1.32804e-06 -4.81837e-07
-2.65298e-07 3.07298e-07
-1.20092e-06 5.60355e-07
1.42936e-06 4.54537e-07
-8.11025e-07 4.92923e-07
9.94492e-07 -6.37499e-07
1.19141e-06 -3.90953e-07
-4.35895e-07 3.08053e-07
-1.02811e-07 5.23171e-07
7.17297e-07 2.82471e-07
1.2584e-06 -4.1025e-08
-6.26265e-07 4.50277e-08
1.32213e-07 1.59158e-07
-1.12939e-07 -4.4835e-07
1.32605e-06 5.5429e-07
4.57942e-07 3.54968e-07
-7.42255e-07 7.08348e-08
1.2749e-06 -2.31101e-07
1.20816e-06 -4.92679e-07
-6.53858e-07 4.15885e-07
-1.2374e-06 4.95971e-07
9.11755e-07 -2.38643e-07
2.33024e-07 5.1116e-07
-8.65776e-07 5.20332e-07
-1.29428e-07 -6.2249e-07
2.23431e-07 4.82462e-07
1.44335e-06 2.76274e-07
-9.21467e-07 -1.80011e-07
7.29611e-07 -3.03133e-07
1.10115e-06 -5.91018e-07
-5.35064e-07 -6.08047e-07
5.67451e-07 -3.8827e-07
5.28644e-07 3.40368e-07
7.72299e-07 -3.13806e-07
-8.79218e-07 -4.10906e-07
9.35308e-07 5.16008e-07
-5.6878e-07 5.97859e-07
-1.15933e-06 -2.62944e-07
-3.59448e-07 -4.8128e-08
-9.13449e-07 6.31352e-07
-8.23133e-07 -2.85144e-07
1.47298e-07 -2.56879e-07
-1.42973e-06 2.07089e-07
-1.04208e-06 2.43828e-07
6.47615e-07 -6.58479e-07
-4.01912e-07 -3.88003e-07
1.17501e-06 2.40425e-07
1.26336e-06 4.55186e-07
6.97419e-07 6.42207e-07
7.41483e-07 2.4801e-07
-4.55898e-07 -2.53745e-07
-5.79979e-07 2.05958e-07
-1.29804e-06 -6.25207e-07
1.43062e-06 -5.4532e-07
7.896e-07 1.06864e-07
-5.01292e-07 2.49723e-08
1.37994e-06 4.79122e-07
7.61005e-07 -9.20919e-08
9.90431e-07 -6.50762e-07
1.45919e-07 1.63798e-07
-1.01213e-07 -1.69398e-07
9.77755e-07 6.97263e-07
-1.15293e-06 -2.89979e-07
1.09968e-06 -6.73647e-07
9.4768e-07 -1.0146e-07
-1.06621e-06 6.70744e-07
6.52905e-07 -6.31062e-07
5.2339e-07 -3.59423e-07
-1.21852e-06 -6.46816e-07
-1.35756e-06 -5.82875e-07
-1.1259e-07 6.61142e-07
7.83671e-07 -1.45312e-07
-7.30224e-07 1.82469e-07
-2.70897e-07 5.77045e-07
-5.13055e-07 -5.67848e-07
6.04049e-08 -3.31127e-07
3.08622e-07 -6.54879e-07
1.24969e-06 5.62613e-07
3.48375e-07 1.76321e-07
-1.42339e-06 -5.97722e-07
4.59689e-08 3.74378e-07
6.90265e-07 -5.54001e-07
-1.41614e-06 -5.26624e-07
-4.37817e-07 -5.9126e-07
3.89821e-07 3.15568e-07
1.37162e-06 3.92242e-07
9.54794e-07 -2.7365e-07
8.07458e-07 -7.63317e-08
2.46925e-07 -6.7952e-08
-5.88244e-08 -2.11701e-07
-6.2811e-07 -5.28578e-07
7.88381e-07 -3.63002e-07
2.76766e-07 -6.47717e-07
5.88763e-07 -3.88814e-07
-6.92447e-07 2.28284e-07
-7.76453e-08 -1.13028e-08
3.58887e-07 -2.21164e-07
-5.77599e-07 -1.54542e-08
1.34498e-06 -2.34148e-07
4.0283e-07 1.29751e-07
1.34856e-06 -5.0349e-07
-9.11614e-07 -1.08476e-07
-6.82463e-07 2.89048e-07
-9.67945e-07 1.43436e-07
-6.48369e-07 -3.29798e-07
-6.68988e-07 3.74265e-07
8.76411e-07 -4.42775e-07
1.18646e-06 -6.46171e-07
6.72056e-07 4.18839e-07
3.57438e-07 4.6043e-08
-3.90265e-07 3.22224e-07
6.07974e-07 -4.77201e-07
1.35919e-06 1.49921e-07
1.30186e-06 -5.53674e-07
-2.74561e-07 -3.0359e-07
3.57618e-07 6.83172e-07
-6.30195e-07 -2.56915e-07
-1.91205e-07 2.82616e-07
-1.38025e-06 4.42371e-07
-1.04575e-06 7.32733e-09
-3.05885e-08 6.95754e-07
3.0621e-07 -1.296e-07
-8.66843e-07 -6.02312e-07
4.69608e-07 6.52683e-08
-5.14477e-07 -5.50711e-07
-1.25142e-07 8.99785e-08
2.75695e-07 1.2786e-07
-7.29913e-07 5.46773e-07
-1.09475e-07 2.22495e-07
8.45697e-07 -2.96006e-07
3.97424e-07 2.23966e-08
1.92774e-07 1.88795e-07
-1.29685e-06 5.23422e-07
1.09775e-06 -5.13865e-08
-1.00695e-06 5.64415e-07
-1.36077e-06 -3.83215e-07
-1.44599e-06 -4.8991e-07
-3.36856e-07 -3.62994e-07
1.33915e-07 6.88522e-07
1.24364e-06 5.02462e-07
6.04314e-07 5.4562e-07
1.10825e-06 3.25625e-07
6.22037e-07 5.54665e-07
-3.46964e-07 3.09034e-07
-8.92841e-07 -3.81656e-07
9.8252e-07 3.94737e-07
5.19798e-07 -5.73111e-07
1.00099e-06 -4.07732e-07
-8.68559e-07 4.01062e-08
-4.31338e-07 5.89961e-08
-2.16674e-07 -6.54449e-07
-1.34922e-06 -6.59066e-07
-2.3301e-07 -4.31248e-07
-8.21798e-07 -2.367e-07
-8.14894e-07 -6.35716e-07
9.19846e-08 1.95059e-07
-1.1582e-06 5.43551e-07
8.31714e-07 3.62186e-07
5.14302e-07 -5.54088e-07
-1.41635e-06 1.81181e-07
-4.83785e-08 -3.41746e-07
-1.2277e-06 8.84051e-08
1.23328e-07 -2.94933e-07
-6.37845e-07 -1.90461e-07
-1.61102e-07 -2.91938e-07
-1.41069e-06 -1.12877e-07
3.34633e-07 3.99842e-07
7.60148e-07 -2.8699e-07
1.0544e-06 5.10805e-07
-1.1587e-06 4.68525e-07
4.62346e-07 -5.17764e-07
-2.88704e-07 -4.51235e-07
1.26183e-06 -8.48567e-08
1.07794e-07 -6.52408e-07
-1.21738e-06 6.62665e-07
5.95254e-07 -6.98502e-08
-9.91864e-07 -6.83733e-07
-1.1644e-06 6.01391e-07
-5.89085e-08 -4.44098e-07
-4.69106e-07 3.18447e-07
-1.36977e-06 6.70568e-07
-8.48195e-07 -6.79179e-07
-4.12554e-07 1.28654e-07
-1.90592e-07 -3.94278e-07
-6.82421e-07 6.76417e-08
4.45952e-07 -4.99898e-07
-1.32575e-06 -5.42301e-08
-5.90637e-07 -2.86599e-07
-5.97774e-08 3.78538e-07
1.38821e-06 4.69451e-07
-2.84978e-07 -9.34802e-08
-1.04073e-06 6.32196e-07
1.08033e-06 5.08319e-07
4.14339e-07 4.41951e-07
1.55281e-07 2.45114e-07
-2.86652e-07 -5.01536e-07
1.19399e-08 2.11125e-07
-9.53259e-07 -1.58076e-07
-8.17562e-08 -2.32331e-07
-6.38379e-07 -8.15051e-08
3.35388e-07 -6.51176e-07
-1.15834e-06 5.19893e-07
-5.18214e-07 6.53183e-07
-8.31952e-08 1.03921e-07
-5.76732e-07 4.83321e-08
8.0377e-07 -3.70565e-07
-3.39284e-07 -5.08582e-08
-6.79918e-07 6.47865e-07
-1.32446e-06 1.64817e-07
7.88437e-07 -3.24824e-08
-3.58183e-07 1.07183e-08
-1.36191e-06 4.71401e-07
-9.3313e-07 3.0258e-07
7.26232e-07 -5.00337e-07
-1.28204e-07 4.67132e-07
-1.42082e-06 -1.9603e-07
9.77587e-07 -6.79146e-07
-7.05874e-08 1.89676e-07
2.42959e-07 1.0797e-07
9.46439e-07 -4.06179e-07
9.91521e-08 6.22034e-07
4.38533e-07 1.73008e-07
-3.85522e-07 -2.75575e-07
1.5421e-07 4.74902e-07
-1.04547e-06 -2.76323e-07
6.34615e-08 5.02862e-07
-1.30326e-06 -4.15423e-07
-9.24482e-07 -2.5985e-07
1.03033e-06 -3.57499e-07
3.24042e-07 -3.28361e-07
9.25777e-07 1.80481e-07
-1.10849e-06 5.04707e-07
2.7924e-07 -4.03298e-07
4.82556e-07 3.59428e-07
-8.08831e-07 -9.33838e-08
3.10082e-07 -1.38405e-07
-1.20921e-06 3.24245e-07
5.21032e-07 2.84316e-07
1.07655e-06 -3.21347e-07
5.32152e-07 -6.47776e-07
7.72789e-07 9.80118e-08
6.47868e-07 -3.44143e-07
-8.06821e-07 5.61161e-07
5.53195e-07 3.49151e-07
6.43133e-07 3.71964e-07
-1.24858e-08 -3.62742e-07
-5.45231e-08 5.31575e-07
7.6096e-07 -2.65931e-07
8.75024e-07 6.33227e-07
-6.08736e-07 -4.17373e-07
-2.81705e-07 6.99416e-07
4.37332e-08 -3.97504e-07
-9.02052e-07 2.87686e-07
-1.10894e-06 5.61172e-07
-4.39808e-07 2.17803e-07
8.97825e-07 5.63267e-07
-9.87578e-07 -4.87315e-07
1.26369e-06 2.35853e-07
-1.27066e-06 -6.8313e-07
-1.1375e-06 6.26621e-07
6.52319e-07 1.2399e-07
2.68923e-07 1.40148e-08
-6.89128e-07 5.10738e-07
-4.32759e-07 8.15189e-08
4.4335e-07 3.72255e-07
5.91893e-07 4.80205e-07
3.88997e-07 -4.60036e-07
-2.40963e-07 1.37034e-07
6.53852e-07 -4.64741e-07
3.24909e-07 -1.74417e-07
1.22831e-06 9.13429e-08
9.77441e-07 -5.88687e-07
1.2872e-06 2.53333e-08
-9.78478e-07 2.96959e-07
-7.44884e-07 1.04991e-07
1.3102e-06 -5.05033e-07
-9.14036e-07 -5.44604e-07
-9.49427e-07 6.5782e-07
9.39044e-07 -2.28671e-07
-4.88513e-07 -5.92341e-07
7.5312e-07 3.80725e-07
-1.32916e-06 4.26434e-08
1.9685e-07 3.71943e-07
6.99062e-07 3.09907e-07
-4.35301e-07 6.61297e-07
1.42438e-06 3.63543e-07
-8.41494e-07 -1.38653e-07
7.63412e-07 1.0963e-07
2.40765e-07 -1.36051e-07
-3.07689e-07 1.99418e-07
-8.51969e-07 -2.16251e-07
-4.08379e-07 -6.06007e-07
-1.11119e-06 -5.64113e-07
6.56537e-08 -3.70225e-07
-4.45964e-07 -3.5729e-07
-4.87323e-07 2.74311e-07
1.44948e-06 -6.70271e-07
4.24732e-07 -3.54839e-07
1.16597e-06 6.95202e-07
-1.08177e-06 1.31492e-07
1.13153e-06 6.84047e-07
-8.4632e-08 -4.66196e-07
-1.30371e-06 5.69178e-07
-1.21716e-06 -1.40965e-07
3.53891e-08 2.89251e-07
6.12078e-07 4.22529e-07
-8.59163e-07 5.41257e-07
1.3473e-06 3.16616e-07
8.30355e-07 -3.85846e-07
-4.07333e-07 3.04387e-07
4.25076e-07 6.27991e-07
8.39284e-07 1.25151e-07
5.418e-07 5.68513e-07
1.5828e-08 5.59756e-07
-1.18969e-06 2.22953e-07
8.00061e-07 -2.85845e-07
1.27061e-06 -3.46854e-07
-7.64382e-07 -1.90463e-07
-1.04647e-06 -3.39457e-08
4.1421e-07 5.69534e-07
7.50606e-07 -3.1746e-07
-7.7526e-07 -6.76652e-07
-3.75208e-07 6.0612e-08
-1.08204e-06 6.27771e-07
-9.84147e-08 3.07012e-08
-1.26265e-06 -5.93619e-07
-1.18211e-06 4.8385e-07
5.19037e-07 -5.436e-07
-1.33464e-06 1.31768e-07
9.917e-07 -5.51876e-07
6.62562e-07 3.50667e-07
1.01666e-06 -3.02447e-07
9.6744e-07 -1.13442e-07
9.8589e-07 1.96291e-07
6.78892e-07 -8.59359e-08
1.14637e-06 -1.0971e-07
1.44485e-06 5.74049e-07
1.98663e-07 5.29623e-08
-9.18e-07 5.1694e-07
-1.60204e-07 6.02021e-07
3.15055e-07 -3.61088e-07
1.72836e-08 -7.99292e-08
-1.96951e-07 6.38695e-07
-9.45964e-08 -7.55646e-09
-1.35908e-06 -5.67905e-07
6.55586e-07 -6.87599e-07
-1.4369e-06 2.37079e-07
2.74998e-07 8.76208e-08
-1.73588e-07 -1.8433e-07
-5.4086e-07 -6.14901e-08
-2.48004e-07 1.8138e-07
-5.90091e-08 6.70041e-08
9.36789e-07 -4.83446e-07
9.84377e-07 5.74146e-07
-2.69479e-07 -6.10999e-07
5.92572e-07 4.85178e-07
-9.69848e-07 -5.23563e-07
1.15848e-06 6.19377e-07
-6.2843e-07 4.50255e-07
-6.70775e-07 3.39758e-07
4.49868e-07 2.03807e-07
-1.43153e-06 -4.84398e-07
5.67907e-07 1.02824e-07
-4.96624e-07 4.2851e-07
-1.36155e-06 3.99029e-07
-5.27436e-07 5.63926e-08
8.46506e-07 -1.57898e-07
7.07211e-07 -3.48026e-07
-6.19229e-07 -2.76362e-07
-6.74126e-07 -2.39711e-08
1.12833e-06 5.85336e-07
-7.49641e-07 -4.66747e-07
1.04927e-07 2.67343e-07
2.38646e-07 -6.85647e-07
-9.28581e-07 5.37047e-07
-1.00138e-06 -5.53114e-07
6.60988e-07 5.60954e-07
7.41668e-07 -7.12844e-08
-4.0515e-07 2.65799e-07
6.66615e-07 6.46488e-07
-1.19332e-06 4.12704e-07
6.54617e-07 5.69248e-07
9.74372e-07 -4.43991e-07
-8.9668e-07 -5.52501e-07
5.1966e-07 6.838e-07
5.64711e-07 3.65006e-07
-1.09545e-06 -4.38761e-07
-6.4426e-07 -7.42351e-08
-2.69249e-07 -4.64046e-09
-1.09233e-06 4.10478e-07
2.3054e-07 -5.38444e-07
-2.16816e-08 -6.09759e-07
-9.18145e-07 -6.68933e-07
6.23348e-08 4.48535e-07
1.0587e-06 -2.08345e-08
-1.42092e-06 -3.24396e-08
-6.61125e-07 -5.83615e-07
7.55156e-07 -5.22679e-07
3.04671e-07 -5.53652e-07
-1.95875e-07 -6.20524e-07
-8.72622e-08 4.62633e-07
-2.82086e-07 -2.45401e-07
1.98921e-07 9.01158e-09
3.61096e-07 -5.87447e-07
1.30793e-06 -3.48359e-07
-1.78435e-07 -1.52249e-07
2.93652e-08 5.39686e-07
-9.377e-07 4.26197e-07
-6.07471e-07 1.47753e-07
-9.04396e-07 -2.39033e-07
-1.00331e-06 6.92674e-07
-1.22054e-06 4.11326e-07
-2.26771e-07 5.2112e-07
-2.85766e-07 6.82897e-07
-6.21597e-07 -2.86636e-07
-1.11304e-06 -5.52028e-07
-2.75254e-07 7.35097e-08
3.53221e-09 -5.38586e-07
-7.4095e-08 4.71842e-08
-3.36232e-07 5.76637e-07
-1.25523e-06 -2.68729e-08
-1.09375e-06 -6.53641e-07
1.99815e-07 6.41872e-07
-1.13918e-06 1.20315e-07
-7.10555e-07 1.83614e-07
-8.7194e-07 -3.98887e-07
7.92829e-07 -4.92411e-08
-5.42021e-07 8.14508e-08
-5.69516e-07 -7.60186e-09
7.28136e-07 -5.09492e-07
-4.54431e-07 -3.05525e-07
1.11067e-06 5.90444e-07
1.17005e-06 -2.12072e-07
9.07268e-07 1.04921e-07
-7.89065e-07 9.60801e-08
-1.62688e-07 6.9569e-07
3.86089e-07 4.98773e-07
-1.33538e-06 -2.38277e-07
1.2069e-06 -1.89864e-07
1.24217e-06 -1.65499e-07
1.28802e-06 -4.88072e-07
7.71201e-07 5.27591e-07
-6.20968e-07 6.74826e-07
1.26727e-06 3.84511e-07
-7.44404e-08 4.92451e-07
-5.02847e-08 1.77288e-07
2.45709e-07 2.86398e-07
5.83904e-07 4.90763e-07
1.43889e-06 7.96808e-08
5.67494e-07 -3.21772e-07
-1.34176e-06 8.64436e-08
-5.65163e-07 -2.16068e-07
6.65415e-07 -6.52109e-07
7.53661e-07 6.73722e-09
2.15702e-07 -3.1203e-07
1.54877e-07 -4.84784e-07
-1.34084e-06 -1.0683e-07
-2.17776e-07 1.28731e-07
-1.17162e-06 -6.57639e-07
9.37348e-07 4.99685e-07
-9.91469e-07 3.24445e-07
-6.96825e-07 -3.93933e-07
-4.66425e-07 1.78393e-07
1.42585e-06 5.68023e-07
-1.2739e-06 -6.19853e-07
1.22381e-06 -4.44489e-07
1.18023e-06 4.66361e-08
4.75206e-07 3.35897e-07
-1.37319e-06 -1.13675e-07
1.34324e-06 5.03074e-07
-1.36624e-06 -2.5166e-07
4.73343e-07 2.4307e-07
-1.18261e-07 -5.86762e-07
1.38434e-07 5.74586e-07
1.14636e-06 -5.7961e-07
-5.02331e-07 -3.59668e-07
-1.15314e-06 1.25113e-07
-9.65893e-07 -4.1933e-07
-4.61243e-07 1.87159e-07
-4.09524e-07 -2.818e-07
-3.26428e-08 -1.76012e-07
-8.64106e-07 5.36287e-07
-6.21187e-07 4.49568e-07
-7.22001e-07 -4.18766e-08
2.85234e-07 -6.084e-07
-5.54739e-07 6.68861e-07
1.07394e-06 -1.50535e-07
-9.77275e-07 -5.10595e-08
8.73073e-08 9.84322e-08
9.24043e-08 2.25565e-07
3.75735e-07 -4.37311e-07
4.35919e-07 -3.39613e-07
8.70717e-07 6.1858e-07
5.60457e-07 1.34474e-07
1.06844e-06 -2.54039e-07
1.00006e-06 -2.46479e-08
6.42017e-07 -1.52669e-07
1.35438e-06 -5.2628e-07
1.32323e-06 5.72114e-08
-1.17675e-06 -2.34545e-07
8.37385e-07 -5.72361e-07
-1.17807e-06 6.03909e-07
1.24854e-06 -4.64418e-07
5.34683e-07 3.26532e-07
1.41325e-06 1.78492e-07
9.49017e-07 -5.62281e-07
-1.41957e-06 2.77629e-07
-5.49572e-07 -3.00508e-07
-1.30928e-06 -6.45122e-07
-5.17179e-07 -4.16238e-07
1.30862e-06 -2.38341e-07
1.36265e-06 -6.1012e-07
4.14729e-07 -3.39321e-07
6.93835e-07 -4.60359e-07
-1.24482e-06 5.82139e-07
-1.40368e-06 -1.57838e-07
1.42048e-06 -4.70879e-07
1.29281e-06 -6.67754e-07
4.70694e-08 -2.2851e-07
-4.58128e-09 -6.56367e-07
2.36014e-07 6.24621e-07
1.43715e-07 -2.16692e-07
-6.50537e-07 -1.82429e-07
7.77132e-07 -3.00995e-07
8.19804e-07 1.40784e-07
-8.883e-07 -2.84929e-07
-6.65771e-07 6.56247e-07
5.5421e-07 -1.54694e-07
1.06332e-06 5.3237e-07
7.19971e-07 4.20569e-07
-2.91234e-07 6.37209e-07
-1.13949e-06 -1.83639e-07
5.52085e-08 5.00865e-07
-1.32035e-06 -6.28336e-07
1.31817e-06 1.25744e-07
-1.3837e-06 -4.38137e-07
-8.17409e-07 -1.15201e-07
9.25432e-07 -2.68116e-09
-1.30033e-06 1.55902e-08
3.64166e-07 -6.52563e-08
2.39169e-07 -5.68888e-07
6.35017e-07 -6.49256e-07
5.60238e-07 4.14862e-07
9.00225e-07 3.742e-07
-5.65054e-07 -2.28214e-07
1.1316e-07 -5.94922e-07
1.3504e-06 6.2057e-08
-1.11536e-06 3.17498e-07
6.57487e-07 -5.11493e-08
-4.86007e-07 -1.56149e-08
-1.42054e-06 1.68468e-07
-8.37069e-07 -1.39231e-07
1.26482e-07 6.15489e-07
2.84355e-07 6.61298e-07
4.61845e-07 -4.95344e-07
1.31714e-06 -1.82385e-08
-5.64537e-07 -1.60069e-07
-1.23963e-06 -5.79764e-07
-8.22973e-07 6.0863e-07
-1.14184e-06 1.20703e-07
8.03962e-07 -6.90283e-07
9.41938e-07 4.91667e-07
-5.55872e-07 -1.85668e-07
3.80925e-07 -1.96393e-07
-1.20357e-07 -4.06783e-07
-6.48407e-07 -1.14837e-07
1.21108e-06 6.02548e-07
1.18229e-06 5.10771e-07
-1.11051e-06 1.13587e-07
1.94594e-07 1.74242e-08
-2.71997e-07 -4.66841e-07
-1.25214e-06 -4.07748e-10
-9.92133e-07 2.53457e-08
-5.92445e-08 6.53919e-07
1.1836e-06 2.77099e-07
3.834e-07 -2.53691e-09
5.46241e-07 2.5924e-07
8.4659e-07 -1.71091e-07
8.66861e-07 -1.2399e-07
-1.78071e-07 -2.14783e-07
-7.93418e-07 5.78237e-07
-7.04017e-07 2.81919e-07
-2.77594e-07 4.32829e-07
1.46119e-07 -1.66788e-08
-1.09182e-06 -3.16165e-07
-7.18476e-07 3.60254e-07
4.29882e-07 -5.15854e-07
-6.58876e-07 1.77627e-07
8.5406e-07 7.92259e-08
-1.09734e-06 -5.29865e-07
-9.57206e-07 -3.29627e-07
-1.2943e-07 -6.90649e-07
-4.35197e-07 -3.28426e-08
1.43175e-06 3.18257e-07
1.17443e-07 -4.24807e-07
-5.40311e-07 -2.593e-07
-9.08889e-07 4.96689e-07
-1.34426e-07 6.27583e-07
1.01981e-06 -4.82183e-08
-1.94001e-08 4.30482e-07
7.12112e-07 3.83476e-07
1.005e-07 -5.74662e-07
-6.15345e-07 -5.85239e-07
-8.73364e-07 2.85201e-07
-8.85316e-08 6.09526e-07
2.11521e-07 5.01437e-07
-8.42673e-07 -1.71037e-07
5.50862e-07 3.3783e-07
-5.22334e-07 1.3702e-07
1.39654e-06 4.38274e-07
9.50244e-07 1.12832e-07
-6.11506e-07 -3.72571e-07
8.92469e-08 -6.89216e-08
1.59245e-07 -6.19374e-07
-1.19152e-06 5.08763e-07
-1.39333e-06 -6.37946e-07
1.00082e-06 3.02321e-07
-9.28097e-07 -3.49532e-10
-1.35992e-06 -1.21039e-07
5.2468e-07 -3.79468e-08
-6.0638e-07 9.6013e-08
-8.15955e-08 -4.35953e-07
-3.31814e-07 5.79712e-07
-1.3002e-06 5.79452e-07
-1.61197e-07 -5.3974e-08
-7.52211e-07 -5.09515e-07
1.15234e-06 2.72339e-07
6.0506e-07 -5.6681e-07
-8.98847e-07 -1.22453e-07
-9.6452e-07 -2.63335e-07
-2.43238e-08 -5.74353e-07
-6.41299e-07 -5.41794e-08
1.41236e-06 5.69807e-07
-1.10915e-06 1.66971e-07
6.55683e-07 6.17832e-07
-1.39634e-06 3.58968e-08
-1.09978e-06 1.6773e-07
1.18514e-06 -2.65998e-07
1.28409e-07 -2.89928e-07
-1.13737e-06 5.95452e-07
-1.13075e-06 4.97264e-07
-5.03342e-07 2.40566e-07
6.60597e-07 6.39115e-07
-8.84396e-07 5.68961e-07
4.37272e-08 -5.03991e-07
-3.68696e-08 4.06382e-08
-1.16516e-06 4.27932e-07
-5.54052e-07 -2.37812e-07
1.13606e-06 1.91493e-07
-1.19654e-06 3.82587e-07
-3.66284e-07 -2.84435e-07
9.74293e-07 -1.82617e-07
9.66765e-07 -1.12801e-07
-4.31551e-07 1.06744e-07
3.25193e-07 -6.90931e-08
6.46415e-07 -1.81472e-07
2.71965e-07 1.41129e-07
-9.13758e-07 -4.9223e-07
8.33203e-08 -7.45319e-08
1.11626e-06 5.96649e-07
5.85736e-09 4.24055e-07
-2.68992e-07 -1.56687e-07
5.56286e-07 -6.62766e-07
1.4152e-06 -1.60788e-07
1.29215e-06 2.70764e-07
8.77566e-07 3.13719e-07
-4.59811e-07 4.50907e-07
-7.64528e-08 1.91606e-07
5.98228e-07 5.26613e-07
-1.16327e-06 -6.16322e-07
2.44321e-07 5.64434e-07
3.05848e-07 -2.01188e-07
-1.1574e-06 6.70413e-07
-1.15702e-06 -8.02761e-08
-7.89337e-07 -2.96122e-07
-1.25982e-06 4.00411e-07
-1.1808e-06 -2.14634e-07
1.28247e-06 -5.34058e-07
-1.44044e-06 1.73962e-07
1.03465e-06 6.08638e-07
-4.07298e-07 -2.72562e-07
2.42317e-07 5.30491e-07
7.73522e-07 6.75886e-07
9.11314e-07 -5.61708e-07
6.7788e-07 -2.67514e-08
7.7491e-07 -6.72561e-07
4.07209e-07 -8.803e-08
9.70473e-07 -1.73976e-07
-1.18367e-06 2.27177e-07
1.84997e-07 2.52115e-07
4.87701e-07 -5.03724e-07
1.41698e-06 1.17114e-07
1.11743e-06 2.38797e-07
9.5801e-07 -6.09822e-08
-7.88031e-07 -4.05151e-07
2.74808e-07 -5.83095e-07
-1.14586e-06 6.38995e-07
-8.60964e-07 4.90021e-07
-3.71821e-07 4.55593e-07
7.08067e-07 5.45567e-07
1.33598e-07 1.92161e-07
-1.06774e-06 -5.86708e-07
-6.47246e-07 2.57066e-07
9.76238e-07 -1.59168e-07
-7.70187e-07 2.74231e-08
-7.98225e-07 -4.62772e-07
4.5277e-08 4.69495e-07
-5.03903e-07 -8.41705e-08
-7.47125e-07 3.75823e-07
1.4272e-06 5.32399e-07
-7.8776e-07 -4.49926e-07
-5.90182e-07 -1.56417e-07
3.77292e-07 5.8098e-07
-6.19175e-07 6.17889e-08
-1.05691e-06 -2.46676e-07
9.02388e-07 7.62261e-08
7.73227e-07 -1.65567e-07
1.2254e-06 4.21028e-07
1.4455e-06 3.96221e-07
-3.78257e-08 -5.82022e-07
-1.29922e-06 1.41282e-07
-1.37836e-06 -6.59705e-07
-1.18202e-06 -5.65766e-07
-1.41707e-06 5.272e-07
1.15879e-07 3.08761e-07
-8.26684e-07 -2.15654e-08
-1.38139e-06 -5.09493e-07
-7.37857e-07 -4.03074e-07
-3.23154e-07 -6.62191e-07
1.3281e-07 -4.91376e-07
-1.02954e-07 -3.80205e-07
-1.00139e-06 6.19592e-07
4.19611e-08 1.28184e-07
-1.07442e-06 4.26038e-07
-3.555e-07 -4.44553e-07
-1.66587e-07 -4.37817e-07
-1.02452e-06 5.62603e-07
1.35015e-06 -1.43818e-07
-6.33608e-07 4.03586e-07
-8.42825e-07 6.56044e-07
9.21268e-10 -4.64408e-07
-1.32968e-06 3.22178e-07
-9.208e-07 -5.40311e-07
1.14039e-07 1.70565e-07
1.47811e-07 3.28804e-07
-1.7773e-07 3.30065e-08
-1.02819e-06 5.06211e-07
-9.13801e-07 6.61646e-07
1.06041e-07 -4.16216e-07
6.90217e-07 1.8823e-07
6.94354e-07 -2.36276e-07
1.30142e-06 -9.85497e-08
-1.34608e-06 -5.15278e-07
9.39002e-07 -4.70585e-07
-6.36593e-07 3.73122e-07
2.02602e-07 -2.003e-07
-1.16331e-06 -3.47599e-07
1.32602e-07 -5.41202e-07
-4.53529e-07 6.71096e-08
-3.55069e-07 -1.1072e-07
-1.21658e-06 -1.84498e-07
3.99453e-07 -1.90922e-07
1.22975e-06 -2.61722e-07
8.53911e-07 1.39997e-07
-1.10967e-06 -5.86577e-07
2.97795e-07 1.92087e-08
-1.37014e-07 1.59491e-08
-6.32878e-07 -6.43232e-07
-1.42746e-06 -1.67515e-08
9.95868e-07 2.00609e-07
-6.23579e-07 6.0467e-07
3.72309e-07 -1.17948e-07
7.45599e-07 -1.03988e-07
-9.33673e-07 -6.59998e-07
8.35258e-07 4.29585e-07
2.42448e-07 -3.22763e-07
2.69785e-07 -5.67456e-07
-4.25865e-08 5.39245e-07
1.71353e-07 -5.63791e-07
-1.26689e-06 -6.02468e-07
5.36757e-07 -2.75097e-07
-1.02627e-06 -1.20602e-07
4.90982e-07 -8.69407e-09
-7.16243e-08 3.43698e-07
-8.80663e-07 1.4731e-08
-4.92695e-08 7.42945e-08
-3.91226e-07 -1.35938e-07
-6.82044e-07 -6.32124e-07
2.89797e-07 6.58732e-07
1.33524e-06 5.58956e-07
-7.86564e-07 1.02261e-07
3.59308e-07 -2.83745e-07
-9.20664e-07 -3.80142e-07
-1.21869e-06 -3.63933e-07
1.11621e-06 2.60292e-07
9.14144e-07 1.08288e-07
-6.58112e-07 5.61827e-07
6.12801e-07 -2.24191e-07
1.1521e-07 -6.86993e-07
8.73881e-07 -2.05324e-07
8.90717e-07 -4.26948e-07
4.58388e-07 -3.32104e-07
-9.27917e-07 -3.277e-07
-1.30093e-06 -4.56713e-07
1.26912e-06 4.30491e-07
-1.3038e-06 -5.69411e-07
5.53018e-07 1.05935e-07
-4.99907e-07 -3.07769e-07
-4.56085e-07 4.99629e-07
-1.15886e-06 -4.4277e-07
9.25795e-07 1.97354e-07
-6.38932e-07 -4.83543e-07
-7.37899e-07 5.5672e-07
-4.87792e-07 2.21384e-07
1.34246e-06 -4.97203e-07
-1.10928e-06 -2.68944e-07
1.44386e-06 -3.63562e-07
-1.29085e-06 5.50294e-07
-3.99864e-07 -4.50818e-08
1.35926e-06 -3.09849e-07
-5.96213e-07 1.47715e-07
1.07178e-06 -6.172e-07
7.36481e-07 -6.3321e-07
-2.89337e-07 -2.7355e-08
1.16965e-06 -4.6448e-07
1.35378e-06 4.76315e-07
6.02214e-07 -6.05307e-07
-1.21173e-06 4.60259e-07
-1.18679e-06 -3.05106e-09
-3.39707e-07 2.4401e-07
4.19456e-07 5.04504e-07
-1.33006e-06 -4.72315e-07
4.81323e-07 2.72104e-07
1.32228e-06 -6.58318e-07
-9.03915e-07 -6.89323e-07
5.62345e-07 -4.43455e-07
-4.31536e-07 -1.57533e-07
-1.14138e-06 3.09714e-07
1.00854e-06 -6.79589e-07
-5.60062e-07 4.24837e-07
7.72873e-07 6.16847e-07
4.97367e-07 -1.26743e-07
1.27936e-06 3.98645e-09
3.55346e-07 -1.25425e-07
-1.43041e-06 2.38458e-07
8.84585e-07 -4.91435e-07
1.21506e-06 -5.9558e-07
-1.22946e-06 3.56313e-07
-6.31493e-07 -4.63618e-08
4.53781e-07 3.21108e-07
-2.14319e-07 -3.33406e-07
3.69791e-07 2.83303e-07
-5.39866e-07 4.80944e-08
1.25652e-06 -2.64395e-07
6.22465e-07 -1.51436e-07
1.43695e-06 -4.93365e-07
-9.32708e-07 6.26707e-09
8.5498e-07 2.96072e-07
6.76796e-07 -3.91742e-07
1.29312e-06 -4.20785e-07
6.314e-07 -4.94462e-07
4.58495e-07 -4.60612e-07
1.39327e-06 -4.68093e-07
-7.72312e-07 -6.08179e-07
5.14891e-07 2.0605e-07
1.146e-06 -6.29992e-07
-9.14902e-07 -2.06533e-07
6.74586e-07 -6.13237e-07
-9.13612e-07 -4.57243e-07
7.38985e-07 -6.87604e-07
-8.13407e-07 -1.52696e-07
-2.85296e-07 4.35075e-07
-1.21916e-06 1.78256e-07
-8.3293e-07 5.69162e-07
-5.09642e-07 6.50361e-07
-1.23915e-06 -6.96035e-07
-1.0998e-06 -6.14572e-07
-1.0504e-06 4.75647e-07
-1.22698e-06 6.89384e-07
1.39752e-06 2.94721e-07
-1.03879e-06 2.31327e-07
2.70641e-07 6.31434e-07
2.93288e-07 -2.95903e-07
-8.03592e-07 3.77548e-07
-6.64172e-07 1.45659e-07
-6.92893e-08 3.29435e-07
1.16973e-06 4.29123e-07
7.226e-07 -5.92205e-07
5.80265e-07 7.09005e-08
3.70609e-07 7.24269e-09
9.40018e-07 -8.37295e-08
5.57821e-07 -4.14506e-07
-1.37616e-06 -4.35053e-07
1.29322e-06 2.1189e-07
1.96641e-08 6.58779e-07
-4.76872e-07 -5.63243e-07
4.55901e-07 2.76707e-07
-6.22677e-07 -3.47153e-07
-5.84734e-07 6.20233e-07
1.24942e-06 -3.87191e-07
4.13577e-07 -7.2137e-09
1.12132e-06 1.68402e-08
1.41456e-06 -3.7006e-07
-6.50959e-08 -4.0899e-07
7.14552e-07 -1.52776e-07
7.29887e-07 -4.41337e-07
4.11105e-07 1.79951e-07
7.62538e-08 2.28569e-07
-1.27342e-06 5.31082e-07
8.71308e-07 -2.6016e-07
-5.07427e-07 -4.42483e-07
-1.23055e-06 6.41256e-07
-3.35572e-07 -2.55316e-07
-8.4934e-07 -4.42376e-07
-1.06197e-06 -4.64571e-07
7.13255e-07 -2.83343e-07
1.0034e-07 -8.94094e-09
1.3658e-06 -6.39289e-07
-2.16964e-09 -4.09729e-08
-7.20107e-07 5.49447e-07
4.57404e-07 8.24563e-08
8.94039e-08 4.78278e-07
-3.31784e-08 1.45077e-07
-1.0736e-06 -3.08754e-09
2.06793e-09 4.04456e-07
9.37585e-07 4.76342e-07
3.64493e-07 5.82155e-07
-2.72057e-07 -5.2793e-07
-1.07905e-07 1.95843e-07
-1.38037e-06 -4.0515e-07
-4.06734e-07 -5.16618e-07
9.54645e-07 -5.396e-07
-1.09192e-06 1.27116e-07
-9.08574e-07 -5.74847e-07
-1.29154e-06 -1.30484e-07
1.00728e-06 -5.53239e-07
-1.09531e-06 4.93733e-07
-9.40317e-07 3.97644e-07
1.4252e-06 -6.76593e-07
-1.21957e-06 -1.74575e-07
1.26598e-06 2.8251e-07
5.0668e-07 2.67333e-08
-1.42155e-06 2.42553e-07
1.22304e-07 -2.82105e-08
-1.11019e-06 -3.06896e-07
-8.26448e-07 -2.51591e-07
1.22091e-06 5.43913e-07
-6.18841e-07 1.52793e-07
8.38199e-07 -1.35979e-07
-3.3741e-07 -7.67778e-08
-1.11352e-06 3.78427e-07
-1.8308e-08 -3.89237e-07
6.26405e-07 5.08938e-07
-9.95739e-07 3.78801e-07
-9.16848e-07 -6.59026e-07
-1.42526e-06 -5.7329e-08
1.12868e-06 -1.30573e-07
1.04683e-06 3.84219e-08
-1.30643e-06 -5.11103e-07
1.37079e-07 -4.08782e-08
-1.1322e-06 -7.76793e-08
5.24603e-07 3.84914e-07
-9.14369e-07 1.10578e-07
8.50558e-07 -4.3463e-07
-2.19355e-08 5.43059e-07
1.1385e-06 -1.41388e-07
7.88126e-07 -4.33058e-07
-1.40584e-06 6.11126e-07
3.72506e-07 -4.8151e-07
-1.16368e-06 -6.18512e-07
-1.38954e-06 2.24775e-07
-1.35288e-07 -1.00122e-07
-9.53924e-07 3.46324e-07
1.38722e-06 5.19426e-07
-6.27816e-08 -9.8188e-08
-1.40808e-06 -1.65933e-07
-8.6396e-07 3.52419e-07
-6.46086e-07 3.14492e-07
1.18554e-07 -6.49303e-07
9.9827e-07 -3.22289e-07
4.52211e-07 1.25411e-07
-1.42648e-06 3.47804e-07
-6.67685e-08 -5.49815e-07
-1.21197e-06 5.38756e-07
7.10609e-07 -4.30788e-08
-1.35505e-07 2.98172e-07
-1.32623e-06 6.66471e-07
