3.69523e-07 -6.3534e-07
6.80493e-07 -5.56086e-07
5.28945e-07 -3.73558e-07
-1.42268e-06 5.21528e-07
-1.21024e-07 -5.17245e-07
-8.77171e-07 3.7755e-08
-1.35e-06 6.62229e-07
9.49935e-07 1.56786e-07
1.29498e-08 6.43825e-07
-2.06074e-07 -4.74413e-07
1.32696e-06 -2.11917e-08
1.34429e-06 -6.68086e-07
2.65727e-07 -6.08118e-07
-9.9887e-07 6.97359e-07
-1.43802e-07 -2.80793e-07
-5.84767e-08 -6.2008e-08
-1.02422e-06 8.79949e-08
-6.72501e-07 -1.87743e-08
1.03683e-06 -3.29942e-07
9.03387e-07 3.46765e-07
7.39326e-07 8.75825e-08
-6.63363e-07 2.63526e-07
1.41271e-06 -6.6737e-07
-2.78754e-08 -4.81536e-07
-4.32658e-07 -6.08768e-07
-1.35506e-06 -3.39034e-07
-1.19247e-06 -3.31312e-07
3.88769e-07 5.57491e-07
1.28686e-06 2.91175e-07
-1.32712e-06 -4.51125e-07
4.72173e-07 6.18791e-07
-1.34722e-06 -5.30864e-07
1.31953e-06 -5.96498e-07
-1.26004e-07 5.91339e-07
1.11624e-06 4.0691e-07
-7.83717e-08 -2.81535e-07
6.99974e-07 5.10192e-07
-6.03924e-07 2.12236e-07
-5.3556e-07 -5.50931e-08
-7.20761e-07 -1.98084e-08
-7.89526e-07 -1.58615e-07
-1.14348e-06 -1.15364e-07
-1.25363e-07 -4.40738e-07
-4.84562e-07 -6.01945e-07
1.35839e-08 2.89097e-07
-2.02815e-07 -8.33833e-08
-1.4478e-06 3.06642e-07
9.85999e-07 6.30346e-07
-3.34193e-07 -2.84512e-08
-7.84614e-07 -2.30101e-07
-1.42046e-06 8.03386e-08
7.06423e-07 -3.4295e-07
-6.76266e-07 3.01566e-07
1.52217e-07 -2.99585e-08
-1.01889e-06 3.71821e-07
-1.27823e-06 -6.544e-07
2.28654e-07 6.581e-07
-3.61229e-08 -2.00211e-07
-1.35221e-06 3.94959e-07
6.09703e-07 3.03345e-07
1.09322e-07 -3.0207e-07
1.10693e-06 -3.81166e-07
1.06509e-06 2.65998e-07
-9.62872e-07 5.01061e-07
-1.36745e-06 1.46816e-07
1.30343e-06 1.5927e-07
-1.23315e-06 -6.02601e-07
5.6113e-07 -3.55875e-08
-9.26715e-07 2.81811e-07
-5.96034e-07 5.19073e-07
-5.95615e-07 1.37159e-07
1.14606e-06 -1.19407e-07
-4.35846e-07 6.99173e-07
-1.34896e-06 6.42937e-07
-1.26201e-06 -6.24119e-07
-1.1125e-07 5.53241e-07
2.21372e-07 8.61705e-08
4.39534e-07 -4.82073e-07
-2.6375e-07 5.1798e-07
1.95053e-07 -4.7904e-07
-1.37803e-06 -1.59746e-07
4.07992e-07 -2.1901e-07
1.44417e-06 -8.23685e-08
-3.53668e-07 -1.90631e-07
-9.15243e-07 -6.24033e-07
-7.64889e-07 4.48778e-07
-1.04347e-06 3.02298e-07
1.35822e-07 -2.75797e-07
-9.58507e-07 5.63498e-07
8.56674e-07 -4.67209e-07
9.69729e-07 3.72187e-08
1.7439e-07 -4.50357e-07
9.89405e-07 -4.52082e-07
-7.96032e-07 -5.5983e-07
-1.67406e-07 6.96794e-07
-2.49072e-07 2.09029e-07
-1.43638e-06 9.55321e-08
6.49399e-07 -4.05538e-07
9.49753e-07 -6.98593e-07
5.23443e-08 -6.79447e-07
6.33378e-07 3.72064e-08
4.56844e-07 -2.46069e-07
-9.77447e-07 -4.81038e-07
-2.0243e-08 9.30137e-08
-3.93886e-07 5.28394e-07
-1.37291e-06 7.85078e-09
2.60884e-07 4.54634e-08
1.51479e-07 -5.48849e-07
1.32285e-06 -4.38871e-07
-1.19795e-06 2.88271e-07
-2.1558e-07 1.48189e-07
2.64728e-07 -6.96119e-07
-5.76935e-07 -4.96762e-07
-7.01694e-07 9.92477e-08
1.31179e-06 3.2013e-08
8.92686e-07 5.99984e-07
8.43482e-07 -5.3396e-07
7.51636e-07 1.79115e-07
1.14646e-06 -5.45055e-07
2.38084e-07 2.56258e-07
-8.15533e-07 5.55987e-07
-8.77925e-07 9.82186e-08
1.07868e-07 -4.11506e-07
-1.63753e-07 2.21494e-07
1.44638e-06 1.77204e-07
-1.79587e-07 7.04343e-08
-1.00156e-06 6.99415e-07
8.57537e-07 2.7653e-07
6.12121e-08 3.47729e-07
-9.99486e-07 -1.83349e-07
2.37996e-07 2.41032e-07
1.26456e-06 -1.60971e-07
1.18859e-06 5.99571e-07
-5.31179e-07 3.80723e-08
3.34618e-07 -1.77405e-07
-9.05324e-07 -1.98875e-07
7.52142e-07 1.73638e-07
7.80688e-07 -4.74318e-07
-1.32271e-06 2.08682e-07
1.30027e-06 -8.61728e-08
7.1736e-07 6.08254e-07
1.04315e-06 2.55126e-07
3.91257e-07 -1.70844e-07
6.5709e-07 -6.54879e-07
-1.25673e-06 2.89837e-07
-2.6165e-07 3.8771e-07
-1.13439e-07 6.09482e-07
9.481e-07 3.57918e-07
-1.05238e-06 5.28662e-07
-9.52001e-07 -2.71124e-07
4.51731e-07 -2.07962e-08
1.25667e-06 6.89979e-08
9.17506e-07 5.48708e-07
-1.17958e-06 -5.05245e-07
1.87148e-07 1.95949e-07
-5.24811e-07 -4.68067e-07
-1.32668e-06 5.49478e-07
4.74367e-08 4.02737e-07
1.10765e-06 6.02037e-07
-1.24883e-06 3.32735e-07
-5.82631e-07 3.01168e-08
1.0534e-06 -2.43772e-07
-1.29819e-06 3.56074e-07
1.23702e-06 3.43545e-07
-1.16692e-06 1.45924e-07
-8.90403e-08 1.48303e-07
1.31149e-06 2.2256e-07
5.77851e-07 6.99157e-07
9.38361e-07 4.977e-07
-4.5672e-07 -6.33063e-07
1.14412e-06 -2.81129e-07
2.71397e-07 3.55343e-07
-6.00981e-07 -5.4584e-07
-6.45116e-07 -2.27503e-08
4.46817e-07 -5.17561e-07
1.26722e-06 2.79605e-07
-5.37112e-07 5.83145e-07
-1.3325e-06 2.67543e-07
3.82466e-07 -2.12274e-08
1.07639e-06 2.58254e-07
1.40268e-06 6.63142e-07
-4.52543e-07 5.77173e-07
5.97368e-07 5.10884e-07
-3.56338e-07 -1.13019e-07
8.52922e-08 -6.42808e-07
-1.41879e-06 -3.45355e-07
-1.07868e-06 1.35773e-07
6.34985e-07 1.14635e-08
1.27379e-06 5.85515e-08
1.76618e-07 -2.26302e-07
-9.47907e-07 5.14316e-07
1.43157e-06 -8.95917e-08
-6.98576e-08 -2.12699e-07
-8.40385e-07 -1.89845e-07
1.10913e-06 -5.64979e-07
-1.25371e-06 -1.94557e-07
9.19898e-07 -7.19544e-08
-4.96897e-08 5.63122e-07
-1.77164e-07 -5.94109e-07
-6.98912e-07 -3.85913e-07
2.02126e-08 4.88301e-07
-4.29247e-08 4.30214e-07
1.01833e-06 -6.63975e-07
1.0449e-08 3.53874e-08
-1.59639e-07 -4.64093e-07
-2.63054e-07 4.74795e-07
6.77756e-07 2.14153e-07
-4.2141e-07 2.9858e-08
6.09377e-07 3.92642e-07
5.25725e-07 -3.65168e-07
4.89936e-07 -2.53511e-07
1.32489e-06 1.47207e-07
-4.36921e-07 -1.17983e-07
-1.29742e-06 6.21046e-07
-4.6851e-07 -1.09319e-07
8.9622e-07 -6.70957e-07
-8.96738e-07 6.91343e-07
-1.36779e-07 -3.84111e-07
7.21585e-07 1.31049e-07
3.9402e-07 -3.00241e-07
-1.02739e-06 3.05478e-07
-1.20929e-06 -5.8672e-07
-3.36075e-08 -5.1132e-07
-5.68348e-07 -9.30999e-08
-1.98355e-07 -5.30581e-07
-2.6983e-07 -3.3576e-07
3.96875e-07 3.20272e-07
8.25742e-09 6.37529e-08
1.04811e-06 4.40654e-07
-4.59925e-07 4.27022e-07
-2.66248e-07 -2.52698e-07
8.46839e-08 3.04129e-07
-8.6581e-07 -6.46869e-07
-6.56622e-07 2.97897e-07
-1.90352e-07 1.92545e-07
3.16469e-07 3.55277e-07
4.54349e-07 4.38007e-07
1.3809e-06 1.88113e-07
7.12496e-07 -5.96743e-07
1.79834e-07 3.92927e-07
-3.35759e-07 -2.97742e-07
1.52627e-07 7.85754e-08
-3.17828e-08 -6.38351e-07
6.29023e-07 -1.13748e-08
4.98688e-07 -7.54783e-08
-1.05956e-06 -5.36978e-07
3.14588e-07 -8.63138e-08
1.06724e-06 2.44082e-07
-2.00502e-07 1.37548e-07
6.30924e-07 2.74618e-07
7.09495e-08 2.59029e-07
8.80062e-07 -2.03499e-07
-7.71127e-07 6.93696e-08
-3.80443e-07 -3.23526e-07
-2.48117e-08 1.03283e-07
5.31231e-07 -3.12261e-07
-6.94769e-07 -4.80234e-07
-1.35461e-06 1.74973e-07
-7.35187e-07 -6.07873e-07
4.05136e-07 6.98508e-10
4.80192e-07 4.39889e-07
-2.45452e-07 -2.99968e-07
-3.72765e-07 -3.24113e-07
1.09278e-06 4.74849e-07
1.16816e-06 -4.7951e-07
-1.28821e-06 -2.61451e-07
1.04824e-06 5.63667e-07
-4.632e-07 -6.9775e-07
1.12465e-07 -4.17441e-07
1.21392e-06 -2.36604e-07
-8.034e-07 -4.592e-07
-1.26144e-07 3.79169e-07
-7.98159e-07 1.87148e-07
-1.28766e-06 5.75019e-07
-1.10205e-06 3.40465e-07
2.62518e-07 6.46601e-07
1.17764e-06 1.84747e-07
-6.56757e-07 -6.66977e-07
-3.27746e-07 4.40166e-08
-4.55534e-07 -6.51078e-07
4.40842e-07 6.52964e-07
-6.7634e-07 -3.43585e-08
-8.34961e-07 -2.1032e-07
4.73988e-07 -4.19766e-07
5.32291e-07 -2.60187e-07
-1.61678e-08 6.16124e-07
-4.87649e-07 4.78392e-07
2.40307e-07 -5.39629e-07
6.52465e-07 -3.5871e-07
-1.03291e-06 5.75261e-07
-4.05793e-07 -3.28253e-07
-7.83103e-07 -2.92791e-07
-3.05456e-07 -3.43671e-07
-7.48958e-08 -4.87963e-07
-1.08247e-06 2.57919e-07
8.07711e-08 1.09159e-07
1.12093e-06 -4.71447e-07
2.69359e-07 2.98495e-07
7.93238e-07 -2.52235e-07
1.05412e-06 1.87124e-07
1.38654e-06 -4.50788e-07
-5.29164e-07 1.7231e-08
-1.16981e-06 4.89868e-08
7.62776e-07 -2.23301e-07
-2.48786e-07 -2.38839e-07
-6.32869e-07 -4.63217e-07
3.79251e-07 2.34722e-07
6.89929e-07 3.9882e-07
3.26708e-09 5.36618e-07
8.99217e-07 1.56326e-07
-4.48471e-07 -2.40616e-07
6.53704e-07 -5.47585e-07
1.31502e-06 -3.70702e-07
8.03747e-07 2.94798e-07
-3.1465e-07 3.86581e-07
-1.08529e-06 4.20979e-07
-1.07807e-06 -6.52957e-07
5.3681e-07 -5.1825e-07
5.57707e-07 4.32677e-07
4.56232e-07 6.35474e-07
1.30464e-06 5.92919e-07
-6.69462e-07 -3.27864e-07
5.15436e-07 -5.29977e-08
5.50772e-07 -4.02534e-07
3.17804e-07 3.60071e-07
4.99314e-08 -4.6727e-07
-1.12979e-06 2.08879e-07
1.23227e-06 5.01377e-07
-1.41099e-06 9.12776e-08
-7.55729e-07 -5.7732e-07
1.22644e-06 -6.24992e-07
-1.31162e-06 -3.87886e-07
2.74637e-07 4.82164e-07
-8.41258e-07 -2.26534e-07
-1.14296e-06 -6.17682e-07
1.35089e-06 6.22854e-07
-3.97183e-07 3.07077e-07
5.94712e-07 -1.84768e-07
1.41825e-06 -5.2062e-07
-1.08242e-06 1.19626e-07
-9.52233e-07 -4.51632e-07
4.55886e-07 -6.54796e-07
1.39559e-06 -1.9732e-07
5.09342e-07 -4.51734e-07
-4.58165e-07 4.42136e-07
-7.47616e-07 7.94173e-08
-3.14731e-07 3.89279e-07
1.39778e-06 2.41187e-07
-5.55968e-09 2.27823e-07
-7.58104e-07 5.37463e-08
-1.28589e-06 -8.7875e-08
4.53161e-07 -1.78523e-07
-3.26998e-07 -2.99737e-07
1.44991e-06 -2.64555e-07
2.59922e-07 5.22197e-07
1.33695e-06 2.64704e-08
-2.63786e-07 4.18999e-07
4.02757e-07 3.49076e-07
5.20829e-07 4.36744e-07
-1.1532e-06 2.83233e-07
1.26531e-06 -5.62187e-07
-1.03382e-06 6.38766e-07
7.91727e-08 -6.72874e-07
3.12451e-07 6.89818e-08
4.47574e-08 3.14821e-08
-3.93458e-07 4.75799e-07
-1.42688e-06 5.69849e-07
-3.08934e-07 5.92619e-07
-3.30786e-07 3.33744e-07
-6.94954e-07 -5.34856e-07
-1.39277e-06 -3.16734e-07
-4.7784e-07 -6.07444e-07
-5.42388e-08 -1.95077e-07
-7.98028e-07 -5.99979e-07
5.13208e-09 -2.07986e-07
1.03229e-07 -6.02942e-07
-1.4188e-06 -9.42713e-08
-6.29758e-07 5.27761e-07
-1.15474e-06 -6.76948e-07
-1.05156e-06 6.72816e-07
-1.31736e-06 1.43154e-07
6.35021e-07 2.89625e-08
-1.06377e-06 5.57078e-07
3.25196e-07 1.69673e-07
-2.42367e-07 -6.67441e-07
-1.0437e-06 -1.05787e-07
-7.75527e-07 -1.59768e-07
8.53726e-07 -3.13056e-07
2.5126e-08 -1.68151e-08
8.00677e-07 -4.18037e-07
1.58707e-07 6.02438e-07
-2.22288e-07 -5.58731e-07
-1.18983e-06 1.27515e-07
-1.41855e-06 -5.25212e-07
-8.40908e-07 2.81962e-07
6.69819e-07 -1.87525e-07
-2.23862e-07 -7.46443e-08
-1.10329e-06 2.08648e-07
1.17473e-06 -1.10125e-07
1.06891e-06 -4.61499e-07
8.534e-07 -1.778e-07
8.56216e-07 3.7758e-07
1.09025e-06 -2.19727e-07
1.31836e-06 -6.5565e-07
8.14267e-07 1.29093e-07
8.7803e-07 -9.03332e-08
1.19278e-06 1.47015e-07
-8.6588e-07 5.24549e-07
-8.75512e-07 -1.90213e-09
1.14331e-06 -1.40771e-07
1.12912e-06 1.21846e-07
-8.31455e-07 -3.66103e-07
-5.37325e-07 -9.49341e-08
-1.32943e-06 -4.93465e-07
-8.91144e-07 2.92499e-07
-5.19643e-07 -4.16144e-08
1.54222e-07 -5.47471e-07
9.53694e-07 3.39086e-07
7.28262e-09 -1.90949e-07
-5.86585e-07 3.39229e-07
-3.97123e-07 5.32552e-07
-6.66374e-07 -3.59307e-07
-8.97563e-07 -4.62451e-07
8.74844e-07 6.05225e-07
-4.60452e-07 -1.98193e-07
6.9701e-07 -6.13766e-07
-1.6534e-08 1.70759e-07
-8.94668e-07 -3.43674e-07
-5.8237e-07 2.099e-07
8.70191e-07 6.05986e-07
-1.2804e-06 -4.98678e-07
-1.3953e-06 2.93543e-07
1.88048e-07 -1.1764e-07
-6.63727e-07 -6.65688e-07
6.10125e-07 -1.23264e-07
-1.10583e-07 -5.74825e-07
-9.10067e-07 -3.29292e-08
-4.95936e-08 1.62775e-07
6.04795e-07 6.25164e-07
8.08919e-07 -1.07e-07
1.19946e-06 -5.6005e-07
-5.05276e-07 -1.41062e-07
-1.22152e-06 3.8073e-07
-2.51724e-07 5.09461e-07
-4.25812e-07 -4.67365e-07
-9.5157e-07 1.2447e-07
1.14715e-06 5.2838e-07
-6.72957e-07 6.70716e-07
7.5483e-08 -5.71473e-07
7.11901e-07 5.99761e-07
5.0534e-07 1.55074e-07
-1.37393e-06 -4.8333e-07
-4.84598e-07 -4.52621e-07
-1.19774e-06 -8.81691e-08
5.05629e-08 5.32523e-07
1.15342e-06 -6.74203e-07
9.71304e-07 -2.45733e-07
-6.26399e-07 -5.05661e-07
1.53862e-07 1.53021e-08
2.27043e-07 2.72636e-07
-1.36055e-06 6.26469e-07
-5.15027e-07 -3.14525e-07
-1.23976e-07 -5.89577e-07
1.42561e-06 4.71802e-07
-1.08719e-06 -3.98765e-07
-2.7337e-07 -5.51504e-07
1.20986e-06 -1.73256e-07
-1.25556e-06 -6.74963e-07
-8.36434e-08 -3.65233e-07
-5.25787e-07 5.63939e-07
2.2786e-07 5.812e-07
-9.17185e-07 5.71565e-07
1.10803e-06 -5.95083e-07
-8.63516e-07 -5.88701e-07
1.08097e-06 -3.0766e-07
4.09471e-07 -4.35319e-08
1.01883e-06 -6.56491e-07
4.66095e-07 9.85099e-08
3.46934e-07 1.69637e-07
-3.25242e-07 -4.76749e-07
-1.43397e-06 -5.2717e-07
-5.59073e-07 3.89389e-07
1.24337e-07 -1.31197e-07
8.26053e-07 -4.12632e-07
8.94942e-07 -6.27992e-07
1.02748e-06 2.86362e-07
2.33403e-07 6.1846e-07
1.193e-06 6.53669e-07
6.4974e-07 6.26831e-07
5.27474e-07 -5.98639e-07
-1.2486e-06 -1.73022e-07
9.82254e-07 3.65465e-07
1.46498e-07 -2.27222e-07
-1.35566e-06 1.64749e-07
6.43484e-07 -6.59409e-07
-8.45951e-07 -4.78476e-07
8.92217e-07 6.34278e-07
5.12522e-07 -5.01469e-07
7.91693e-07 6.173e-07
7.3211e-07 -6.53258e-07
1.00203e-06 4.29452e-07
-1.31636e-06 -1.01181e-07
-8.93035e-09 -2.46589e-07
5.24591e-07 5.53535e-08
-8.78459e-07 -1.11595e-07
-7.60133e-07 4.92337e-08
1.38907e-06 -2.41052e-07
-9.45418e-07 6.96024e-07
8.17994e-07 -4.80235e-07
-1.05007e-06 4.26846e-07
7.50282e-07 -4.678e-07
-7.89556e-07 4.39177e-07
1.36155e-06 6.91479e-07
1.48256e-07 -3.72739e-08
-1.03702e-06 -5.37006e-07
9.66781e-07 2.39882e-07
-1.28693e-07 8.95728e-08
7.75547e-07 4.37175e-07
7.65567e-07 -3.08264e-07
-1.34122e-06 2.81221e-08
-1.13899e-06 4.09385e-07
-8.56655e-07 4.00253e-07
-9.19322e-07 6.67675e-07
-6.48506e-07 3.22478e-07
9.32242e-07 -5.27594e-07
-8.79337e-07 2.3741e-07
9.53945e-07 -9.24501e-08
-6.79931e-07 -2.50028e-07
-3.37017e-07 -4.87587e-08
-8.94217e-07 -5.05996e-07
9.0543e-07 -4.03149e-07
-3.76638e-07 6.84296e-07
4.38264e-07 -4.11697e-07
4.00629e-07 4.15345e-07
-1.81568e-07 3.53234e-07
4.03852e-07 -6.2932e-07
1.30222e-06 -2.67738e-07
-7.82867e-07 -6.7251e-07
-9.63969e-07 -2.56882e-07
-5.42858e-07 -7.73849e-08
2.53817e-07 -3.96664e-07
-1.21841e-06 2.31119e-07
-2.88828e-07 -5.29672e-07
-1.25354e-06 3.67119e-07
9.57498e-07 -9.93267e-08
8.321e-07 3.93235e-07
-6.33475e-07 5.93402e-07
-1.15204e-06 1.66527e-07
9.30926e-07 -2.00409e-07
1.40562e-06 -3.94219e-07
7.92401e-07 5.02778e-07
6.10399e-07 -1.42192e-07
-8.9821e-07 2.23242e-08
-1.13329e-06 -1.2511e-07
-1.09234e-06 -4.11674e-07
9.50618e-07 -5.04781e-07
-2.88677e-07 3.738e-07
7.41201e-08 -4.67612e-08
4.42037e-07 4.48197e-07
-5.96169e-07 2.16499e-08
6.30104e-07 -1.49867e-07
7.17803e-07 -3.31995e-07
-2.90005e-07 1.46927e-07
-9.91403e-07 -1.55868e-07
5.16021e-07 2.96896e-07
4.85315e-07 -4.45038e-07
-1.28491e-06 2.29621e-07
-1.36449e-06 -3.84768e-07
4.66364e-07 3.00132e-07
8.59688e-07 4.38906e-08
-6.32928e-07 3.66322e-07
-1.15523e-06 -5.8748e-07
-8.72151e-07 6.42748e-08
6.60157e-07 3.67405e-07
-3.27339e-07 6.08126e-08
8.22988e-07 3.85144e-07
1.07814e-06 -2.3034e-07
-1.37584e-06 3.92174e-07
6.92277e-07 -1.96519e-07
5.03903e-07 -3.06035e-07
1.19767e-06 3.74168e-07
3.45298e-07 -2.79335e-07
-4.97018e-08 -4.51995e-07
1.23711e-06 -3.94604e-07
-7.22869e-07 -4.06079e-07
-5.28976e-07 6.61001e-07
-1.03945e-06 1.32598e-07
9.3783e-07 -6.17531e-07
-8.17672e-07 6.81207e-07
-3.82821e-07 5.29927e-07
9.24785e-07 6.69051e-07
2.23075e-07 -5.80866e-07
2.66459e-07 -4.32715e-07
9.2238e-07 -5.64699e-07
1.14902e-07 1.48111e-07
1.33207e-06 -3.52865e-07
3.78068e-07 -3.47902e-07
-1.11381e-06 -1.59639e-07
-8.81837e-07 6.18674e-07
1.83884e-07 3.49021e-07
-1.03808e-06 -1.1822e-07
1.07464e-06 5.05657e-07
-1.21842e-06 -6.11618e-08
1.12247e-06 -6.25203e-07
1.3828e-06 -5.382e-07
2.95502e-07 -2.92542e-07
-2.7142e-07 4.72487e-07
-6.29638e-07 6.19241e-07
2.54812e-07 1.09234e-07
6.88914e-07 -5.6054e-08
1.05389e-06 -2.74311e-07
8.4282e-07 3.15646e-07
8.47864e-07 4.98198e-07
-6.77894e-07 3.24422e-07
-1.19104e-06 -5.87604e-07
-9.68669e-08 1.83173e-07
4.48663e-07 -4.29546e-07
-9.45662e-07 -4.18142e-07
-1.00783e-06 -5.42465e-07
-1.40681e-06 3.47895e-07
-2.25612e-07 4.23652e-07
-7.33112e-08 -4.76456e-07
-8.72745e-07 2.49041e-07
1.07102e-06 -4.2643e-08
-2.93459e-07 -1.99565e-07
4.62685e-07 5.68517e-07
1.74132e-07 1.42041e-07
-8.29496e-07 -1.46827e-07
-9.55258e-07 3.95308e-07
1.29169e-06 -5.19487e-07
2.0862e-07 6.8436e-07
9.57581e-07 1.02311e-07
-6.97379e-07 3.1509e-07
5.23848e-07 4.47291e-07
-1.34593e-07 4.65777e-07
-7.41803e-07 3.54276e-07
-8.26347e-07 5.98024e-08
1.46529e-07 3.70232e-07
-1.20793e-06 6.34454e-07
-2.505e-07 6.38582e-07
1.15803e-06 8.01805e-08
-1.20521e-06 -4.12398e-07
3.25887e-07 -3.55089e-07
1.16938e-06 -5.48378e-07
4.95588e-07 -5.8034e-07
7.62951e-07 -3.54172e-07
2.61895e-07 -4.07255e-08
-4.14795e-07 8.62985e-08
-7.74547e-07 -1.76487e-07
1.21525e-06 -3.89317e-07
-9.73816e-07 -5.02953e-07
1.31104e-06 6.43627e-07
3.8001e-07 3.974e-07
-1.33099e-06 3.86622e-07
-1.38316e-06 3.60815e-07
-1.43878e-06 2.76077e-07
-8.21902e-07 -5.76981e-07
1.28074e-06 1.83432e-07
-5.07906e-07 -1.76296e-07
2.1354e-07 4.79525e-07
-4.37574e-07 5.07608e-07
4.54111e-08 -6.3605e-07
-4.42257e-07 6.84295e-07
1.16875e-06 5.71953e-07
-8.57927e-07 -4.0366e-07
-4.42348e-07 -1.09881e-07
-1.40994e-06 -4.30599e-07
-8.32724e-07 6.76454e-07
8.61845e-07 -4.85678e-07
1.04856e-06 4.36275e-08
1.33747e-06 5.10104e-07
-6.43252e-07 -6.18033e-08
1.86752e-07 -7.30661e-08
6.72062e-07 -4.11276e-07
2.66537e-08 3.61936e-07
1.71363e-07 5.39222e-07
-7.6613e-07 -2.79818e-07
-6.06975e-08 2.90358e-07
-1.43591e-06 -3.33682e-07
-2.32609e-08 -1.74031e-07
-1.41697e-06 2.77102e-07
1.32709e-06 1.90822e-08
-5.32814e-07 1.19968e-07
-1.38299e-08 -3.03083e-07
-7.02843e-07 2.14889e-08
-5.13936e-07 3.13462e-07
1.98684e-07 -8.00473e-08
1.21343e-06 -1.37086e-07
-3.30503e-08 -6.34097e-07
-3.18578e-07 5.38796e-07
-3.61001e-07 -6.16137e-07
3.56327e-07 -3.3304e-07
-7.30376e-08 9.84618e-08
-8.93445e-07 2.01735e-07
4.37579e-07 -4.57144e-07
-8.7179e-07 -6.40073e-07
-7.50559e-07 3.31095e-07
1.29987e-06 9.96582e-08
-5.71827e-07 4.04148e-07
-9.86292e-07 6.42782e-07
2.53247e-07 3.72954e-07
1.39387e-06 -1.44304e-07
-2.6114e-07 -3.90335e-07
-5.02042e-07 6.74252e-07
-1.33921e-06 4.58188e-07
-7.3913e-07 -1.2047e-07
-9.64189e-08 1.40956e-07
5.69964e-07 1.7519e-07
1.07455e-07 5.80238e-07
1.09909e-06 4.36493e-07
8.01374e-07 3.87286e-07
6.48205e-07 -4.46324e-07
-9.94499e-07 -5.7064e-07
1.11935e-06 -4.90035e-07
6.35661e-07 -5.13528e-07
-6.2474e-07 -2.5368e-07
-1.26844e-06 2.4373e-07
-6.62843e-07 3.47414e-07
-1.18759e-06 4.20411e-07
-6.81055e-07 1.58615e-07
5.34087e-07 5.4896e-08
5.3046e-07 -3.38447e-07
-6.75077e-07 6.0102e-07
5.19091e-07 -3.46629e-07
-8.75283e-07 3.0238e-07
-1.05527e-06 -4.48174e-08
-6.62334e-07 2.99232e-07
-8.04497e-07 5.26268e-07
-1.11423e-06 1.16226e-07
-4.87162e-07 2.40052e-07
-4.55185e-07 3.6404e-07
1.09084e-06 5.90357e-07
-1.34913e-07 -2.97568e-07
-7.70386e-07 -3.67988e-07
-9.56508e-07 -6.28927e-08
7.39887e-07 -2.06925e-07
-6.86286e-07 -4.18456e-07
5.4244e-07 -3.79626e-08
9.27582e-07 3.18864e-07
-3.95917e-07 -2.80145e-07
-1.1424e-06 -4.86323e-08
1.10401e-06 1.2563e-07
1.23367e-06 3.41622e-07
1.17051e-07 -4.53552e-07
5.61846e-07 3.59689e-07
9.4099e-07 5.16582e-07
-1.07451e-06 5.95025e-07
-1.21029e-06 -6.68896e-07
-1.2287e-06 -2.82117e-07
-9.42703e-07 -2.27994e-07
7.31397e-07 -2.57145e-07
-8.38761e-08 1.75709e-07
7.10978e-07 8.65847e-08
-1.372e-06 2.6468e-07
-1.0171e-06 -1.89831e-07
3.79433e-07 6.76625e-07
5.53115e-07 -5.60276e-08
1.06785e-06 2.7438e-07
1.04314e-07 1.18061e-07
-8.28147e-07 1.46944e-07
1.04013e-06 3.91292e-07
-1.26124e-06 6.20241e-07
-1.24185e-06 -1.14925e-07
1.28699e-06 -3.27834e-07
-1.08962e-06 6.44162e-07
-6.68756e-07 -6.85131e-07
7.01273e-07 -3.15728e-07
-1.27312e-06 -4.97786e-07
2.57303e-07 -5.11569e-07
1.15667e-07 3.72424e-07
7.92046e-07 -3.94593e-07
-9.32861e-07 -2.64585e-07
1.34901e-06 -6.54414e-07
-1.19015e-06 4.47668e-07
-1.44548e-06 -6.79169e-07
9.02382e-08 -3.77961e-07
7.60367e-08 -5.95238e-07
2.57733e-07 5.5664e-07
1.35167e-06 6.05017e-07
1.93173e-07 -1.51126e-07
9.06065e-07 -1.15631e-07
5.59392e-07 6.33097e-07
3.12995e-07 -4.45911e-07
3.23012e-07 4.60782e-07
-2.04498e-07 -1.2758e-07
1.02404e-06 -3.78767e-07
4.2142e-08 4.26482e-09
-1.04503e-06 6.88325e-07
-5.2256e-07 -5.34176e-07
-9.59661e-08 -3.36364e-07
1.40449e-06 -6.35093e-07
8.17889e-07 7.20803e-08
7.1763e-07 -4.60183e-07
-2.02714e-07 -1.64013e-07
-8.63723e-07 -3.68698e-07
-1.36185e-06 -2.27002e-07
5.40713e-07 -4.6951e-07
3.57873e-07 4.81299e-07
1.02775e-06 3.14448e-09
7.47352e-07 4.67629e-07
-5.83508e-07 -4.96959e-07
2.6706e-07 -6.79699e-08
1.18207e-06 -5.16017e-07
-1.08715e-06 4.19479e-08
6.29184e-07 4.15959e-07
-2.29326e-08 -5.50987e-07
-3.92176e-07 -3.34331e-07
9.44482e-07 -1.68345e-09
-3.7196e-07 -1.5249e-07
1.03988e-06 5.43211e-07
1.44815e-06 5.36175e-07
-5.89674e-08 2.57047e-07
-4.15581e-07 -3.34476e-07
1.26606e-06 -8.8322e-09
-8.59253e-07 3.97258e-07
6.95801e-08 5.33901e-07
1.29079e-06 3.40338e-07
-9.40001e-07 -2.69727e-08
1.30795e-06 -3.72972e-07
-4.47976e-07 -8.55036e-08
1.70973e-08 -8.33251e-08
1.39236e-06 2.9828e-07
1.32599e-06 1.08915e-07
4.14651e-07 -1.4979e-07
-4.78931e-07 -5.13452e-07
-1.13315e-06 -4.37348e-08
1.44931e-06 -6.2905e-07
-9.13997e-07 6.28362e-07
-1.43396e-06 -2.10972e-07
-6.46001e-07 -6.31828e-07
5.85608e-07 1.03094e-07
3.82843e-09 2.94523e-07
1.08061e-06 -2.3379e-07
-3.0691e-07 -5.3252e-07
8.99209e-07 -3.60819e-07
7.9845e-07 5.79224e-07
1.38726e-06 -4.12449e-07
1.41778e-06 -6.77538e-07
-8.06838e-07 4.59484e-07
2.5494e-07 -5.09365e-07
1.09093e-06 -6.97947e-07
1.16658e-06 -1.40558e-07
1.32818e-06 -9.10716e-09
3.30445e-08 -6.18522e-07
-9.88116e-07 4.56187e-08
3.61285e-07 5.67827e-07
1.42957e-06 2.18637e-07
3.54796e-07 -2.52159e-07
-4.72358e-07 -6.40357e-08
1.33179e-06 3.73142e-07
-7.70078e-07 -3.09828e-07
6.04475e-07 5.78278e-07
9.58398e-07 2.77491e-07
2.17806e-07 6.18718e-07
1.6823e-07 -4.82626e-07
-1.06556e-06 -3.8234e-07
-5.81269e-07 -4.6376e-08
-7.95607e-07 4.03217e-07
4.83046e-08 5.55117e-07
9.10957e-07 6.35465e-07
9.91693e-07 1.09168e-07
6.85959e-08 -2.8664e-07
-1.04667e-06 5.32489e-07
-1.39277e-06 -1.59608e-07
7.6005e-07 -1.42995e-07
8.38374e-08 4.37816e-07
7.29423e-07 -6.35314e-07
1.32601e-06 1.61895e-07
-6.31353e-07 5.42002e-07
1.59136e-07 -5.09678e-07
9.93098e-07 4.19374e-07
-2.96626e-07 9.90942e-08
-6.18528e-07 -5.24577e-07
4.96563e-10 6.52713e-08
-4.37827e-07 -1.49471e-07
-1.03374e-06 2.5567e-07
1.181e-06 -6.84962e-08
-1.11495e-06 5.16539e-07
1.22471e-06 -6.43655e-07
-1.18047e-06 6.99552e-07
-1.14553e-06 -1.94513e-07
2.97894e-08 -1.29831e-07
-1.00115e-06 2.44472e-07
-1.16162e-06 -6.73584e-08
8.63168e-07 -4.2815e-07
5.36881e-07 -6.63795e-07
1.14109e-06 3.35385e-07
-1.33973e-06 -2.10909e-07
8.69568e-07 -2.05954e-07
-1.28285e-06 -3.30577e-07
-4.13277e-07 2.20296e-07
1.42514e-06 -2.75386e-07
-8.62909e-07 1.08595e-07
-2.6387e-07 -4.52367e-07
-1.42131e-06 4.77239e-07
-1.20333e-06 -3.10207e-07
1.13116e-06 6.56769e-07
4.91352e-07 7.69149e-08
-8.87638e-07 2.9533e-07
6.85472e-07 4.67487e-07
1.21897e-06 5.48631e-07
9.15179e-07 -1.08284e-07
-5.06113e-07 1.72039e-07
-8.14194e-07 3.40343e-07
1.29192e-06 -3.50748e-07
-1.50164e-07 5.16525e-07
-1.33436e-06 5.22218e-07
1.91765e-07 5.51142e-07
-1.41247e-06 6.29731e-07
6.46557e-07 -5.68684e-07
1.28364e-06 1.48752e-07
-5.60555e-07 1.24272e-07
9.49512e-07 4.00486e-07
-4.03842e-07 -2.7908e-07
1.01708e-06 3.81859e-07
-1.40261e-07 6.93654e-07
8.45674e-07 3.75946e-09
1.00011e-07 1.9877e-07
2.83057e-07 -2.11135e-07
-1.3183e-06 -2.55988e-07
9.14127e-09 6.34901e-07
-4.343e-07 8.15541e-08
-1.28214e-06 5.39346e-07
2.38521e-07 -5.55543e-07
6.57408e-07 3.66521e-07
4.86241e-07 5.90672e-08
3.86399e-08 -2.02007e-07
8.08839e-08 -3.03619e-07
1.08357e-07 6.55742e-07
1.35667e-07 -1.19042e-07
-2.74483e-07 -2.37183e-07
-1.03899e-06 1.07758e-07
7.22217e-07 6.75625e-07
-1.09302e-06 -2.96049e-07
2.26095e-07 2.58403e-07
1.24802e-06 -6.20518e-07
9.89078e-07 -1.29815e-07
1.1922e-06 -3.46777e-07
7.21102e-08 3.6762e-07
3.59097e-07 -6.823e-07
1.30878e-06 5.40165e-07
7.16774e-07 -4.13331e-07
-8.05137e-07 1.65907e-07
-1.1774e-06 2.76865e-07
4.61932e-07 -2.18914e-07
4.48557e-07 5.39134e-07
-1.93247e-07 2.3916e-08
1.44964e-06 -6.99863e-07
1.25978e-06 6.00365e-07
-3.69768e-08 -3.66271e-07
1.17107e-07 -2.90682e-07
1.31204e-06 8.42756e-08
1.28356e-07 1.00025e-07
-6.02398e-07 3.40894e-07
-1.20543e-07 -3.97071e-07
-1.27535e-06 3.81164e-07
1.22427e-06 -2.90543e-07
6.9747e-09 -4.67577e-07
1.59183e-07 -1.94616e-07
2.36512e-07 -3.97842e-07
5.44718e-07 5.87766e-07
-9.54224e-07 3.32318e-07
1.10121e-06 -4.33769e-07
2.76612e-07 -4.48905e-07
-8.65777e-07 -5.76701e-07
4.06954e-07 2.29914e-07
6.07863e-07 1.96994e-07
-1.00629e-06 -5.69975e-07
7.58599e-07 5.16918e-08
5.85974e-07 2.33143e-07
5.62472e-07 -5.67955e-07
-8.48965e-07 5.22724e-07
4.0922e-07 -4.75754e-07
-1.42163e-06 -2.13269e-07
-1.95244e-07 5.72585e-07
3.91207e-07 -5.54136e-07
1.18025e-06 -4.63975e-07
1.231e-06 -6.90467e-07
-8.36176e-07 -2.77203e-07
-6.70584e-07 3.01589e-07
1.11061e-07 5.59594e-07
1.09301e-06 -2.56946e-07
-5.28449e-07 5.97725e-07
2.62675e-08 1.82481e-07
-1.38745e-06 -3.36432e-07
5.04541e-07 -5.22429e-07
-8.16217e-07 -5.72731e-07
-7.89752e-07 -5.25975e-07
-3.00682e-07 6.55442e-07
-6.69878e-07 6.64997e-07
1.15979e-06 3.81302e-07
-4.74228e-07 4.41917e-07
-3.75163e-07 -1.22687e-07
1.32769e-06 1.98754e-07
-1.25658e-06 -3.64757e-08
1.21334e-06 -2.85633e-07
9.4477e-07 6.58405e-07
-8.73012e-07 -8.83172e-08
1.4135e-06 5.79932e-07
1.07261e-06 -2.21076e-07
1.2373e-06 -5.40763e-07
1.4059e-06 6.73539e-07
4.31485e-07 -2.02693e-07
-7.76162e-07 1.31468e-07
-9.37693e-07 3.4554e-07
8.61359e-07 -3.76885e-07
3.07038e-07 -6.52738e-08
-9.08942e-07 -6.79644e-08
7.97206e-07 -5.30729e-07
4.46186e-07 -5.37325e-07
3.59236e-07 4.04442e-07
-1.40258e-06 7.41242e-08
-8.14205e-09 -6.39851e-07
-1.2666e-06 1.50901e-07
1.44087e-06 1.81808e-08
-7.64829e-07 6.51678e-07
-1.72353e-07 -1.59098e-07
-2.09558e-07 1.7438e-07
-2.73718e-07 -4.11282e-07
-9.31299e-07 6.53044e-07
-5.98175e-08 5.92751e-07
1.14821e-06 -6.8152e-07
6.34844e-07 -3.01066e-07
-1.1136e-06 1.5463e-07
-8.87514e-07 -1.0331e-07
-3.41849e-07 -3.59081e-07
2.45621e-07 -1.87401e-07
-1.21608e-06 -6.29661e-07
-8.0505e-07 4.8151e-07
2.17515e-08 5.71342e-07
-4.94092e-07 1.01634e-07
4.36535e-07 1.04937e-07
1.44204e-06 1.77394e-08
-1.26056e-06 -6.65791e-07
-8.17206e-07 1.86589e-07
3.78039e-07 1.59334e-07
-1.10137e-06 -4.94413e-07
8.78462e-07 1.90975e-07
2.50375e-07 6.53123e-07
9.58086e-07 3.30387e-07
1.13654e-06 2.56161e-07
6.1683e-07 -3.57653e-07
-2.39982e-07 -7.33972e-08
1.60894e-07 -4.7931e-07
7.784e-07 -5.13123e-07
-1.33175e-06 -5.41807e-07
-1.04993e-07 -4.14113e-07
9.65701e-07 5.53276e-07
-8.79282e-07 -1.31816e-08
-1.07786e-07 -6.42965e-07
-1.19429e-06 5.75237e-07
8.06911e-07 -4.6812e-08
-8.08031e-07 6.46486e-07
4.6142e-07 5.07762e-07
5.29488e-07 4.09763e-07
3.66289e-07 3.74944e-07
-7.3987e-07 3.95941e-07
1.18134e-06 2.64307e-09
-3.73282e-07 -6.56222e-07
1.19529e-06 3.4196e-07
-7.29008e-07 1.8945e-07
8.57648e-07 5.09404e-07
-4.46179e-07 -4.73091e-07
6.68484e-07 6.70169e-07
7.79416e-07 -1.34876e-07
-1.11666e-07 6.23726e-07
-1.39886e-06 -2.66488e-07
1.08325e-06 5.86218e-07
-5.97337e-07 -5.06231e-08
1.07906e-07 -6.1028e-07
-1.17442e-07 -2.49633e-07
-2.06852e-09 -1.74155e-07
-1.27026e-06 5.17352e-07
-1.11217e-06 -5.55438e-07
4.98929e-07 -2.82311e-07
-2.33344e-07 -1.34803e-07
-1.38699e-06 6.18604e-07
1.96493e-08 1.5942e-07
9.66725e-07 3.73083e-07
-7.26634e-07 2.89507e-07
-2.10329e-07 -3.80094e-07
-1.96313e-07 -5.67686e-07
6.59996e-07 2.12725e-07
9.06604e-07 5.34571e-07
2.6126e-07 -6.11829e-07
6.11487e-07 -1.53978e-07
8.06632e-07 3.46947e-07
-5.6818e-07 3.95244e-08
-7.68008e-07 2.60095e-07
-4.30591e-07 1.35998e-07
-1.22378e-06 3.33925e-07
-6.46072e-07 9.97498e-08
-7.09298e-07 5.67695e-07
1.1567e-06 -5.02945e-07
9.50515e-08 -2.00852e-07
4.19006e-07 -2.19271e-07
-5.82584e-07 -1.31121e-07
1.28707e-06 -1.15991e-07
-1.31984e-07 6.25514e-07
-6.89431e-07 5.38447e-08
7.25567e-08 -1.23166e-07
-1.18109e-06 -6.35908e-07
1.10059e-06 -3.56318e-07
-6.25481e-07 2.90603e-07
-1.02081e-06 -6.18817e-07
-7.54324e-07 1.12258e-07
4.17827e-07 5.80047e-07
1.24435e-06 -9.64695e-08
9.01629e-07 6.22267e-07
1.16419e-06 6.92339e-07
-3.6962e-07 6.59436e-07
2.94852e-07 2.52809e-07
1.01684e-06 2.59673e-07
1.00829e-06 -5.24916e-08
-4.45857e-07 4.02321e-07
-1.44683e-06 6.99325e-07
8.98605e-08 -3.38704e-07
-6.49557e-07 -4.0065e-07
4.35818e-07 -3.27793e-07
-1.96861e-08 -6.60378e-07
-5.3882e-08 -4.00805e-07
1.35462e-06 5.04073e-07
-1.27314e-06 2.53018e-07
2.14899e-07 -4.04722e-07
-2.89654e-07 -6.63602e-07
-5.29293e-07 3.64517e-07
-3.80197e-07 1.40246e-08
5.08774e-07 2.88193e-07
1.18736e-06 -5.14524e-07
3.57411e-07 3.11797e-09
7.94674e-07 1.02813e-07
-9.52217e-07 5.66997e-07
-7.73735e-07 -8.77886e-08
-7.8745e-07 6.75502e-07
-1.04257e-06 -6.1281e-07
5.61515e-08 4.26893e-08
4.76252e-07 -4.03071e-07
1.41338e-06 -3.72191e-07
-1.35989e-06 3.62748e-07
8.86346e-07 -6.4288e-08
-1.71944e-07 8.98298e-08
-9.63262e-07 5.95384e-07
-1.19979e-06 4.215e-07
1.07649e-06 3.63473e-07
1.29068e-06 -1.43562e-07
-1.11746e-06 1.14861e-07
7.91908e-07 3.19573e-07
5.76335e-08 5.66914e-07
-1.00976e-06 4.08247e-07
3.71207e-07 4.75097e-07
7.73818e-07 -3.24181e-08
8.64306e-07 -4.68698e-07
-1.6041e-07 -3.35582e-07
-1.30297e-06 -3.779e-07
7.58214e-07 6.11239e-07
-1.23794e-07 1.73026e-07
3.57986e-07 -5.53914e-07
8.05881e-07 2.58186e-07
1.28479e-06 4.65504e-07
1.33876e-06 4.18252e-07
4.83413e-07 6.65049e-07
-8.84156e-07 -1.64101e-07
9.24466e-07 3.02697e-07
2.8713e-07 6.78729e-08
7.00661e-07 1.74881e-07
1.24433e-06 6.26237e-07
-9.62523e-07 1.17023e-07
-8.85503e-07 -7.49947e-08
1.05822e-06 4.1544e-07
1.21641e-06 -6.70583e-07
4.73005e-07 5.26941e-07
-1.34425e-07 -8.69693e-08
1.32516e-06 -3.89155e-07
4.82823e-07 -3.109e-07
-7.06717e-07 6.05449e-07
-1.07899e-06 -2.82978e-08
4.79808e-07 2.05744e-07
5.47827e-07 5.99972e-07
-7.09428e-07 9.07978e-08
3.28453e-07 1.6213e-07
3.26872e-07 1.9684e-07
9.84908e-07 -6.27796e-07
-6.5023e-07 -2.9971e-07
1.208e-06 -2.38187e-07
-1.42983e-06 -6.58272e-07
3.40352e-07 -3.77431e-07
7.33343e-07 -1.46252e-07
1.15067e-06 -6.82555e-07
-1.19607e-06 -5.17561e-07
1.4088e-06 -4.79708e-07
-1.44251e-07 2.13581e-07
-9.19219e-07 1.45253e-07
-1.22285e-06 -3.54623e-07
1.0178e-06 5.84757e-07
-1.17427e-06 -2.93446e-07
2.34729e-07 2.94191e-08
5.10529e-07 -5.99485e-07
2.83268e-07 1.91205e-07
1.92952e-08 4.45629e-07
-6.22892e-07 -6.42234e-08
-3.39094e-07 1.83826e-07
-1.10127e-06 -2.67277e-07
1.05663e-06 -7.48711e-08
9.31646e-07 -4.26045e-07
3.15541e-07 -1.66138e-07
-9.56524e-07 -1.92873e-07
3.52051e-08 -4.95269e-07
-4.27745e-07 -5.9152e-07
1.359e-06 8.23952e-08
9.15883e-07 4.65708e-07
1.33075e-06 4.83783e-07
-3.65334e-07 2.02471e-07
7.02284e-07 2.13859e-09
-8.58715e-07 -4.04207e-07
-6.43371e-07 6.0548e-07
-1.30219e-06 2.83444e-07
-1.34196e-06 -2.97498e-07
-8.77213e-07 -2.88112e-07
-9.92626e-07 7.39396e-09
-1.3348e-06 3.63713e-07
1.04509e-07 -3.28615e-07
7.75891e-07 3.28516e-07
-5.38596e-07 -1.36747e-07
5.15849e-07 2.51625e-08
-1.801e-07 1.58679e-07
1.20462e-06 1.60407e-07
7.13995e-07 6.0323e-07
-9.69539e-07 -5.92469e-07
4.88422e-07 4.20343e-07
-1.41837e-06 -3.39956e-07
-7.77425e-07 5.0307e-07
8.2931e-07 3.21904e-07
1.05257e-06 3.09937e-07
-6.82788e-08 -4.00567e-07
9.8709e-07 3.28929e-07
5.20745e-07 5.48966e-07
7.48582e-07 -2.65206e-08
-3.20635e-07 1.45581e-07
-6.36619e-07 4.27775e-07
-9.90266e-07 -5.04011e-07
4.90362e-07 -6.83014e-07
-1.26952e-06 3.05482e-08
1.08421e-06 -3.50055e-08
7.37896e-08 -6.0591e-07
-3.61307e-07 -6.0879e-07
-1.21001e-06 1.87315e-08
-2.57021e-08 3.06088e-07
-1.39086e-07 1.70774e-07
-1.0775e-07 -6.28541e-07
1.22494e-06 4.46324e-07
1.37724e-06 -1.46594e-07
-1.9178e-07 -6.05723e-08
9.65216e-07 5.86602e-07
6.9542e-07 4.89458e-07
9.15008e-07 6.1854e-08
-2.38144e-07 -5.78813e-07
-1.29378e-06 1.0422e-07
-1.21484e-06 -4.98495e-07
7.21034e-07 -3.56012e-07
8.66638e-07 6.51504e-07
1.34055e-06 -4.89746e-07
-8.35638e-07 -2.09665e-07
1.24754e-06 -4.62959e-07
8.47938e-07 -2.20329e-07
-1.23559e-06 5.02115e-07
5.25442e-08 -5.25359e-08
-9.11918e-07 2.98189e-07
-5.60225e-08 2.41925e-07
6.01985e-07 -4.59627e-07
-1.54909e-07 -4.22803e-07
1.0883e-06 4.84784e-07
-4.25947e-07 -4.2848e-07
-5.08861e-08 2.14254e-07
9.22119e-07 5.71225e-07
5.27976e-08 2.13765e-07
-8.07705e-07 -4.33245e-07
-5.52874e-07 4.65353e-07
5.96706e-07 5.0236e-07
-6.24513e-07 -2.26451e-07
-4.88305e-07 3.32693e-07
1.55758e-07 2.02444e-07
1.13944e-06 -5.17232e-07
1.40303e-06 -1.75841e-07
-4.3138e-07 -7.45631e-08
5.19601e-08 2.17796e-07
3.6392e-07 6.97286e-07
4.63253e-07 -4.351e-07
1.1544e-06 -5.87575e-07
9.77545e-07 -2.90537e-07
-2.66461e-08 4.92544e-07
-7.10988e-07 5.25138e-07
-8.69454e-07 4.33576e-07
1.6541e-07 -2.81108e-07
-1.4391e-06 -3.07574e-07
2.13289e-07 2.08605e-07
1.28231e-06 -1.22346e-07
6.01245e-07 6.62264e-07
3.60005e-07 -6.76088e-07
-3.56968e-07 -2.39159e-07
-1.19774e-06 -4.33464e-07
-1.87148e-07 2.02578e-07
-1.33972e-06 -3.18452e-07
-1.35513e-06 4.59261e-07
-2.20062e-08 3.61967e-07
6.80249e-07 6.40322e-07
8.50849e-07 4.69133e-07
1.26681e-06 -2.00226e-07
1.41317e-06 -5.40787e-07
1.38444e-06 6.95545e-07
1.872e-07 1.84796e-08
4.18416e-07 8.22747e-09
-4.30343e-07 -1.81134e-07
1.30935e-06 -3.685e-07
-2.67046e-07 1.96281e-07
-7.57377e-07 5.92486e-07
1.16957e-06 3.93378e-08
-1.17277e-06 -6.44772e-07
8.67841e-07 2.04034e-07
4.33788e-07 6.08073e-07
-3.39969e-07 6.72402e-07
1.19319e-06 -3.98537e-07
-5.73188e-07 -1.79985e-07
-2.00177e-08 -2.30845e-07
1.43146e-06 -2.97734e-07
6.65499e-07 -4.51376e-07
-9.3916e-07 -3.95448e-07
-4.63981e-07 1.68099e-07
-7.36509e-07 2.31945e-07
-8.65253e-07 -6.37422e-07
-1.25681e-06 -4.50165e-07
-6.49204e-09 6.23915e-07
-1.27924e-06 -6.8334e-07
1.1506e-06 -4.9061e-07
-8.86456e-07 4.75944e-07
-3.76603e-07 6.1814e-07
-9.2243e-07 1.38188e-07
-1.4329e-06 3.22735e-07
1.41735e-06 1.65345e-07
4.21126e-07 -3.68175e-08
1.21948e-06 2.4223e-07
1.10584e-06 -3.28756e-07
1.19614e-06 -5.42164e-07
6.32597e-07 -3.53326e-07
-1.03844e-06 -2.39699e-07
-4.29981e-07 -2.8668e-07
1.19078e-06 5.41156e-07
-4.07951e-07 6.30981e-07
1.05782e-07 1.53808e-07
7.76629e-07 -5.84695e-07
6.24741e-08 6.62377e-07
1.27104e-07 2.2153e-07
1.43072e-06 -1.96157e-08
-4.412e-07 -3.8116e-07
1.63399e-07 -3.87517e-07
-6.54403e-07 -2.59738e-07
-1.19458e-06 -2.11664e-07
-1.15767e-06 -5.60003e-07
-4.41334e-07 -5.81506e-07
-9.06789e-07 -1.0684e-07
1.07356e-06 -1.75413e-07
-1.37122e-06 -5.47031e-07
8.40034e-07 -2.13733e-08
-8.49835e-07 -3.85656e-07
4.75669e-09 3.64084e-07
-5.13118e-07 -6.33237e-07
1.08372e-06 -1.45686e-08
-8.49457e-07 -4.7395e-07
5.11329e-07 -6.01414e-07
1.204e-06 -4.59541e-07
1.29549e-06 2.32918e-07
-3.89028e-07 -6.65111e-07
-1.29394e-06 -6.86712e-07
-1.82825e-07 -5.5449e-07
-7.78618e-07 2.48033e-07
-8.55199e-07 1.61899e-07
1.37226e-06 -4.40925e-07
8.12445e-07 6.94424e-07
-5.18704e-07 6.9827e-07
1.02441e-06 -5.89025e-07
-1.12898e-07 -1.27141e-07
4.57275e-07 5.61385e-07
-4.07638e-07 -3.98948e-07
4.75085e-07 6.59562e-08
-8.89246e-08 6.04358e-07
-5.63301e-07 4.01676e-07
-8.45036e-07 4.44388e-08
8.25823e-07 4.09977e-07
-7.1918e-07 -6.83355e-07
-7.94509e-07 9.44066e-08
1.06013e-06 -1.48376e-07
1.40049e-06 6.35549e-07
-4.61165e-07 -5.72052e-07
2.23867e-07 -6.40093e-07
1.331e-06 -2.59734e-07
-5.30717e-07 7.59228e-08
-5.67903e-07 1.87236e-07
9.98047e-08 5.44925e-08
-5.43388e-07 1.09947e-07
-7.69676e-07 3.77549e-07
6.51649e-07 -6.25428e-07
-7.25428e-07 4.50389e-07
4.66246e-07 3.04356e-07
1.09828e-06 -3.58602e-07
1.30251e-06 -6.69685e-07
1.15308e-06 4.70719e-07
-2.80485e-07 -4.82334e-07
-1.40344e-06 7.30666e-08
1.0601e-06 2.43927e-07
3.68659e-08 2.49649e-07
-3.89274e-07 -7.39641e-08
-1.87881e-07 1.23026e-08
6.55897e-07 3.35739e-07
5.73684e-07 -5.04052e-07
8.29627e-07 -5.49309e-07
1.27949e-06 1.96812e-07
-1.73284e-07 2.57623e-07
1.25839e-06 6.83165e-07
-2.25639e-07 2.73265e-07
-1.35936e-06 -6.8417e-07
-9.17678e-07 5.80429e-07
-2.29102e-07 -1.38452e-07
-6.24218e-07 -4.54155e-07
-1.32686e-06 -6.33314e-07
1.20701e-06 -2.16989e-08
-1.2247e-06 -4.46753e-07
3.86016e-07 -6.76022e-07
-3.89363e-07 -9.45662e-08
-1.16514e-06 3.13274e-08
-1.38073e-06 -1.25789e-07
-1.07814e-06 4.43941e-07
7.22968e-07 1.68332e-07
3.27881e-07 2.8345e-07
1.4227e-06 3.19725e-08
1.87441e-07 -3.67179e-07
-1.65971e-07 5.95095e-08
-8.17696e-07 6.70295e-07
4.80965e-07 6.52499e-07
8.56018e-07 -5.83826e-07
1.43488e-06 -6.06077e-07
1.28935e-06 -5.64512e-07
8.56428e-07 1.74508e-07
-1.11696e-06 -1.16388e-07
-1.32173e-06 5.29104e-07
1.0634e-07 -1.50852e-07
5.21842e-07 -5.3921e-08
-1.2934e-06 -9.07932e-08
-9.18708e-08 -1.4794e-07
-1.06778e-06 3.49835e-07
-5.71805e-07 1.69319e-07
-2.787e-07 3.21108e-07
-8.39435e-07 2.54543e-07
2.32985e-07 -1.59399e-07
-1.1316e-06 4.99006e-07
1.06877e-06 -5.36083e-07
2.38236e-07 -2.59795e-07
-6.98356e-07 2.80038e-07
-5.82172e-07 5.94644e-07
-2.22025e-07 -9.01127e-08
4.54176e-07 -3.48992e-07
-5.77604e-07 2.19631e-07
-7.63788e-07 -5.01553e-07
1.03382e-06 -6.16531e-07
-1.57758e-07 3.24816e-07
-1.7201e-07 -3.70513e-07
8.38851e-09 -4.84798e-07
-2.61329e-07 1.89304e-07
-1.37312e-07 -6.67238e-07
9.40716e-08 -2.67968e-07
7.26052e-08 -6.29664e-07
7.04201e-07 -1.67199e-07
-4.9596e-09 1.05608e-07
1.09672e-06 -2.31513e-07
5.73484e-07 -3.20157e-07
7.69224e-07 -5.03137e-07
1.22814e-07 1.20464e-07
-7.74577e-07 -4.75268e-07
1.09953e-06 -6.41382e-07
-4.45136e-07 3.55325e-07
1.91909e-07 6.14089e-07
1.26181e-06 -2.86264e-07
-2.8533e-07 -9.50797e-09
-8.97884e-07 3.18096e-07
-1.38249e-07 -5.01067e-08
4.11022e-08 5.72418e-07
-1.25831e-06 5.76649e-07
-6.59469e-07 1.45919e-07
-1.4458e-06 -3.90003e-07
8.40336e-07 -9.52991e-08
1.07077e-06 -3.14255e-07
-1.22944e-06 5.87103e-08
7.34576e-07 3.48147e-07
1.30189e-06 -1.82844e-07
2.43558e-07 1.55106e-07
-1.17261e-06 2.86112e-07
-6.04576e-07 -2.13983e-07
-7.29046e-07 6.33039e-07
1.05124e-06 5.818e-07
7.03017e-07 6.46162e-07
-1.14588e-06 -1.06492e-07
6.05087e-09 -4.35026e-07
-7.01515e-07 -1.49774e-07
-1.03019e-06 5.93632e-07
-3.88397e-07 3.47968e-07
1.0462e-06 -2.31641e-07
4.76619e-07 -3.75618e-07
-1.39441e-06 6.69098e-07
-1.26751e-07 -3.40928e-07
5.6737e-07 2.27627e-07
-2.19624e-07 5.26631e-07
-1.03391e-06 -2.64748e-08
-9.90291e-07 -3.16718e-07
-9.64474e-07 6.45072e-07
-1.00601e-06 -4.68009e-08
1.03268e-06 6.35422e-07
-9.18057e-07 5.48967e-07
-7.14993e-07 -1.27357e-07
6.17197e-07 -1.81259e-07
1.72692e-07 -6.33749e-07
1.38074e-06 -2.30109e-07
5.11846e-07 -2.02727e-07
-7.3887e-07 4.34971e-07
6.75551e-07 2.76724e-07
-1.99975e-07 5.01227e-07
4.30063e-07 -5.59133e-07
-9.01039e-08 7.93016e-08
-1.11687e-06 -4.57435e-07
2.9281e-07 6.86514e-07
4.81911e-07 -1.6697e-07
-2.63456e-07 -4.4359e-07
-2.93925e-08 3.33758e-07
-7.69625e-07 4.96491e-07
3.09155e-07 -4.27755e-07
-1.40665e-06 -6.76595e-08
-1.11665e-06 -2.21028e-07
-1.28226e-06 -5.55613e-07
5.81944e-08 -6.73243e-07
1.0267e-06 1.71292e-07
-1.18484e-06 -2.44664e-07
-1.33155e-06 -6.55366e-07
-1.04593e-06 -3.93837e-07
-1.9027e-08 -1.92326e-07
2.556e-07 -6.84803e-08
-1.01893e-06 2.706e-08
-1.11503e-06 4.3252e-07
5.8646e-07 -3.56652e-08
1.01729e-06 1.46296e-08
-1.2454e-06 2.12662e-07
5.27771e-07 9.49103e-08
-5.69107e-07 5.7225e-07
-1.12236e-06 1.01906e-07
6.50361e-07 -2.81904e-07
3.17722e-07 1.90839e-07
-5.3876e-07 -4.83302e-07
9.86539e-07 -3.92056e-07
1.18528e-06 6.05167e-07
8.7342e-07 1.36362e-07
-5.01899e-07 5.45306e-07
-5.93311e-07 -2.96001e-07
1.36947e-06 5.38586e-08
-4.35087e-07 -5.30138e-07
7.31379e-07 -1.09307e-07
2.36961e-07 5.23262e-07
-1.09001e-07 -5.78798e-07
4.70824e-07 5.61202e-07
-9.14396e-07 1.91626e-07
-6.51867e-08 4.42916e-07
3.59456e-07 -7.95773e-08
-1.43337e-07 -1.04913e-08
-6.1614e-07 -6.60669e-07
4.76825e-07 5.29781e-07
3.82448e-07 -2.46772e-07
-1.39497e-06 -5.47827e-07
3.73878e-07 -4.0968e-07
-3.3271e-08 2.37113e-07
9.88481e-07 2.98523e-07
-5.68201e-07 -2.31809e-07
1.03333e-06 -3.31656e-08
1.13412e-06 3.19325e-07
-5.44629e-07 -2.944e-07
6.29144e-07 -4.25936e-07
1.40111e-06 1.83693e-07
-1.80194e-07 4.73015e-07
5.97925e-07 -1.58915e-07
7.56083e-07 2.00128e-07
2.39325e-07 6.93094e-07
6.97507e-07 -5.06128e-07
-1.0046e-06 2.58118e-07
1.6959e-07 -8.1253e-08
4.85596e-07 2.07563e-07
1.44336e-06 7.76746e-08
-8.60106e-07 4.63268e-08
-9.35868e-07 6.49272e-07
-9.84221e-07 3.41144e-08
1.35143e-06 -4.52273e-07
-9.43655e-07 -5.85487e-08
8.50919e-07 -4.15341e-07
-1.32404e-06 -1.01136e-07
-2.87327e-07 -2.2675e-07
7.90792e-07 3.85955e-07
-1.31299e-06 1.34608e-07
5.77343e-07 -5.3967e-07
-5.4894e-07 1.12239e-08
-9.29765e-07 7.7213e-08
-1.03163e-06 -1.56423e-08
-8.87588e-07 -3.15457e-07
2.60681e-07 -4.40331e-07
1.3642e-06 6.76847e-07
-1.06807e-06 -4.13094e-07
-1.35503e-06 -5.49325e-08
-1.53808e-07 4.18996e-07
1.61513e-07 3.68215e-08
-8.6195e-07 -3.82127e-07
6.20807e-07 5.14361e-07
2.1965e-08 2.89815e-07
-8.98229e-07 -5.18078e-07
-1.3148e-07 -6.09016e-07
1.607e-07 2.2567e-07
8.3021e-07 6.2391e-07
-9.04613e-08 -5.83973e-07
3.7175e-07 2.97231e-07
-4.86774e-07 -2.9949e-07
-1.95203e-07 2.33659e-07
-1.11413e-06 1.88408e-07
-1.16327e-06 5.3682e-07
6.66157e-07 6.40933e-07
-4.75027e-07 2.98846e-08
-1.1825e-07 -5.19648e-08
1.32002e-06 1.86751e-08
1.08809e-07 -6.81492e-07
5.20669e-07 6.90108e-07
9.96978e-08 4.05757e-07
3.46662e-07 2.44951e-07
-1.18197e-06 -6.13294e-07
1.25621e-06 2.70717e-07
-5.27885e-07 4.84364e-07
-1.44019e-06 -5.52578e-07
8.47378e-07 -4.70022e-07
6.77673e-07 2.33805e-07
8.86604e-07 -4.33156e-07
-1.14635e-06 -3.68813e-07
-7.85511e-07 6.7127e-07
-7.27335e-07 2.29109e-07
4.07016e-07 -5.02342e-07
-1.33752e-06 -5.41219e-07
8.42028e-07 6.26556e-07
6.90124e-07 -6.2352e-07
-1.10175e-06 1.92195e-07
-8.96533e-07 5.8648e-07
-1.32731e-06 1.43021e-07
1.00195e-06 -6.22454e-07
-5.49904e-07 1.95103e-07
-1.19642e-06 -4.95294e-08
1.07364e-06 -1.81602e-07
-5.99961e-07 -8.32064e-08
-3.64168e-07 1.53016e-07
3.22916e-07 2.76662e-07
9.87154e-08 3.77325e-07
-1.24279e-06 -5.88814e-07
-1.41043e-06 6.30346e-07
4.89792e-08 5.1249e-07
-1.03473e-06 5.64694e-07
3.64605e-07 5.50625e-08
3.16819e-07 8.78755e-08
1.3816e-06 -6.82795e-07
1.32282e-06 2.42676e-07
6.91011e-07 6.87125e-07
9.30152e-07 3.80627e-07
-1.08458e-06 -5.29908e-07
1.20488e-06 2.44387e-07
2.23763e-07 6.04548e-07
4.39967e-07 -6.072e-07
-4.59871e-07 -4.2206e-07
1.16959e-07 2.69754e-07
-2.95189e-07 6.56132e-07
-1.42309e-06 3.13254e-07
7.3359e-07 2.29133e-07
-2.60286e-07 -6.88919e-08
-1.0854e-06 3.1695e-07
1.04499e-06 6.00177e-07
-1.22297e-06 4.82941e-07
-1.25517e-06 -3.0994e-07
-1.92856e-07 6.33755e-07
-1.03353e-06 1.93955e-07
-2.4196e-07 -4.9092e-07
2.14522e-07 5.44044e-07
-6.7961e-07 1.50029e-07
-1.15549e-06 5.75e-07
-7.10226e-07 -4.63333e-07
-1.09254e-06 -3.39629e-07
-2.18152e-07 -3.29248e-07
1.14185e-06 5.19685e-07
1.21699e-06 3.5267e-07
6.08343e-07 -2.91941e-07
8.65383e-07 -2.74058e-07
8.98409e-07 -5.24618e-07
-1.26828e-06 5.01162e-07
4.40107e-07 6.73483e-07
1.4027e-07 -6.35174e-07
4.89111e-07 3.07128e-07
4.56093e-07 6.47541e-07
-5.39857e-08 -5.36985e-07
-1.00816e-06 1.34554e-07
1.30515e-06 -5.43038e-07
-1.53634e-07 5.57867e-07
6.56441e-07 6.04242e-07
1.38076e-06 -8.86146e-08
2.68084e-07 5.70721e-07
1.28714e-06 5.29105e-07
1.3055e-06 -5.03179e-08
-8.40444e-07 5.68098e-08
4.97484e-07 4.31437e-07
4.58157e-07 -6.11722e-07
1.38184e-06 6.55172e-08
-1.35655e-06 -4.89864e-07
-4.84431e-07 -5.59194e-07
-1.08322e-06 -2.48402e-07
7.56948e-07 2.0341e-07
-1.25914e-08 -1.08068e-08
8.67577e-09 -6.92481e-07
-4.91527e-07 3.70837e-07
-1.22078e-06 1.69664e-08
1.28592e-06 6.19747e-07
-1.33827e-06 -3.08349e-07
1.28455e-07 3.90451e-07
-8.05244e-07 -1.78128e-07
9.19149e-07 -5.30991e-07
-4.52158e-07 3.56962e-08
2.42799e-07 2.08134e-07
-6.60845e-07 -8.81392e-08
2.21955e-07 -6.07331e-07
-5.08702e-07 3.04908e-07
1.13005e-06 1.18328e-08
-1.27883e-06 -1.73955e-07
1.12558e-06 2.07727e-07
-1.30903e-06 -6.07977e-07
3.88162e-07 -5.58123e-07
1.0781e-06 3.98219e-07
-5.44537e-07 -1.89788e-07
9.78535e-07 -4.51904e-07
1.09014e-06 -1.84671e-07
1.05865e-06 3.26973e-07
-3.25852e-07 -2.06284e-07
-1.3132e-06 -4.09271e-07
6.79647e-07 -5.24617e-07
6.19875e-08 -5.14317e-07
-5.08107e-07 -5.3184e-07
2.25574e-07 1.01298e-07
9.36213e-07 2.45634e-07
-2.73999e-07 4.55779e-07
8.46712e-07 -5.22349e-07
6.30549e-07 4.78209e-07
3.67153e-07 2.48701e-07
1.22989e-06 -1.43221e-07
3.8643e-07 -6.14624e-07
-1.18705e-06 2.61409e-07
2.11401e-07 -6.30079e-07
-1.02979e-06 -3.6782e-07
-8.57166e-07 5.95781e-07
-2.46641e-08 7.43841e-08
-1.27444e-06 -3.63067e-07
-2.06118e-08 3.23444e-08
-8.20352e-07 -6.51924e-07
1.1541e-06 6.82882e-07
3.19022e-07 -5.44988e-07
-4.9375e-08 6.60354e-07
9.22564e-07 1.06738e-07
-1.26692e-06 6.79981e-07
-7.97475e-07 1.35342e-07
1.42506e-06 -3.07464e-07
2.36176e-07 -3.0534e-09
3.42513e-09 3.63216e-07
-7.81545e-07 -2.39874e-07
9.11818e-07 -1.77834e-07
1.29011e-06 2.84559e-07
2.2184e-07 -1.45479e-07
-3.0292e-07 2.07935e-07
1.1723e-06 6.67532e-07
-7.23837e-07 1.90099e-07
-1.03157e-06 -2.96726e-07
1.69038e-07 2.09158e-07
-3.14439e-07 -2.70568e-07
-1.03281e-06 -2.65659e-08
-1.39266e-06 5.65078e-07
-4.71577e-08 3.9275e-07
-1.22975e-06 8.42819e-08
2.89703e-07 -4.46659e-07
1.26905e-06 3.42088e-07
6.46447e-07 -3.93376e-07
-4.45075e-07 -2.88186e-07
8.19913e-07 2.76119e-07
-7.30424e-07 2.88455e-07
-1.80051e-07 -5.88488e-07
8.17048e-07 -1.25703e-07
-1.31464e-06 6.37417e-07
-1.07505e-06 1.86461e-07
-5.55139e-07 -2.6386e-11
-1.10708e-06 3.13582e-07
6.48083e-07 6.38939e-07
2.06786e-08 2.06455e-07
-9.19494e-07 -3.86565e-07
7.30974e-07 -5.80052e-07
-1.15769e-06 -2.61954e-07
8.39204e-07 4.10188e-07
7.94231e-07 -2.97319e-07
1.33673e-06 1.51335e-07
-1.09421e-07 5.96784e-07
3.54148e-07 -3.23384e-08
8.97543e-07 -6.28153e-07
7.37344e-07 4.52899e-07
6.03984e-07 -5.53671e-07
-7.17041e-07 -1.70539e-07
-7.19488e-07 -1.97732e-07
-1.41685e-06 -1.42475e-07
1.3292e-06 4.30738e-07
-3.77202e-07 4.05581e-07
3.09649e-07 -4.622e-07
4.70767e-07 2.03522e-07
-1.28905e-07 3.48303e-08
-9.60423e-07 6.65113e-07
-5.58948e-07 4.52444e-07
8.17747e-07 5.58234e-07
1.77017e-08 -2.29571e-07
3.94338e-07 -3.01215e-08
3.54249e-07 -2.6307e-07
7.61081e-07 4.49609e-07
-2.97638e-07 1.13778e-07
-7.25721e-07 -4.02545e-07
-1.09717e-07 1.28359e-07
5.75021e-07 -1.33932e-08
-4.12187e-07 -1.16989e-07
-1.39381e-07 1.77975e-07
-1.45422e-07 -4.12655e-07
-1.33011e-06 -3.06992e-07
-1.90009e-07 -4.58775e-07
-9.6259e-07 1.18599e-08
1.30264e-06 6.09205e-07
-2.04205e-08 2.56931e-07
1.039e-06 5.34226e-07
7.49738e-07 -4.86173e-08
1.02316e-08 -3.3718e-07
5.71562e-07 5.86762e-08
1.30193e-06 -3.77491e-07
-1.13988e-06 -4.91008e-07
-5.3917e-07 -2.30149e-07
9.37146e-07 2.57921e-07
2.4101e-07 -2.45892e-07
-5.93434e-07 3.14463e-07
1.29137e-06 -3.20677e-07
-1.28959e-06 2.7531e-07
-4.6388e-07 1.61013e-07
-1.313e-06 1.68665e-07
1.29556e-06 -2.08321e-07
-7.94088e-07 -4.03159e-07
-5.39405e-07 -5.75812e-07
-1.28332e-06 -2.31149e-07
-4.93203e-08 -5.5675e-07
-4.06465e-07 1.26352e-07
-4.77106e-08 -5.89329e-07
-1.11545e-06 2.26654e-07
-2.0664e-07 -2.04863e-07
1.26357e-06 -4.51169e-07
9.80042e-07 -2.10137e-07
-1.30525e-06 -2.82324e-07
3.55531e-07 5.05729e-07
-7.26821e-07 -6.95633e-07
-1.4394e-06 -5.2546e-07
2.48896e-07 -6.35295e-07
6.2582e-08 -3.03429e-07
8.65609e-07 -6.59687e-07
1.55534e-07 -8.06732e-08
6.18661e-07 3.04373e-07
-4.33814e-07 -5.39338e-07
6.43662e-07 -6.07443e-07
1.18664e-06 -1.424e-07
-1.06394e-06 -4.06164e-07
-1.14706e-06 -6.5843e-07
-5.7577e-09 -4.83936e-07
1.12828e-06 -2.44216e-07
3.94473e-07 4.54598e-07
-1.15675e-06 -2.77354e-08
-8.62674e-07 -9.26338e-09
3.76274e-07 -3.70366e-07
-6.50737e-08 -3.58003e-08
-1.24332e-06 -1.25605e-07
-1.3209e-06 -5.74358e-07
9.76472e-07 -5.91897e-07
-7.62713e-07 5.67555e-07
2.17194e-08 -2.34162e-07
-5.42248e-07 1.54651e-07
1.0349e-06 -4.41278e-07
1.00482e-07 1.48129e-07
6.19871e-08 2.26803e-07
-1.26632e-06 -5.37821e-07
-3.7208e-08 8.93191e-08
-4.45029e-07 -1.18028e-07
6.50694e-07 4.96343e-07
6.61195e-07 -5.64286e-07
-1.06133e-06 -4.82135e-07
-1.21015e-06 4.73809e-08
-2.55735e-07 6.8606e-07
5.41901e-07 -6.62465e-08
-1.14193e-07 -5.10739e-07
7.69431e-07 -4.3507e-07
9.66564e-07 -2.07884e-08
4.07537e-07 -5.04326e-07
1.39556e-06 5.1128e-09
-1.03247e-06 5.70618e-07
1.3331e-06 -2.92925e-07
1.39559e-06 1.58185e-07
8.10848e-07 -6.61094e-08
-7.96446e-07 1.59541e-07
-4.51928e-08 4.78238e-08
9.86183e-07 3.05001e-07
1.32362e-06 -3.07524e-08
1.28025e-06 6.40331e-07
1.42601e-06 6.24949e-07
-1.25546e-08 3.7338e-07
-2.16211e-07 6.85661e-07
-5.66421e-07 2.33982e-07
7.56944e-07 -1.60566e-07
1.35966e-06 6.08776e-08
-1.41695e-06 -1.06168e-07
6.35219e-08 -3.69381e-07
-3.66332e-07 9.51353e-08
1.37816e-06 4.72652e-08
1.87008e-07 2.55286e-07
2.73001e-07 -4.89503e-07
-1.39028e-06 -5.6185e-07
3.36462e-07 1.66785e-08
-6.40325e-07 2.24485e-07
1.01272e-06 -3.24525e-07
-1.28699e-06 2.81664e-07
-4.70214e-07 3.1209e-07
-8.39061e-07 -4.82315e-07
4.21419e-08 3.3256e-07
4.48037e-07 -2.13568e-07
-9.37142e-07 -1.05005e-07
1.19302e-06 4.58426e-07
4.95211e-07 -6.7943e-07
-9.50168e-07 -2.10374e-07
-1.29523e-06 -3.50394e-07
6.27344e-07 -6.72549e-07
7.30449e-07 5.85638e-08
-1.04463e-06 -2.94192e-08
-1.35343e-06 -1.97794e-07
-5.83761e-08 5.2412e-07
-7.78663e-07 -7.60984e-08
-1.02093e-06 2.79152e-07
-8.26819e-07 2.78488e-07
6.88557e-07 4.58508e-07
3.61665e-07 3.96953e-07
6.79099e-07 -6.42823e-07
8.94318e-07 9.70065e-09
-1.38708e-06 -2.68837e-07
-3.1071e-07 -4.4162e-07
4.5738e-07 2.83213e-07
-7.46618e-07 -2.40217e-07
8.84979e-07 -3.77613e-07
-9.07698e-07 -1.33145e-07
1.01504e-06 1.52049e-07
9.8031e-07 -5.48931e-07
2.61773e-07 -6.79e-07
1.26612e-06 6.85133e-07
9.90911e-07 7.47281e-08
5.37343e-07 2.93171e-08
-8.93214e-07 3.35967e-08
-5.66467e-08 7.73673e-08
8.0248e-07 1.60306e-07
-1.98311e-07 -5.35543e-07
-8.5217e-07 1.30946e-07
6.62791e-07 4.20058e-07
-3.63403e-07 2.22414e-08
-7.7518e-08 -3.26797e-07
-3.73557e-07 6.45546e-07
-9.15895e-07 4.52481e-07
1.36366e-06 5.47942e-07
7.65335e-07 -5.462e-07
8.11782e-07 5.6153e-07
-1.81756e-07 4.10624e-07
9.18269e-07 5.20984e-07
1.06972e-06 -7.12718e-08
1.43445e-07 2.77103e-07
-1.02058e-06 -2.58017e-07
-2.2624e-07 -5.13421e-07
-5.60667e-08 6.58916e-07
1.69365e-07 -3.4096e-07
-1.32543e-06 -2.80159e-07
2.56162e-08 -1.75191e-07
-5.78751e-07 4.46889e-08
3.26719e-10 -4.46311e-07
1.33526e-06 4.4868e-07
1.67763e-07 -1.9469e-07
-1.0681e-06 -5.01736e-07
-5.14038e-07 -5.58989e-08
-9.17475e-07 6.86704e-07
1.28317e-06 3.28806e-07
9.63996e-08 -5.94999e-07
-8.32451e-07 -2.80081e-07
4.50182e-08 -1.37143e-07
6.44004e-07 -5.77692e-09
