-1.46445e-07 -1.50617e-07
1.00385e-08 3.42373e-07
1.31695e-06 -1.59082e-07
-1.35424e-06 -8.53842e-08
1.17399e-06 -3.11448e-07
-4.58676e-07 4.48512e-07
-4.7019e-07 -3.24335e-07
-1.40625e-07 7.69008e-08
4.12077e-07 1.19353e-07
-1.42521e-06 2.31293e-07
4.09213e-07 -5.20091e-07
3.75922e-08 -1.73593e-07
-2.06153e-07 -4.20413e-08
-9.6453e-07 5.70821e-08
-2.7952e-07 -4.21313e-09
2.2499e-07 6.19779e-07
-7.23585e-07 4.74249e-08
1.54952e-07 -2.77377e-07
6.53954e-07 -1.44142e-07
1.99421e-07 2.12043e-07
1.31266e-06 -4.63728e-08
-9.60017e-07 4.61788e-07
-3.37181e-08 6.13794e-08
2.66275e-07 2.30075e-07
2.68084e-07 3.62691e-07
1.09586e-06 -5.27093e-07
-1.1559e-06 3.14731e-07
-5.3219e-07 -1.86724e-07
1.09339e-06 3.53416e-07
2.36376e-07 -3.48622e-07
-1.25552e-06 1.62802e-07
2.0494e-07 2.07995e-07
3.89314e-07 2.45902e-07
1.36994e-07 5.38817e-07
-7.1633e-07 3.74254e-07
9.39286e-07 2.12316e-07
1.19473e-06 -5.712e-07
8.88363e-07 6.32265e-07
9.04972e-07 2.15669e-07
-1.44933e-07 -8.55591e-08
1.0776e-06 7.03924e-08
-1.06171e-06 7.14215e-08
1.32176e-06 -1.88546e-07
8.14486e-07 3.70312e-07
5.83466e-07 5.82386e-07
-3.07068e-07 4.29906e-07
-4.105e-07 -2.13956e-07
-4.13114e-07 3.09434e-07
-7.11886e-07 1.87894e-08
6.70993e-07 3.9667e-07
1.2374e-06 -3.39999e-07
2.0173e-08 2.03173e-07
1.21208e-06 -2.69697e-07
-1.10322e-06 2.39332e-07
6.49551e-07 4.5749e-07
1.34823e-06 7.60318e-08
1.06748e-06 -4.49278e-07
4.91136e-07 6.08197e-07
-8.05922e-07 -3.0783e-07
-1.12351e-07 -1.50109e-07
-7.05033e-07 5.63572e-07
-2.33286e-07 -5.19604e-07
6.49652e-07 -3.63343e-07
-5.98414e-07 3.63711e-07
4.08031e-07 6.71958e-08
-3.55283e-07 -3.59247e-07
-1.09561e-06 -6.58095e-07
6.05147e-07 4.01405e-07
-1.33874e-06 4.08175e-07
9.73326e-07 -5.3308e-07
-4.37228e-07 4.01178e-07
5.62007e-07 -6.48994e-07
-5.61726e-07 4.04046e-07
-9.72864e-07 4.85097e-07
3.23615e-07 -2.0593e-07
-8.99503e-07 -3.47424e-07
-2.75611e-07 3.63155e-07
1.73529e-08 -4.514e-07
-8.14463e-08 -2.04559e-07
4.70629e-07 -4.36216e-07
1.33776e-06 1.52151e-07
-5.53082e-07 -2.72096e-08
6.20518e-07 -6.88796e-07
-8.28509e-07 -3.47051e-08
5.76055e-07 -6.64825e-07
-1.31818e-06 2.83083e-07
7.94263e-07 -6.12602e-07
-5.17218e-07 3.90296e-07
1.16508e-06 -4.98645e-07
-3.24931e-07 5.23037e-07
6.85569e-07 -6.90436e-07
-4.48531e-07 4.74556e-07
-7.76309e-07 3.1687e-07
5.88431e-07 3.3574e-07
5.05017e-07 -5.7014e-08
1.22743e-06 2.20827e-07
1.00561e-06 -5.29774e-07
-6.53265e-07 -5.05549e-07
-8.73459e-07 -5.11769e-07
1.01716e-06 -3.67713e-07
-6.95897e-08 4.11234e-07
-2.33006e-07 -1.96999e-07
-2.46075e-07 -4.29852e-07
3.71931e-07 -2.48628e-07
1.40033e-06 6.40093e-07
7.49911e-07 -3.26169e-07
7.39147e-07 -5.89239e-07
-1.19292e-06 -4.92442e-07
-1.41672e-06 -1.02405e-07
1.85381e-07 -6.801e-07
-2.8669e-08 -1.92057e-07
1.379e-06 -6.44167e-07
5.85199e-07 1.91764e-08
-3.972e-07 -1.52925e-07
1.08464e-06 -4.30762e-07
1.54332e-07 -4.11223e-07
5.83279e-07 -6.29427e-07
4.18839e-07 3.56945e-07
1.42518e-06 -5.87683e-07
-1.33454e-06 5.39582e-07
-1.20481e-06 -4.50908e-07
6.68351e-07 -5.08967e-07
-5.45519e-07 6.69011e-07
-1.30935e-06 -1.66811e-07
-3.36948e-07 4.68809e-07
-7.22387e-07 -6.40723e-08
-6.24855e-07 4.60429e-07
-6.45793e-08 2.36315e-07
-7.25379e-07 -2.59314e-07
-1.91836e-07 4.80078e-07
1.39047e-08 2.31064e-07
3.12784e-07 -4.43651e-07
1.41677e-06 4.18488e-07
1.40627e-06 3.30646e-07
4.32632e-07 2.54931e-07
1.21161e-07 5.72527e-07
6.10115e-07 -4.90239e-07
-4.45846e-07 -4.06013e-07
7.36059e-07 1.78527e-07
-3.12736e-08 -7.73997e-08
-1.39039e-06 -4.07958e-08
-6.83119e-07 3.75011e-07
-4.97116e-07 -6.6817e-07
-3.3586e-07 5.23403e-07
3.73403e-07 -6.09579e-07
-1.04201e-06 3.92014e-08
7.11601e-07 5.39416e-07
-2.75704e-08 -1.24625e-07
-1.80693e-07 -6.28943e-09
6.54859e-07 -4.45673e-07
-1.01278e-06 3.87035e-07
4.58219e-07 5.52337e-08
-4.1251e-07 4.00468e-07
2.26797e-07 -4.43416e-07
-6.35759e-07 -3.16126e-07
-1.48414e-07 -5.04905e-07
-7.5898e-07 -4.55389e-07
-7.26988e-07 -6.29948e-07
9.48284e-07 -4.28887e-07
-4.9924e-07 -4.25782e-07
1.24616e-06 -1.36135e-07
-7.29887e-07 2.13075e-07
-5.62236e-07 6.23559e-07
-9.0837e-07 5.07289e-07
1.23491e-07 2.50037e-07
-9.39573e-07 -1.50023e-07
-5.99013e-07 2.48563e-07
-1.038e-06 6.77936e-07
1.07726e-06 -8.34655e-08
-4.8444e-08 -5.58471e-07
7.17812e-07 -2.10532e-08
1.54637e-07 6.51397e-07
-1.21402e-06 2.31913e-07
5.55165e-07 1.78294e-07
8.37337e-07 4.4746e-07
-1.38252e-06 4.53617e-07
-8.63075e-07 -3.00355e-07
1.38398e-06 -3.21722e-07
-8.80069e-07 -2.63145e-07
9.42543e-07 -4.00926e-07
-2.02725e-07 3.23818e-07
7.68662e-08 1.9922e-07
-3.56692e-07 5.4786e-10
-7.75792e-07 3.50386e-07
8.196e-07 -7.02632e-08
4.14701e-07 -6.11515e-08
-2.00698e-07 -2.0274e-07
1.02151e-06 6.95916e-07
3.04143e-07 4.6485e-07
-1.23589e-06 -6.74909e-07
3.87516e-07 -4.82405e-07
1.3972e-08 2.78663e-08
-1.00911e-06 -5.27853e-07
-8.91199e-07 -2.30905e-07
-8.82554e-07 3.16364e-07
1.22251e-06 -1.69902e-08
9.72656e-07 -4.69795e-07
9.7815e-07 -5.69592e-07
5.3093e-07 -1.50202e-07
2.91621e-07 5.81116e-07
-1.06822e-06 -4.95721e-07
-7.23752e-07 1.81498e-07
-4.46399e-07 -3.97561e-07
8.64119e-08 3.58848e-07
8.54019e-07 2.6831e-07
7.48648e-07 1.56851e-07
6.41782e-07 -5.18402e-07
7.14032e-07 -4.31716e-08
-4.84555e-07 3.50407e-07
8.15785e-08 4.38357e-07
1.64572e-07 2.02239e-07
-1.26649e-06 -3.55942e-07
-8.30168e-07 1.56508e-07
-8.52882e-09 3.28624e-07
1.18938e-06 -6.87842e-07
1.27213e-06 6.05295e-07
-1.06091e-06 -1.74579e-07
5.92326e-07 8.42923e-08
-5.3851e-07 5.08748e-07
-1.78522e-07 1.81418e-07
1.10988e-06 6.27984e-07
4.69845e-07 -3.5e-07
-1.21429e-06 -1.57103e-07
-3.33535e-07 3.1657e-07
-6.94877e-07 3.62493e-07
5.75774e-07 6.8433e-07
5.50189e-07 4.87626e-07
-1.40612e-06 -4.31295e-07
-3.28002e-07 6.16169e-07
4.75248e-07 -2.12912e-07
8.50427e-09 -5.93988e-07
4.69154e-07 -4.90647e-07
6.04967e-07 1.8769e-07
-8.7257e-07 -3.33066e-07
-4.87108e-07 -4.05544e-07
-5.34103e-07 -6.9615e-07
-2.27119e-07 4.49485e-07
-7.23067e-07 2.54278e-07
2.96367e-07 1.41433e-07
8.3676e-07 -1.11646e-07
1.17546e-06 -4.82628e-07
1.65571e-07 -5.83191e-07
-1.6641e-07 4.02994e-07
-5.05694e-07 5.83456e-07
1.33253e-06 3.46506e-07
7.24765e-07 -6.1989e-07
8.16037e-08 -3.81059e-07
1.44999e-06 5.75438e-07
-9.41462e-07 -6.29864e-07
7.50597e-09 6.65317e-08
1.01811e-06 4.72328e-07
-7.60149e-07 1.4289e-07
2.0825e-07 -5.69803e-07
-4.41841e-07 5.6603e-07
1.21969e-06 -4.81073e-07
-1.21648e-06 6.66805e-07
3.83457e-07 -5.01095e-08
7.4041e-07 -2.582e-07
-8.64339e-07 -3.90882e-09
-1.02847e-06 -1.02064e-07
-5.40555e-07 2.86105e-07
9.09189e-07 -2.2658e-07
-1.08091e-06 -1.93181e-07
-1.04629e-06 -1.32945e-07
-5.19032e-07 -6.89112e-07
-1.20582e-06 3.85373e-07
-4.33824e-07 4.33597e-07
1.01557e-06 1.31443e-07
-9.75228e-07 6.41239e-08
-7.22564e-07 -2.07503e-07
-4.85032e-07 -6.60552e-07
3.90849e-07 3.43185e-07
-7.00775e-07 3.5116e-08
-2.8537e-07 -5.06948e-08
6.15904e-07 2.52739e-07
-2.2038e-07 -6.09779e-07
-3.03782e-07 -2.83605e-08
9.05649e-07 4.43098e-07
-8.72046e-07 2.4761e-07
4.73779e-07 5.46783e-07
1.35094e-06 -1.2666e-07
6.26867e-07 -3.44068e-07
-2.76032e-07 -3.08556e-07
1.13771e-06 -2.1165e-07
8.70864e-07 2.94138e-07
-3.7297e-07 -3.10241e-07
-4.34791e-07 5.41703e-07
2.6746e-07 6.66723e-07
9.10772e-07 -2.57863e-07
1.0048e-06 2.72752e-07
-9.87188e-07 -6.73527e-07
-5.89468e-07 1.8224e-07
7.88826e-07 -6.59308e-07
5.41429e-07 -2.9818e-07
-5.36555e-07 3.16741e-07
-8.91211e-07 2.74043e-07
1.31477e-06 2.43122e-08
3.81281e-07 9.79081e-08
1.29366e-06 -3.93997e-07
7.31099e-08 3.95196e-07
-1.76051e-07 5.5259e-07
-1.3725e-06 6.4694e-07
-7.56078e-07 6.6446e-07
-2.70924e-07 5.22267e-07
1.09247e-07 -5.92322e-07
3.04793e-08 -4.48685e-07
8.27114e-08 -5.89387e-07
-1.27747e-06 4.87065e-07
-3.65907e-07 6.49803e-07
4.35579e-07 -5.02013e-07
-1.02706e-06 -2.25527e-07
8.1803e-07 5.81827e-07
5.57234e-07 6.12215e-07
8.10127e-07 2.54435e-07
2.8254e-08 -1.75419e-07
1.00579e-06 2.6854e-07
1.33901e-06 1.0336e-08
-1.28128e-07 5.5135e-07
-1.29759e-06 6.65501e-07
3.36029e-07 -3.95659e-07
-4.5799e-08 2.79324e-07
3.95852e-07 6.83636e-07
-2.591e-07 5.86579e-07
1.20557e-07 -1.17421e-07
-1.47549e-07 -2.378e-07
1.29217e-06 -1.74685e-07
-1.9067e-07 -6.31088e-07
3.89148e-08 2.43293e-07
1.29656e-06 -2.44847e-07
1.33736e-06 3.89398e-07
1.33171e-06 3.98954e-07
1.35936e-06 6.097e-07
1.86161e-07 -1.43538e-07
-9.86525e-07 -2.53097e-07
-4.79654e-07 -2.64074e-07
-7.38188e-07 2.50685e-07
-1.11878e-06 -3.52634e-07
8.70238e-07 2.26407e-07
1.12094e-06 8.76361e-08
-4.16151e-07 -1.62326e-07
-5.84008e-07 -2.53859e-07
-8.27884e-07 1.51632e-08
-1.20101e-06 -2.69907e-07
-2.06222e-07 -5.51277e-08
4.457e-07 -7.95816e-08
-1.7971e-07 -3.97236e-07
-1.0184e-06 -4.28602e-07
1.26138e-06 1.60147e-07
7.1577e-07 -3.57786e-07
-4.42564e-07 3.04893e-07
-5.34704e-08 -8.81022e-08
1.28286e-07 5.12562e-07
-1.57261e-07 -1.52716e-07
7.06774e-07 -6.73032e-07
1.09416e-06 5.47961e-07
1.19908e-06 -2.31454e-07
-1.32261e-06 -4.09777e-07
-5.79662e-07 -2.36071e-07
-8.98431e-07 6.29032e-07
5.86405e-07 3.66648e-08
-1.26986e-06 -2.17384e-07
2.96217e-07 4.46722e-07
-7.37635e-07 3.67165e-07
-1.32263e-06 -2.70299e-07
1.25916e-06 -1.43282e-07
5.87143e-07 -4.54048e-07
4.17479e-07 5.55357e-08
-1.65173e-07 -3.19653e-07
-2.22613e-07 3.28875e-09
-1.29184e-07 4.75575e-07
-2.94896e-07 4.81815e-07
-9.03123e-07 4.18227e-07
-4.17269e-07 -7.5497e-08
-1.08362e-06 -6.47792e-07
2.21696e-07 -4.08797e-07
5.43191e-07 -5.05984e-07
-1.13041e-06 -2.10429e-07
-6.30714e-07 2.42984e-07
-1.6895e-07 5.38197e-07
6.13517e-07 4.32399e-07
1.24622e-06 6.09377e-07
-5.26323e-07 -1.16635e-07
7.45586e-07 -6.87519e-07
2.49171e-08 -4.23703e-07
9.24505e-08 3.21427e-07
3.97187e-07 2.93545e-08
1.33662e-06 5.71969e-07
6.97687e-07 -3.23447e-08
8.07603e-07 -2.58112e-07
1.17489e-06 5.24133e-07
1.88426e-07 -2.50668e-07
1.80061e-07 3.84178e-07
1.36342e-06 -5.69028e-07
4.3609e-07 3.0186e-07
-1.07983e-06 1.13177e-09
2.24182e-07 -2.51869e-07
1.89818e-07 -4.79565e-07
3.82579e-07 -5.07636e-07
3.0469e-07 -2.7183e-07
-1.03492e-06 -3.0344e-07
3.96598e-07 6.03686e-07
2.57757e-07 -6.86048e-07
1.38258e-06 6.26292e-07
8.05855e-07 -1.53074e-07
-1.24574e-06 -6.09254e-07
-5.96366e-07 -2.54343e-07
-3.21615e-07 5.80046e-07
5.04491e-07 -2.58888e-07
5.57455e-07 -2.80105e-07
-8.10787e-07 -1.89775e-07
-3.12089e-07 2.70919e-08
-9.54414e-07 6.40377e-07
9.23658e-07 4.26847e-07
-1.12114e-06 -4.85899e-07
-9.40474e-07 1.52864e-07
-6.85578e-08 4.65521e-07
-1.01767e-06 -5.81643e-07
-6.8587e-07 -4.33438e-07
-4.21951e-07 -1.83501e-07
-1.16368e-06 2.81137e-07
-5.8794e-07 -1.73555e-07
-8.71451e-07 2.52184e-07
3.79744e-07 5.73914e-07
-1.47908e-07 -1.57833e-07
8.82889e-07 4.6192e-07
3.16833e-07 -4.37078e-07
7.83341e-07 3.49148e-07
4.16365e-07 -6.87415e-07
5.24084e-07 -4.69925e-07
-2.4908e-07 4.29298e-07
1.08393e-06 -6.18441e-07
-1.58834e-07 7.05081e-09
1.02531e-06 -2.10688e-07
4.00936e-08 5.3387e-08
6.15555e-07 2.16753e-07
5.23893e-07 -2.03641e-07
1.1648e-06 -1.69476e-07
-3.8016e-07 5.07613e-07
7.38743e-07 1.86028e-07
1.36658e-06 -8.85428e-08
-1.19451e-06 -5.23745e-07
-1.04376e-06 -2.63062e-07
-1.84878e-07 -1.05172e-07
-1.01882e-06 -6.07462e-07
-5.06636e-07 -2.91443e-07
-1.18389e-06 -3.09675e-07
1.30922e-06 -1.14974e-08
-6.93825e-07 -3.83676e-07
1.23552e-06 3.71199e-07
8.99554e-07 -4.84695e-07
-1.22393e-06 4.58318e-07
-9.96229e-07 -1.12368e-07
5.29551e-07 9.49176e-08
5.45705e-07 3.74793e-07
-9.1701e-08 -9.99062e-08
-6.5923e-07 2.96512e-08
1.02751e-07 1.21417e-07
3.54873e-07 -1.52752e-08
4.56293e-07 -1.10752e-07
-1.39619e-06 3.0501e-07
-1.41646e-06 6.5574e-07
-9.918e-08 -4.10115e-07
-6.63035e-07 3.73323e-07
5.89031e-07 -3.01509e-07
-7.11983e-08 1.57481e-07
-1.38297e-06 2.48604e-07
8.89923e-07 3.40935e-07
1.09435e-06 -2.06251e-07
6.71489e-07 -3.69182e-07
-4.65531e-07 6.04395e-07
2.56468e-08 4.80637e-07
1.20083e-06 1.01611e-07
-1.05807e-06 1.18326e-07
1.54764e-08 -5.89877e-07
-1.10086e-06 1.17493e-07
1.18371e-06 -5.73767e-07
-1.40683e-06 -2.1614e-07
1.06551e-06 2.87002e-08
4.01354e-07 -6.51728e-07
1.20743e-06 2.94584e-07
-2.47279e-07 6.43822e-07
9.76527e-08 9.97703e-08
3.88268e-07 4.62068e-07
-1.17523e-06 -5.64778e-07
-1.06513e-06 6.27684e-08
9.32374e-07 -4.33922e-07
1.04076e-06 3.16173e-07
-2.70881e-07 4.14639e-07
-1.24798e-06 5.88631e-07
1.01087e-06 -2.29369e-07
6.22309e-07 -3.55537e-07
4.44667e-07 -1.1597e-07
4.01004e-07 -9.21872e-08
-1.29746e-06 6.85183e-07
1.05537e-08 -5.78138e-07
-1.92576e-07 -5.14834e-07
1.37524e-06 2.44043e-07
5.23161e-07 -1.34746e-07
1.40037e-06 1.91809e-07
6.49287e-08 3.27928e-07
-1.3983e-06 4.65379e-07
1.32338e-06 -3.72803e-07
-4.53124e-07 -5.2237e-07
1.3218e-06 -6.65836e-07
8.65055e-08 -4.38744e-08
-8.31541e-07 4.42701e-07
3.53023e-07 5.14921e-07
-2.02519e-07 4.0118e-07
1.24898e-06 1.01749e-07
1.20441e-06 4.36505e-07
-7.68458e-07 -6.65421e-07
-1.17629e-06 -6.06076e-07
-8.12174e-07 3.30927e-07
-1.19343e-06 4.17727e-07
-1.80727e-07 -9.30026e-10
9.43442e-07 5.24791e-07
-1.17745e-06 -2.24432e-07
-5.13204e-07 -5.97542e-07
2.60377e-07 -1.40147e-07
3.25107e-07 -5.60573e-07
-4.97934e-07 -3.94551e-07
-9.1716e-07 4.38826e-08
2.38255e-07 -6.68631e-07
-4.96465e-07 -5.3635e-07
6.5339e-08 3.49588e-07
-1.10874e-06 2.13138e-07
-1.18801e-06 5.09472e-07
8.02329e-07 -3.90879e-07
-4.11823e-08 -4.19521e-07
6.519e-07 6.93395e-08
4.32752e-07 6.75003e-07
-1.4424e-06 3.34987e-07
-1.32216e-06 -6.33202e-08
1.29855e-06 4.07375e-07
8.16789e-07 2.72829e-07
-1.9425e-07 2.83624e-07
9.75652e-07 2.45129e-07
-1.00921e-06 2.93257e-07
-4.29566e-08 -1.46743e-07
5.23422e-07 -2.35339e-07
-2.80833e-07 4.49466e-07
-1.13979e-07 4.74843e-07
1.14998e-06 -4.86364e-07
2.36937e-08 6.05294e-07
7.56783e-07 -4.64197e-07
-1.16387e-06 -3.86587e-07
3.61524e-07 4.7687e-07
5.60168e-07 4.82573e-07
-4.31639e-08 -3.99571e-08
-1.00787e-06 2.46875e-07
-1.27668e-07 6.63098e-07
-1.44432e-06 -3.37271e-07
1.33406e-06 -2.49997e-07
1.42048e-06 -6.97212e-07
-2.79042e-07 -8.87386e-08
-8.36098e-07 -4.08854e-09
9.87242e-07 1.50997e-07
1.45663e-08 -3.98829e-07
-6.04095e-07 6.63571e-07
-1.02433e-06 2.31971e-07
3.96556e-07 4.4967e-07
-8.21555e-07 4.92032e-07
5.07854e-07 2.00831e-07
1.41216e-06 2.29151e-07
-1.35717e-07 -1.76127e-07
-2.95654e-07 6.07722e-07
5.05817e-07 1.18886e-07
-1.30068e-06 -6.21866e-07
-2.95072e-07 4.41769e-09
1.25845e-06 1.68548e-07
1.17392e-06 1.61827e-07
1.12154e-06 -6.45063e-07
7.87726e-07 2.47974e-07
-1.12958e-06 -6.76567e-07
8.15804e-07 -1.17209e-07
8.09954e-07 -4.52204e-07
-8.06236e-08 4.94842e-07
-7.4587e-07 -3.32555e-07
1.38331e-06 2.51141e-07
1.41097e-06 3.93886e-07
2.90628e-07 1.21315e-07
4.53611e-07 -5.31134e-07
1.36922e-06 -2.09699e-07
-1.27156e-06 1.66251e-08
-1.18082e-07 -4.58556e-07
-1.32442e-06 -2.03821e-07
-2.17443e-07 1.14585e-07
2.56221e-07 2.90961e-07
2.28768e-07 -6.00667e-07
1.10874e-06 -4.27369e-07
2.57683e-07 1.64927e-07
-7.14259e-07 -3.9412e-07
-1.27245e-06 5.33817e-07
1.00915e-06 5.7224e-07
-9.06455e-07 -2.04997e-07
-9.68305e-07 -4.27655e-07
4.23153e-07 5.8592e-07
1.12708e-06 5.09553e-07
-1.40593e-06 -2.91798e-07
1.0679e-07 -1.70362e-07
-1.14661e-06 -3.41467e-08
-1.15025e-06 3.31433e-07
-7.59301e-07 -1.80764e-07
-3.11918e-08 3.06136e-07
1.16618e-07 6.4876e-08
-6.79339e-07 -4.49415e-07
-2.82355e-07 1.2e-07
-4.51949e-07 -5.83952e-07
-3.58196e-08 -4.29437e-07
-6.50433e-07 3.48677e-07
-1.63656e-07 -5.92703e-08
-1.26351e-06 -2.64211e-07
-2.78333e-07 6.19967e-07
5.26259e-07 -6.7188e-07
-1.17923e-06 2.70854e-07
1.94961e-07 1.00182e-07
-1.02544e-06 -5.48671e-07
6.09364e-07 6.51498e-07
1.14735e-06 6.94965e-07
4.95888e-10 1.1413e-07
-9.66393e-07 -2.72756e-07
6.75677e-07 -6.88085e-07
3.92545e-07 1.14211e-08
4.97243e-08 6.73459e-07
9.35598e-07 -4.84128e-07
-8.46475e-07 2.03964e-07
-5.97661e-07 -6.27924e-07
-6.45491e-07 6.00012e-07
-1.40169e-06 -6.93889e-07
-3.96986e-07 1.61895e-07
-5.25012e-07 -2.61592e-07
8.77355e-07 -5.14978e-07
-1.29205e-06 -4.64285e-08
-1.23633e-07 9.22383e-08
-5.00241e-07 6.14884e-07
-4.62986e-07 6.97055e-07
-1.54286e-07 -4.18486e-08
4.33777e-07 -3.41594e-07
-2.79773e-07 -3.12319e-07
3.55457e-07 -5.57774e-07
-4.41351e-08 5.12868e-07
-1.17565e-06 3.99012e-07
6.81132e-07 -3.40131e-07
-6.38824e-07 5.63937e-07
5.0978e-07 1.96907e-07
1.09588e-06 -5.31491e-07
-4.70075e-07 6.44553e-07
-1.43935e-06 -3.97979e-08
1.44206e-07 4.03726e-07
5.09753e-07 -2.9634e-07
2.07725e-07 -3.71179e-08
3.61166e-07 3.30621e-08
1.7696e-07 -4.35902e-07
1.12704e-06 -1.6261e-07
-2.20737e-07 3.39228e-07
8.90179e-07 -4.23844e-07
1.21986e-06 6.3873e-07
-3.29732e-07 1.28572e-07
-1.01212e-06 -2.53498e-08
-9.13822e-07 3.36163e-07
3.60087e-07 2.55967e-07
-1.23667e-06 2.50124e-07
-1.31284e-06 -5.52004e-07
-5.10262e-07 8.17374e-09
-1.34736e-06 -1.91955e-07
-1.10401e-06 -1.90767e-07
1.79773e-08 -6.90402e-07
3.42441e-07 -4.2962e-07
-8.20681e-07 -8.56692e-08
-8.23808e-07 -5.57193e-07
-1.16614e-06 1.6938e-07
7.94855e-07 3.88374e-07
1.25525e-06 -4.79173e-07
-6.77393e-07 1.42573e-07
-1.40353e-06 6.44408e-07
-1.26239e-07 -5.73102e-07
-6.87532e-07 1.55162e-08
-9.31761e-08 4.31086e-07
-1.36096e-06 4.20619e-07
5.48088e-07 4.25717e-07
7.45923e-07 2.56823e-07
-1.4359e-07 -3.89669e-07
4.81931e-07 -3.90789e-07
-1.36371e-06 1.82583e-07
2.56737e-08 1.84083e-07
-1.0615e-06 -3.50301e-07
-9.93721e-07 -3.56367e-07
5.77224e-07 -1.80833e-07
2.31323e-07 -5.71908e-07
-8.60145e-07 -5.26198e-07
-1.11132e-08 -3.91142e-08
7.17615e-07 -2.95783e-07
-6.7788e-07 1.16693e-07
-1.01831e-06 -3.58194e-07
1.29072e-06 -1.07214e-07
2.33221e-07 -2.2839e-08
-1.28607e-06 2.88141e-07
9.85292e-07 3.60993e-07
5.41207e-07 -7.63724e-08
-4.28299e-07 -6.10586e-07
2.00159e-07 -9.28948e-08
-6.49397e-07 -2.79921e-07
1.30002e-06 -2.05222e-08
9.43551e-07 4.85521e-07
1.06867e-06 6.07595e-07
-1.41408e-06 3.29347e-07
9.29136e-07 4.63312e-07
2.74751e-07 6.19371e-09
-6.29248e-07 5.28638e-07
9.55561e-07 4.1375e-07
1.19511e-06 1.87669e-07
7.57875e-07 6.24374e-08
-8.35252e-08 8.59237e-08
5.49398e-07 -2.73284e-07
-8.93566e-07 2.80622e-07
5.75195e-07 2.47152e-07
1.00657e-06 -3.16525e-07
-6.39378e-07 4.65323e-07
1.25508e-06 -3.66273e-07
-8.31088e-07 -3.09982e-07
3.07322e-07 5.46837e-09
1.03151e-06 -5.13577e-07
-1.17025e-07 -4.17134e-07
-5.89708e-07 -5.9075e-07
-6.93601e-07 6.32431e-07
-9.70859e-07 -2.74729e-07
9.99108e-07 -2.81142e-07
1.30384e-07 3.29249e-07
1.65123e-07 1.6884e-07
-1.73974e-07 6.87015e-07
2.14092e-07 5.31136e-07
4.81994e-07 -6.59723e-07
1.10583e-07 4.42124e-07
6.87637e-07 3.2627e-07
8.2143e-07 4.2181e-07
-1.85503e-07 -2.10051e-07
1.08102e-06 -2.72473e-07
1.29628e-06 -6.49053e-07
-2.20015e-07 5.15351e-07
-7.69662e-07 2.51302e-07
-4.07815e-07 -4.95565e-07
1.2781e-06 -2.03834e-07
4.9174e-07 -5.74917e-07
6.31868e-07 -6.33905e-07
9.49506e-07 -1.79401e-07
-4.6647e-07 -5.2732e-07
-4.36649e-07 3.84814e-07
1.07821e-06 8.46501e-09
-1.72269e-07 -5.07069e-07
9.2712e-07 5.9701e-07
7.37666e-07 -3.33268e-07
1.43139e-06 3.61689e-07
8.03865e-07 3.74244e-07
-7.7387e-07 6.91352e-07
-2.86433e-07 3.39391e-07
-5.68292e-07 -6.60898e-07
-1.80833e-07 -2.11286e-07
1.32337e-06 -1.79222e-07
1.14186e-06 -6.07243e-07
-8.74568e-07 -4.08567e-07
3.97873e-08 -1.38634e-07
-3.67934e-07 -5.07438e-07
-1.44311e-06 -1.00012e-07
-4.62034e-07 7.50531e-08
-4.2215e-07 -2.08313e-07
-1.26982e-06 5.81552e-07
6.86074e-07 5.88308e-07
-1.15671e-06 6.67769e-07
-1.02733e-06 5.02563e-07
8.87976e-07 6.7647e-07
-6.5253e-08 5.85343e-07
4.51765e-07 1.22301e-07
-5.14991e-07 -4.89684e-07
4.47636e-07 -1.74834e-07
-1.99429e-08 4.42548e-07
5.04656e-07 -1.66931e-07
-1.2167e-06 -3.67438e-07
1.11132e-06 -5.93858e-07
-1.05621e-06 -3.1311e-07
-6.7621e-07 4.45189e-07
-4.8785e-07 -2.30285e-07
1.36573e-06 -6.03532e-07
-1.0079e-06 4.3631e-07
8.35626e-07 -1.64284e-07
7.78744e-07 -5.66398e-07
-1.99609e-07 -7.3758e-08
1.86341e-07 1.98588e-07
8.91182e-07 6.88876e-07
1.3506e-06 -3.04901e-07
-6.9057e-07 4.4256e-07
-7.61772e-07 -5.38735e-08
-5.15326e-08 -5.48342e-07
-6.92777e-07 1.0972e-07
-1.18532e-06 -3.54267e-07
2.12165e-07 -3.9928e-07
6.36508e-07 -7.91453e-08
6.71086e-07 3.55195e-07
2.67033e-07 2.69658e-07
-1.29623e-06 -5.65803e-07
4.45205e-07 -6.23488e-07
-8.09717e-07 2.67856e-07
-1.21834e-06 3.1532e-07
8.82759e-07 -3.22173e-07
-2.35838e-08 1.6689e-07
1.3739e-06 -1.11455e-07
1.91609e-08 6.60122e-07
1.42733e-06 -5.02557e-07
-1.32995e-06 -2.75944e-07
8.87657e-07 4.60682e-07
4.93158e-07 9.81509e-08
-9.3807e-07 6.21732e-07
-7.20146e-07 -1.2193e-07
9.56416e-07 -5.20562e-07
-1.38068e-06 6.41121e-07
9.33918e-07 4.43899e-07
5.1886e-07 4.32964e-07
-4.93392e-07 -5.40914e-07
4.37027e-07 -6.08703e-07
-2.63246e-07 6.98593e-07
-1.11565e-06 -5.31047e-07
2.27414e-07 6.30725e-07
-7.84405e-08 5.61522e-07
8.6057e-07 -2.37228e-07
1.0506e-06 3.16547e-07
-1.14721e-06 3.21234e-07
-1.22605e-06 -2.88564e-07
-9.90641e-07 -5.75439e-07
-1.25562e-06 -1.24171e-07
9.69091e-07 5.0809e-07
-1.34119e-06 3.68734e-07
1.44092e-06 -5.40034e-07
8.31459e-07 8.36769e-08
2.98546e-07 5.77347e-07
6.98157e-09 4.01254e-07
-9.64567e-07 -1.92119e-07
-5.41681e-07 1.23572e-07
-1.38547e-06 1.33247e-07
-1.145e-06 2.86978e-08
-8.02012e-07 -6.80683e-07
5.41731e-07 -6.95999e-07
-4.37587e-07 -4.27347e-07
4.25625e-07 -1.6511e-07
-5.06553e-07 -5.59421e-07
1.18501e-06 6.22396e-08
-1.29119e-06 -6.19729e-07
-5.86243e-08 -3.89107e-07
1.33972e-06 1.04992e-07
5.20141e-07 5.36248e-08
-1.1291e-06 5.05575e-07
-4.64022e-07 2.78278e-09
1.39383e-06 3.34474e-08
-9.83795e-07 5.75334e-07
1.71185e-07 -6.83155e-07
3.74514e-07 -1.98903e-07
-8.87145e-07 6.01377e-07
-6.42646e-08 4.63075e-07
9.47029e-07 -2.91821e-07
3.19865e-07 2.29537e-07
-1.30585e-07 -6.73521e-07
-4.90608e-07 -1.10317e-07
5.85594e-07 3.14171e-07
5.82141e-07 -6.38284e-07
5.22095e-07 -1.9642e-08
5.19039e-07 -3.0891e-09
-1.16457e-06 -1.40218e-07
9.9773e-07 1.57916e-07
1.13859e-06 -2.27725e-07
8.55133e-07 3.1675e-07
-1.85534e-07 -3.75389e-07
-1.0491e-08 1.26554e-07
-4.74392e-07 5.24128e-07
1.20587e-06 -3.44524e-07
-4.92043e-07 2.1317e-07
5.75406e-07 4.2833e-09
-1.03548e-08 6.9188e-07
1.30211e-06 3.60218e-07
1.03224e-06 -6.01237e-07
7.70171e-07 -2.83049e-07
-7.49705e-07 -3.53336e-09
-1.32082e-06 1.83628e-07
4.13978e-07 -5.18451e-07
3.3101e-07 4.82657e-07
3.26996e-08 -4.79999e-07
-1.37416e-06 1.17729e-07
-1.08099e-06 2.98123e-07
1.06722e-06 5.17488e-07
-1.08987e-07 -6.49601e-07
-1.44317e-06 -6.35241e-07
-8.00824e-07 1.94228e-07
3.44927e-07 2.18596e-07
7.45695e-07 3.42946e-07
-1.67397e-07 -5.40273e-07
-1.9842e-07 2.96322e-07
-9.69195e-07 4.64667e-07
5.76291e-07 -5.42743e-08
1.00514e-06 -5.57986e-07
4.58056e-07 4.32883e-07
-1.24762e-07 -3.11959e-09
-7.49382e-07 2.66887e-07
-3.23558e-07 3.88528e-07
1.22802e-06 -1.53812e-07
1.28322e-06 -3.391e-07
-8.04335e-07 -5.23711e-07
5.24009e-07 6.12946e-07
5.76241e-07 3.60898e-07
2.24152e-07 -5.36082e-07
-7.42527e-07 -6.97257e-07
-8.35679e-07 5.43305e-07
1.09755e-06 -1.66316e-07
-1.28989e-06 -4.19672e-07
-2.78056e-07 -1.1951e-07
-5.06602e-07 5.6712e-07
1.44348e-06 -1.04313e-07
4.02423e-07 -5.42495e-07
8.81868e-07 -1.30205e-07
-1.40299e-06 -5.20539e-07
-1.18918e-06 2.82294e-07
7.41606e-08 2.16761e-07
1.22367e-06 -3.98074e-07
-6.68509e-07 -4.57702e-07
8.80688e-07 -4.83806e-07
-7.45077e-07 6.39686e-07
1.0963e-06 -6.07149e-07
-6.24389e-07 -2.76294e-08
7.69733e-07 -5.00429e-09
-1.42263e-06 4.24774e-07
4.75469e-07 9.17285e-08
-2.27517e-07 6.60866e-07
8.10807e-07 5.06492e-07
9.39736e-07 -5.38053e-07
-5.26008e-07 -2.35667e-07
9.44835e-08 1.80551e-07
7.24812e-07 3.52444e-07
4.5666e-08 2.16917e-07
-5.64899e-07 -5.26704e-07
-5.50687e-07 3.44202e-07
4.87232e-07 6.53702e-07
1.91412e-07 -1.49051e-07
-5.55743e-07 2.49022e-07
2.8015e-07 2.221e-07
6.04153e-07 -1.27521e-07
-3.49999e-07 2.03764e-07
1.20225e-08 -9.80368e-08
9.77625e-09 7.55874e-08
-5.76349e-07 -4.21806e-07
-8.28953e-07 -2.72995e-07
-7.85687e-07 -5.72222e-08
-1.28211e-06 -2.72769e-07
1.29671e-06 6.63516e-07
-1.14176e-06 5.58085e-07
-8.49677e-07 1.71295e-08
-2.13266e-08 1.78852e-07
-6.4677e-07 5.54789e-07
2.21849e-07 -1.90372e-07
-9.51348e-07 -1.14535e-07
-1.20079e-06 -4.36335e-07
-9.17495e-07 -4.01623e-07
2.03622e-07 6.01445e-07
1.33703e-07 1.97588e-07
1.04439e-06 3.37444e-07
7.81041e-07 5.68988e-07
-5.71469e-07 2.44655e-07
-5.45606e-07 -1.61187e-07
-4.80279e-08 3.80515e-07
-6.61694e-07 -1.54575e-07
8.13547e-07 6.84732e-07
-3.55769e-08 3.37712e-07
1.24301e-06 4.55234e-07
-2.19113e-07 -5.60785e-07
1.70825e-07 5.41959e-07
1.35889e-09 -4.8898e-07
-2.89088e-07 -1.73354e-07
-1.26435e-06 -6.99764e-07
5.51356e-07 2.89265e-07
-1.31745e-06 3.69276e-07
-9.59205e-07 -4.26526e-07
-4.30998e-07 -4.22036e-07
6.27273e-07 -6.60262e-07
5.76253e-07 5.22022e-08
1.32701e-07 -6.00132e-07
-6.18267e-07 3.75399e-07
5.79039e-07 -5.91724e-07
-8.54381e-07 -2.62242e-08
-4.02689e-07 -5.36544e-07
-1.14049e-06 -5.52838e-08
6.79888e-07 6.55574e-07
-1.1264e-06 -3.74027e-07
-1.39756e-06 -2.71352e-07
-1.30303e-06 2.11222e-07
-8.64289e-07 -5.21431e-07
7.89116e-07 5.17361e-07
-2.70642e-07 -1.69585e-07
6.7892e-07 1.35138e-07
1.42817e-06 2.15397e-07
2.48348e-07 -5.11124e-07
6.67661e-07 -4.13291e-07
-6.10377e-07 -6.28704e-07
7.82193e-07 -1.94094e-07
-9.01431e-07 -1.84443e-07
1.34515e-06 4.04153e-08
2.96898e-07 5.50776e-07
-9.3499e-07 1.6969e-07
1.11587e-06 -3.43861e-07
-2.38833e-07 4.49138e-07
6.33231e-07 6.11886e-07
-1.18679e-06 6.67968e-07
-1.21457e-06 6.60242e-07
3.77791e-07 -4.05521e-07
7.56474e-08 3.23267e-07
-1.27842e-06 3.06543e-08
1.38239e-07 -2.67099e-07
-1.86179e-07 -4.51625e-07
-6.02698e-07 -3.06992e-07
-1.40505e-06 9.45643e-08
-1.10718e-06 -7.18187e-08
9.64786e-07 -1.51018e-08
1.39095e-06 4.74146e-07
-5.04524e-07 2.99421e-07
7.32458e-07 6.97679e-07
-1.33422e-07 6.79733e-07
1.68668e-07 -1.00113e-07
-1.41149e-06 -3.34545e-07
-3.56548e-07 -3.91386e-07
1.43764e-06 3.6761e-07
5.69589e-07 -6.52553e-08
2.38952e-07 9.07836e-08
-9.89448e-07 -8.21649e-08
4.85522e-08 -6.71128e-07
1.24205e-06 -6.96365e-07
-1.13228e-06 -3.51227e-07
1.43654e-07 -5.82122e-07
-9.78451e-07 -6.08948e-07
5.65875e-07 -5.40178e-08
1.38008e-06 -1.98544e-07
-4.793e-07 -5.75647e-07
1.00029e-06 -1.32173e-07
-1.16726e-06 -5.57887e-07
-6.22058e-07 -4.43988e-07
-8.37818e-07 3.65507e-07
-3.4409e-07 -6.42732e-07
1.08401e-06 -2.99448e-07
-1.42589e-06 -2.26583e-07
-5.36452e-07 1.86797e-07
4.21009e-07 1.09207e-07
2.48305e-07 -3.67055e-07
2.17642e-07 6.98809e-07
-8.65751e-07 1.3444e-07
3.1444e-07 6.45626e-07
-1.02831e-06 -4.21618e-07
-9.74123e-07 -1.82575e-07
6.63762e-07 1.41289e-08
-6.56881e-07 4.04453e-07
1.43145e-06 -2.49821e-07
-3.48371e-07 -3.35585e-07
8.74983e-07 -4.4924e-08
-1.669e-07 5.15744e-07
-1.7486e-08 1.97924e-07
-9.57945e-08 -2.30095e-07
4.73604e-07 2.2894e-07
-6.87975e-07 -6.20351e-07
-1.10672e-06 -5.13068e-07
-2.11842e-07 -2.59339e-07
2.10462e-07 -6.25219e-07
-1.15546e-06 -5.48123e-07
6.70121e-07 2.22898e-07
-1.02987e-06 -4.35819e-09
-7.37331e-08 -3.07817e-07
-2.11863e-08 6.04538e-07
1.15358e-07 -4.43939e-08
-6.51836e-07 4.39658e-07
-1.01473e-06 2.88402e-07
3.68454e-07 3.7988e-07
6.49936e-07 5.11526e-07
-1.39327e-06 2.8073e-07
-1.25284e-06 -3.78072e-07
-3.2433e-07 -1.32711e-07
7.92868e-07 1.27007e-09
-1.29316e-06 -6.47275e-07
4.31699e-07 5.41881e-07
-6.90772e-07 -4.49136e-07
7.57355e-08 -5.19439e-07
-8.16141e-07 -6.66733e-07
-3.19381e-07 3.87465e-07
-3.89886e-07 1.88314e-07
1.18107e-06 1.90401e-07
4.24769e-07 -3.8503e-07
-5.13803e-07 1.77915e-07
-3.656e-07 6.53993e-07
7.29051e-07 -3.47722e-07
4.2217e-07 6.12989e-07
2.31081e-07 -1.60846e-07
-3.60178e-07 7.45753e-08
-1.43131e-06 1.08714e-07
-1.04732e-06 -4.02455e-07
3.25631e-07 6.44367e-07
1.15239e-06 5.68531e-07
1.03126e-06 5.21426e-07
1.06197e-06 -2.70296e-07
1.28473e-06 5.49908e-07
9.10864e-08 -1.03755e-07
1.3184e-06 -5.11852e-07
1.15401e-06 -2.46495e-07
6.40316e-07 -5.76095e-07
7.40677e-08 6.9578e-07
-5.12301e-07 3.11266e-07
-2.44309e-08 6.27052e-07
1.18434e-06 6.79564e-07
-1.11619e-06 5.07557e-07
1.28413e-06 2.17562e-07
4.77558e-07 4.40275e-07
-1.28786e-06 2.1574e-07
-3.85603e-07 -4.4169e-07
-1.24223e-07 2.25051e-07
2.0616e-07 -2.15449e-07
-1.44846e-07 3.42696e-07
-7.23037e-07 -2.08966e-07
6.95316e-08 -5.57273e-07
-3.09563e-07 -2.01976e-07
-1.19649e-06 4.78415e-07
-5.94501e-07 3.78817e-07
1.41215e-06 -4.67639e-07
6.14911e-07 -1.05235e-08
7.79963e-07 -3.83648e-07
-9.46005e-07 4.14949e-07
-1.2846e-06 4.0762e-07
-9.79817e-07 -2.17956e-07
1.12144e-06 4.29354e-08
-1.18182e-06 -6.07319e-09
7.52025e-07 4.83086e-07
-3.98127e-07 1.28436e-07
-1.30729e-06 3.30919e-07
-1.21667e-06 -6.33405e-07
1.21234e-06 3.64584e-07
1.78137e-07 -6.55407e-07
-1.00408e-06 1.14486e-07
-1.23177e-06 -2.29104e-07
1.00203e-06 5.72485e-07
4.88795e-07 1.79638e-07
-1.08217e-06 6.81688e-07
1.1919e-06 -4.12181e-07
9.89452e-07 4.16076e-07
-6.67043e-07 4.1455e-07
-1.03066e-06 -2.70013e-07
-6.1299e-07 3.34136e-07
2.86838e-07 4.74834e-07
-1.13653e-07 -6.7764e-07
-8.32686e-07 -6.92084e-08
-1.04014e-06 -5.76039e-07
-6.78607e-07 9.86683e-08
-5.18971e-07 4.28884e-07
-1.34112e-06 -5.15235e-07
2.99809e-07 -4.16171e-07
8.17627e-07 1.00559e-07
-1.41103e-06 5.85332e-07
1.44188e-06 6.46929e-07
4.08885e-07 3.40756e-07
-6.61183e-07 4.02681e-07
-2.45649e-07 -2.1177e-09
2.49258e-07 -3.17998e-07
-1.01151e-08 -2.20116e-07
-1.33112e-06 9.62108e-08
-5.73927e-07 -6.82784e-07
1.0108e-06 5.21464e-07
1.20948e-06 2.27244e-07
4.18833e-07 -6.10268e-07
2.6725e-07 -1.54154e-07
-4.21591e-07 2.0253e-07
8.18602e-07 -3.55615e-07
3.8612e-07 2.74766e-07
8.32713e-08 -4.27201e-07
-1.06143e-06 -1.69494e-07
-4.32768e-07 -2.48584e-07
6.88855e-07 3.51007e-07
-8.64432e-07 -6.61066e-07
1.14487e-06 -4.84891e-07
-1.06864e-06 -4.08025e-07
-9.92087e-10 -2.54643e-07
-1.19002e-06 6.02712e-07
-5.07594e-07 -1.71626e-07
-1.45205e-07 -3.69175e-07
-7.49702e-07 -4.75151e-07
1.42982e-06 -3.8926e-07
-5.69138e-07 -1.55713e-08
-8.66768e-07 5.1899e-07
-5.30518e-07 -4.21221e-07
-1.25352e-06 -4.21627e-07
1.19843e-06 5.381e-07
1.42994e-07 6.60639e-07
1.91439e-08 6.96281e-07
-1.06645e-06 -3.84876e-07
-8.14663e-07 -6.27297e-07
-6.40591e-07 -8.60529e-08
-5.86457e-07 -6.31793e-07
-5.38835e-07 6.53481e-08
-1.00787e-06 3.13515e-07
-1.09534e-06 -5.79079e-07
6.90539e-07 1.51493e-07
-9.21844e-07 -1.40085e-07
-5.58062e-08 5.78156e-07
-5.07849e-07 -3.91012e-07
-1.14599e-07 -3.27067e-07
1.32152e-06 3.4916e-07
9.0921e-07 -2.60153e-07
-1.19468e-06 5.40179e-07
7.77763e-07 -2.11059e-07
5.08299e-07 3.68108e-07
2.32331e-07 2.49149e-07
-6.30611e-08 -4.78486e-07
1.13436e-06 1.0584e-07
-5.02003e-07 3.8831e-07
1.99313e-07 1.57912e-07
-1.27725e-06 -6.38435e-07
1.38097e-06 4.00763e-08
-1.15597e-06 -5.68233e-08
-9.58903e-07 -5.1876e-07
-8.28079e-07 -6.98896e-08
8.5771e-07 6.22552e-07
-5.64017e-07 2.21113e-07
3.19446e-07 5.57562e-07
3.29417e-07 -6.18708e-07
2.24772e-07 5.61309e-07
1.28811e-07 3.47712e-07
-1.31947e-06 -3.4913e-08
-1.07215e-06 -1.68665e-09
3.51135e-07 4.96391e-07
9.75059e-08 3.86626e-07
5.32659e-07 -3.57107e-07
6.13534e-07 4.62218e-07
-8.39139e-07 -4.6797e-07
5.09005e-07 4.49963e-07
9.17295e-07 -8.67842e-08
7.14494e-07 -4.89824e-07
-5.15112e-07 5.24264e-08
-6.80083e-07 -3.50832e-08
-1.05242e-06 1.685e-07
-1.11584e-06 4.49247e-07
2.02731e-07 4.02789e-07
7.51874e-08 -3.99033e-08
-1.41998e-06 5.80884e-07
-1.02539e-06 -5.31188e-07
4.59891e-07 -8.33687e-08
-1.3499e-06 2.46333e-07
1.34131e-06 4.1517e-07
2.08665e-08 5.72292e-07
-1.37335e-06 1.97059e-07
-6.64968e-07 2.22153e-07
-1.19473e-06 -3.42917e-07
-6.99856e-07 -5.63482e-07
1.665e-07 3.19688e-07
1.0522e-06 5.20402e-07
1.39153e-06 -3.77218e-08
7.27624e-07 1.2696e-07
-1.30641e-07 -4.45642e-07
1.26823e-07 3.86387e-07
3.17757e-07 -6.41399e-07
1.11352e-06 6.78262e-07
1.15753e-06 -2.46527e-07
-4.12617e-07 -5.87814e-07
1.40146e-06 -4.37243e-08
5.22835e-07 4.62363e-07
5.77543e-09 -4.03481e-07
-9.69465e-07 -6.55441e-07
8.24856e-07 -1.14554e-07
8.83925e-07 2.40875e-07
1.21631e-06 5.78978e-07
1.17697e-06 -3.22549e-07
1.30735e-07 -2.26141e-07
-6.18489e-07 7.47363e-08
1.2431e-06 6.52796e-07
-2.80034e-07 -3.52036e-08
-1.35768e-06 2.52674e-07
8.72051e-07 -2.7695e-07
-1.41778e-06 6.18761e-07
5.74982e-07 3.31738e-07
-3.4671e-07 -2.67676e-07
-1.4376e-06 5.48128e-07
-3.73537e-07 -3.31056e-07
-7.88205e-07 2.00901e-07
3.09522e-08 6.51253e-07
3.41432e-08 -6.18565e-07
-3.03848e-07 -6.2776e-07
-1.29098e-06 -5.3967e-07
-1.40541e-07 -3.4607e-07
3.5452e-07 4.05121e-07
1.17244e-06 -4.43712e-07
-2.49134e-07 -6.07317e-07
1.36043e-07 1.94039e-07
-1.00385e-06 -4.55314e-08
-1.39236e-06 2.90811e-07
-1.96571e-07 -2.54346e-07
-2.72158e-07 -2.29152e-07
1.05996e-06 2.71326e-07
2.37161e-07 -5.47721e-08
1.31601e-06 -5.16439e-07
8.20975e-07 -2.96062e-07
7.19285e-07 -8.16735e-08
-1.17741e-06 -1.31051e-07
-1.02022e-06 5.91582e-07
-5.4524e-07 6.86221e-07
1.37663e-06 -5.90875e-07
9.31146e-07 1.14486e-07
-1.42991e-06 2.14859e-07
-7.05756e-07 1.15936e-07
1.44318e-06 -2.56525e-07
-7.98412e-07 -4.52124e-07
8.66808e-07 1.31374e-07
1.29012e-06 2.08043e-08
1.22517e-06 1.67729e-07
2.72974e-08 1.64634e-07
6.27315e-07 -3.20373e-07
-7.13182e-07 3.95608e-07
-1.41356e-06 3.60667e-07
-1.14637e-06 -3.82073e-07
-1.17145e-07 2.14997e-07
1.41794e-06 -4.31763e-07
-1.43562e-06 1.46062e-07
-1.91604e-07 2.18586e-07
-9.66026e-07 6.21544e-07
-3.27132e-07 4.20652e-07
-3.55007e-07 2.96498e-07
-9.84539e-07 3.70779e-07
1.26597e-06 -1.08839e-07
5.00186e-07 5.1226e-07
-1.00609e-06 6.49332e-07
8.11923e-08 3.84164e-07
-1.07731e-06 4.75033e-07
1.40473e-06 3.11516e-07
4.95026e-07 -5.44221e-07
1.15351e-06 -4.47119e-07
-1.42356e-06 5.52529e-07
7.36681e-07 3.54446e-07
6.76534e-07 -4.18268e-07
-9.47813e-07 -6.95025e-07
1.39395e-07 -2.49288e-07
-6.3382e-07 -3.68554e-07
7.69447e-07 3.02459e-07
-5.41218e-07 5.0916e-07
9.78267e-07 2.06267e-07
1.01143e-06 5.49923e-08
1.31581e-06 -1.46443e-07
-9.61115e-07 6.82886e-07
-8.33338e-07 6.19096e-07
-2.94189e-07 -5.72636e-07
7.23936e-07 5.41829e-07
6.12558e-07 -1.74252e-07
4.95545e-07 1.75329e-08
-1.23043e-06 6.0582e-07
8.21488e-07 -2.68372e-07
-2.14041e-07 -1.21059e-07
-8.73853e-07 -2.20306e-08
-1.1097e-06 7.61589e-08
4.94072e-07 -4.90686e-07
-2.87705e-07 -5.44987e-07
3.24615e-07 4.08279e-07
-5.70147e-08 6.60855e-07
3.14927e-08 3.65162e-07
-5.78367e-07 -5.3881e-07
1.13586e-06 4.13237e-07
-1.12689e-06 -2.01337e-07
5.01719e-07 -1.00862e-07
6.30942e-07 4.7388e-07
9.56418e-07 2.58904e-08
-1.17163e-06 3.88507e-08
1.25451e-06 4.64125e-07
1.43672e-06 -9.34307e-08
1.23544e-06 -4.88233e-07
4.32105e-07 4.49974e-07
-1.71564e-07 2.86796e-07
-9.53743e-07 -5.34447e-08
-1.40752e-06 -6.50776e-07
-5.7747e-07 -3.62307e-07
-1.21479e-06 5.0547e-07
9.8637e-07 9.98829e-08
7.20672e-07 -2.23408e-07
3.58714e-07 6.94284e-07
1.31291e-06 3.92168e-08
-1.30848e-07 -5.2076e-08
-8.70132e-07 2.25902e-07
-6.50832e-07 -5.45698e-07
2.3444e-07 9.3719e-08
-2.82553e-08 6.55484e-07
5.33411e-07 3.3058e-07
-1.23022e-06 4.93908e-07
-1.12674e-06 -4.14351e-07
1.15685e-06 4.53258e-07
-1.17974e-06 -2.71289e-07
1.22352e-06 2.84397e-07
-1.21498e-06 -5.8091e-07
1.35897e-06 3.2822e-07
-1.4053e-06 2.34666e-07
9.16461e-07 -1.08575e-08
8.33144e-07 2.66055e-07
-1.06107e-06 2.83954e-07
-9.58515e-07 -3.60695e-07
-3.05863e-07 6.26501e-07
1.05672e-06 2.71887e-07
1.24004e-06 6.55634e-07
-2.99205e-07 3.85185e-07
1.11897e-06 3.57972e-07
-1.17735e-06 -5.87336e-07
-1.41694e-06 -5.18419e-07
1.12392e-06 -3.90192e-08
-1.78155e-07 5.6105e-07
-4.38744e-07 -6.41172e-07
-7.14817e-07 -2.59373e-08
5.4258e-07 -5.94383e-07
1.51273e-07 1.47645e-07
-5.61854e-07 2.96563e-08
2.37914e-07 1.6218e-07
-6.44804e-07 4.16401e-07
-1.09232e-07 5.15698e-07
-7.19744e-07 -2.41824e-09
-3.19819e-07 6.05971e-07
1.39599e-06 1.75225e-07
-6.212e-07 4.28264e-07
-7.47314e-07 -1.19636e-07
-2.75435e-07 -4.49215e-07
1.29412e-06 -2.08901e-07
1.4455e-06 4.70673e-07
1.42765e-06 -2.28093e-07
8.67391e-08 -4.37085e-07
-1.03812e-06 -2.86602e-07
-8.76579e-07 -4.55907e-07
1.05897e-06 -4.33702e-07
2.4045e-07 3.57974e-07
-4.63735e-07 6.68037e-07
-4.44011e-07 3.61885e-07
-1.02858e-06 6.12806e-07
1.39366e-06 -6.62083e-07
8.46846e-07 1.71703e-07
1.06117e-06 -6.20307e-07
-1.07857e-06 5.84002e-07
8.70016e-07 -5.27982e-07
-2.62867e-07 -1.37472e-07
5.37138e-07 -5.36773e-07
-2.90307e-07 -1.27394e-07
-1.14912e-06 2.21489e-07
-7.25466e-07 6.27329e-07
-4.16925e-07 -3.94469e-08
9.18621e-07 3.96936e-07
9.26271e-07 -1.10723e-07
6.35652e-07 -3.96852e-07
2.48607e-07 1.4087e-07
-4.61423e-07 -3.63033e-07
-1.40776e-06 -3.87581e-07
-8.58679e-07 4.21218e-07
5.48802e-07 1.40494e-07
-4.01192e-07 -8.69018e-08
8.82449e-07 2.20479e-08
-5.5449e-07 6.49647e-07
4.16638e-07 -7.02133e-08
9.04866e-07 -6.36805e-07
4.00611e-07 -4.70471e-07
-2.42514e-07 1.50564e-07
-1.02672e-06 -5.36018e-07
6.26416e-07 -5.4441e-07
-1.17198e-06 -3.88979e-07
-1.43104e-06 7.68264e-08
-1.33005e-06 -2.30656e-07
-1.31018e-06 -6.30733e-07
-3.04285e-07 -5.94726e-07
-6.78942e-07 -2.95126e-08
-1.60935e-07 2.66479e-07
-3.818e-07 6.28362e-07
-5.67601e-07 3.55745e-07
1.58936e-07 2.50765e-07
5.3064e-07 -2.09588e-08
-2.63905e-07 -1.07876e-07
5.42569e-07 -2.78236e-07
7.55195e-07 3.58959e-07
-6.78469e-07 6.95834e-07
-1.8182e-07 -1.5391e-07
-1.00972e-06 1.65529e-07
-9.99848e-08 1.49624e-07
-9.89584e-07 1.57923e-07
4.40605e-07 7.67245e-08
-7.32847e-07 -3.44828e-08
8.4849e-07 -1.74278e-07
6.75543e-07 -1.23219e-07
-2.17074e-07 -3.4756e-07
5.27655e-07 -1.95518e-07
-2.63557e-07 1.53504e-07
1.32259e-06 -5.45741e-07
7.38916e-07 -3.07907e-08
9.64275e-07 1.88677e-07
3.97853e-07 4.60094e-07
4.23917e-07 7.95256e-08
-2.27814e-08 -4.36089e-07
1.39903e-07 6.60736e-07
-1.36193e-06 -1.52545e-07
1.96154e-08 -2.45337e-07
1.02159e-06 -1.6751e-07
-9.15951e-07 1.50889e-07
-8.07008e-08 -4.93845e-08
1.56334e-08 3.16134e-07
5.67278e-07 -3.95243e-07
4.6133e-07 -3.10216e-07
1.18218e-07 6.74999e-08
-7.64462e-07 3.00033e-07
7.98197e-08 -2.48391e-07
7.35765e-07 2.31778e-07
-9.26189e-07 -4.99148e-07
-6.35873e-07 9.37021e-09
1.294e-06 3.92232e-07
8.91082e-08 -5.96426e-07
5.72439e-07 -6.68655e-07
-6.57861e-07 -1.00727e-08
-3.45798e-07 -4.31426e-07
1.30355e-06 -2.56446e-07
-2.33116e-07 -1.37181e-07
1.32261e-06 8.63346e-08
9.24697e-07 6.75095e-07
6.05074e-07 -3.77564e-07
9.6104e-07 5.05228e-07
-1.32969e-06 5.02857e-07
3.29718e-08 3.76486e-07
-1.75655e-07 -6.71765e-08
-4.8411e-07 -3.92425e-07
1.01707e-06 6.00232e-08
1.1177e-06 5.19959e-08
-8.28679e-07 5.41044e-07
-1.25098e-06 6.56105e-07
-9.99473e-07 5.81293e-07
-3.46255e-08 -4.20302e-07
-1.23773e-06 6.83833e-07
-8.06509e-07 -1.24651e-07
-7.80448e-07 1.25997e-07
6.71541e-07 3.41823e-07
6.13572e-07 1.96842e-07
-1.32167e-06 -3.16502e-07
7.95815e-08 -5.1642e-07
3.54422e-07 -1.02819e-07
-8.49229e-07 2.45412e-07
-5.46337e-07 3.24474e-07
6.77076e-07 1.754e-07
-1.03591e-06 5.02754e-07
4.87743e-07 1.12433e-07
-9.16438e-07 3.4413e-07
4.05489e-07 -5.47054e-07
3.16298e-07 2.42372e-07
-6.66292e-07 -6.55844e-07
9.20868e-07 4.06614e-07
5.87277e-07 6.78455e-07
1.40766e-06 6.01893e-07
-1.166e-06 -6.43655e-07
8.31414e-07 -3.04755e-07
8.31707e-07 1.79294e-07
1.39036e-06 -4.80229e-07
-2.8622e-07 2.4591e-07
1.97563e-07 2.09419e-07
7.40233e-08 -4.19654e-07
1.44437e-06 -5.05668e-08
-1.40925e-06 -3.74892e-07
1.16845e-06 -4.92741e-07
8.60033e-07 4.39268e-07
2.48491e-07 -5.09993e-07
-4.69848e-07 7.36987e-08
9.56044e-07 4.20096e-07
6.56703e-07 1.30628e-07
-8.44138e-07 4.73573e-07
4.74338e-07 -5.71373e-07
6.5829e-07 6.85555e-07
-1.24868e-06 5.83293e-07
-3.16469e-07 -5.49851e-07
-8.39448e-07 -2.72842e-07
1.92828e-07 6.26941e-08
-4.15815e-07 -4.82141e-07
3.78872e-07 -5.48717e-07
3.26683e-07 4.5007e-07
5.65098e-07 4.72139e-07
7.89124e-07 6.47438e-07
-8.69911e-08 -3.57284e-07
-9.34147e-07 6.08999e-07
7.01995e-07 -2.59985e-07
9.25075e-07 4.88235e-07
-2.49216e-07 -2.19009e-07
-1.32194e-06 2.85117e-07
-4.66631e-07 5.73132e-07
-9.47654e-07 -2.34919e-07
-4.22527e-07 -8.30381e-08
-1.37229e-06 -6.72496e-07
1.6705e-07 -4.41633e-07
1.07247e-06 -5.61021e-07
4.72492e-07 1.19351e-07
9.60862e-07 -6.82883e-07
-3.03033e-07 -5.00656e-07
4.83411e-07 -6.75809e-07
1.42166e-06 4.68046e-07
-1.22205e-06 -6.0628e-07
9.52621e-07 -3.7834e-07
-1.00476e-06 -2.04201e-07
2.52781e-07 2.48724e-07
2.75409e-07 -5.68502e-07
4.45714e-07 4.65469e-07
5.97642e-07 -6.5133e-07
4.20349e-07 5.08753e-07
-1.28606e-07 -1.15907e-07
-4.68239e-07 -3.10117e-07
-1.00524e-06 1.07268e-07
2.15769e-07 5.28294e-07
-2.40602e-08 5.74496e-07
3.00256e-09 -3.10335e-07
1.17587e-06 -4.40562e-07
1.06107e-06 2.91843e-07
8.20708e-07 5.18891e-07
-1.22489e-06 -4.70737e-07
8.62541e-07 -3.6887e-07
6.35912e-07 -6.1648e-07
2.36849e-07 -6.09813e-07
1.18846e-06 -2.38801e-07
-5.01223e-07 -6.78498e-07
-2.04797e-07 -1.89004e-07
1.18781e-06 -4.76559e-08
-1.3671e-06 -6.21009e-07
-1.67599e-07 6.09084e-07
-1.54347e-07 -1.91619e-08
1.40575e-06 -1.5574e-07
-1.31561e-06 -6.07513e-07
-1.04256e-06 4.96821e-07
-1.17261e-07 4.98384e-07
-3.26556e-08 5.20602e-08
1.32101e-06 3.63872e-07
-3.38363e-07 4.0619e-07
-1.02996e-06 5.79047e-07
3.06403e-08 -4.30619e-07
-6.71747e-07 -3.72095e-08
-7.29626e-07 -6.67585e-07
4.6746e-07 3.94566e-07
-1.26479e-06 6.84855e-07
1.39857e-06 -6.35349e-07
5.65893e-09 -3.10725e-07
1.20232e-06 3.98005e-07
6.67191e-07 6.64748e-07
2.11501e-07 -3.76249e-07
-7.95357e-07 -3.34586e-07
8.61397e-07 -4.69469e-08
-9.36829e-07 1.87115e-07
-9.35801e-07 -3.88133e-07
1.34231e-07 6.19349e-07
1.41314e-06 -4.32003e-07
6.0666e-08 -4.63114e-07
-1.39578e-06 -2.36674e-07
1.03721e-06 -2.62605e-07
-7.62201e-07 3.2277e-08
7.73918e-07 4.23789e-07
1.22799e-06 -6.10059e-07
8.34569e-07 -5.34697e-07
-1.33479e-06 -2.78084e-07
-2.64339e-07 2.65877e-07
1.04209e-06 1.75387e-07
2.38162e-07 5.187e-07
-1.15414e-06 3.17668e-07
-5.76435e-07 2.51265e-07
-2.69164e-07 5.19451e-07
5.64337e-07 -2.29409e-07
-3.60845e-07 2.65047e-07
9.52526e-07 -6.42819e-08
-4.13525e-07 6.68719e-07
-1.35544e-07 6.07141e-07
5.15852e-07 -9.34707e-08
1.53661e-07 -2.87225e-07
1.22601e-06 -7.79309e-09
1.33147e-06 6.63901e-07
1.17961e-06 -6.89965e-07
-3.44115e-07 6.72151e-07
3.03395e-07 -4.80739e-07
1.23868e-06 3.65915e-07
-6.88914e-07 1.39507e-07
-4.3128e-07 -1.76686e-08
6.32716e-07 -6.76537e-07
1.11178e-06 2.4301e-07
6.9855e-07 6.43062e-07
5.87829e-09 -6.97394e-07
-2.05722e-07 3.18962e-07
-5.16171e-09 -1.31415e-07
-2.22279e-10 -2.85889e-07
5.40122e-07 -4.9048e-07
-1.21237e-06 -2.57998e-07
-8.92432e-07 -1.5108e-07
1.30244e-06 -6.70836e-07
7.36439e-08 -3.30466e-07
-5.0941e-07 -2.45869e-07
-1.60801e-07 5.92056e-07
8.5437e-07 9.09531e-08
6.81968e-07 -4.16705e-07
2.35732e-07 2.70817e-07
-9.25691e-07 -6.00828e-08
-2.20329e-07 2.99077e-07
-1.16187e-07 -4.33371e-08
1.12569e-06 2.97693e-07
-3.55878e-07 -2.30205e-07
4.13857e-07 4.80674e-08
-2.24767e-07 -5.65738e-07
-7.05227e-07 3.25276e-07
-7.27657e-07 2.63034e-07
-5.90876e-07 -5.02525e-07
1.2265e-06 2.17012e-07
1.25358e-06 1.4645e-08
-9.12152e-07 3.7452e-07
9.15977e-08 6.54139e-07
1.20551e-06 -2.41339e-07
1.36133e-06 -4.56457e-07
2.65156e-07 6.54405e-07
-2.08144e-07 -2.65183e-07
-3.07878e-07 5.10511e-08
-1.36701e-07 2.5529e-07
-1.64125e-07 4.07715e-07
-1.29257e-06 3.02936e-07
5.65315e-07 5.04267e-07
1.36546e-06 5.89024e-07
-1.03492e-06 -5.04159e-07
-5.26024e-07 -6.54013e-08
-8.20371e-07 -4.62932e-08
-1.03946e-06 -7.7605e-08
-1.12337e-06 -1.75682e-09
-1.15045e-06 -5.17837e-07
8.61377e-07 6.85175e-07
5.62445e-07 2.5326e-07
4.99572e-07 -3.48311e-07
8.58596e-07 -3.11557e-07
8.17666e-07 -4.06355e-07
-1.33534e-06 5.74819e-08
-4.40861e-09 -5.95369e-07
1.08979e-06 1.02336e-07
1.34833e-08 2.19517e-07
1.18214e-06 6.88761e-07
1.06678e-06 -4.8515e-08
8.1728e-07 -5.15455e-07
9.07632e-07 1.51726e-07
-6.42968e-07 6.22235e-08
-5.38773e-07 -3.29095e-07
1.2565e-06 -1.98946e-08
-1.06261e-06 -3.01839e-07
3.84381e-07 -6.44892e-08
1.41393e-07 -4.4673e-07
-7.64639e-07 7.94115e-08
-7.19968e-07 5.16237e-07
6.23181e-07 -2.85621e-07
9.77736e-07 -2.92495e-07
-9.16671e-07 6.93236e-07
-7.26259e-07 -3.59338e-07
-7.01283e-07 -2.27285e-07
1.31285e-06 -6.99208e-07
-3.92735e-07 1.79765e-07
1.11734e-06 -5.18755e-07
-1.23996e-06 6.00382e-07
6.29832e-07 -1.09206e-07
-1.00369e-06 3.91313e-07
1.90599e-07 -4.23038e-08
2.8107e-07 -2.86358e-08
-7.47618e-07 -4.7392e-07
-1.40201e-06 5.40419e-07
9.66088e-07 2.34666e-07
5.79641e-07 -3.27932e-07
4.79262e-07 -3.39107e-07
-8.63766e-07 3.81175e-07
-1.39054e-07 1.05909e-07
-5.52945e-07 2.3998e-07
4.02318e-07 4.29302e-07
-1.47543e-07 5.12325e-07
-3.22641e-07 2.48302e-07
1.19279e-06 -3.54302e-08
6.78777e-07 9.83795e-08
9.38404e-07 4.96507e-08
-8.76728e-07 -2.66471e-07
7.65182e-08 2.08647e-08
9.73675e-07 4.58073e-07
9.89645e-07 5.22428e-07
-5.15944e-07 5.58557e-07
1.01953e-06 -6.55412e-07
4.97179e-07 5.68008e-07
-2.02644e-07 -3.40135e-07
1.2817e-06 3.87214e-07
-1.09827e-06 5.93318e-07
1.07958e-06 -2.65601e-07
-3.91052e-07 -5.76319e-07
-1.36238e-06 4.52233e-07
2.22474e-08 -2.22875e-07
-7.38289e-08 -3.68548e-07
-1.18043e-06 -3.40302e-07
-7.30674e-07 -3.73239e-07
-1.2374e-06 -5.84932e-07
-1.2275e-06 3.28315e-07
-1.06243e-06 5.78533e-07
-1.1357e-08 2.19942e-07
-1.08548e-06 -4.14446e-07
3.43142e-07 -6.94393e-07
-2.81933e-07 5.12565e-07
-1.6075e-07 3.32608e-07
1.06277e-06 6.32718e-07
1.10169e-06 -2.24551e-07
1.24813e-06 3.84081e-07
1.57209e-07 5.05807e-07
1.13886e-06 -2.49552e-07
-1.3779e-06 4.17659e-07
1.72531e-07 -3.96318e-07
9.65743e-07 2.21074e-07
-1.16535e-06 6.23392e-07
-3.27995e-07 -4.09037e-07
1.07948e-06 -1.93089e-07
-2.86609e-07 5.56319e-07
-5.31466e-07 -4.16583e-07
-1.2689e-06 1.99419e-07
7.92399e-07 -1.81511e-07
-7.78405e-07 -2.98865e-07
-2.32868e-07 -6.16383e-07
-9.42955e-07 -1.24388e-07
-8.41699e-07 5.24484e-07
-4.8615e-07 -5.23451e-07
-2.97246e-07 -2.98865e-07
5.92248e-07 -6.29622e-08
9.94637e-07 -5.97907e-07
-5.93791e-07 5.00561e-07
-4.19354e-07 4.1728e-07
-8.86795e-07 -2.31967e-07
2.4826e-07 -4.39601e-07
9.84337e-07 -2.11956e-07
1.20163e-06 -5.7829e-07
6.4782e-07 1.16684e-07
-3.94627e-07 5.41104e-07
-4.31097e-07 5.11687e-07
2.34267e-08 -3.93453e-08
1.67068e-07 -1.41445e-07
-8.23462e-07 -2.31751e-07
1.34107e-06 -2.95745e-07
-5.06846e-07 -5.05546e-07
1.171e-06 5.88894e-07
-3.35779e-08 5.01389e-08
1.16211e-06 6.25929e-07
4.25585e-07 -2.6586e-07
-8.44733e-07 -1.69879e-07
-3.95581e-07 1.90526e-07
8.8894e-07 5.43511e-07
4.9672e-07 9.9629e-08
-8.41567e-07 5.25115e-07
1.11568e-06 6.38367e-07
-8.79004e-07 -1.87468e-07
-9.65892e-08 4.64573e-07
8.45991e-07 5.94699e-07
1.36397e-06 -1.96853e-07
1.26677e-06 5.68353e-07
6.81414e-07 -2.13175e-07
-4.52222e-07 3.45901e-08
-8.1661e-07 3.15945e-07
-9.59426e-07 -6.7247e-07
-6.75109e-07 -5.66349e-07
-8.15129e-07 -5.1141e-07
-6.25138e-07 6.54928e-07
9.194e-07 -3.80204e-08
-1.42427e-06 -6.13313e-07
-6.92493e-07 4.85759e-07
-3.72774e-07 4.85123e-07
3.653e-07 -1.04388e-07
1.20945e-06 6.51382e-07
-1.11646e-06 4.17101e-07
5.82034e-07 6.03526e-07
-9.99376e-07 -3.62203e-07
-1.36934e-06 -6.27264e-07
-1.07546e-06 -5.87897e-07
5.01593e-07 3.65118e-07
-3.92429e-07 -2.06074e-07
-6.58606e-07 4.96888e-07
9.10344e-07 3.58524e-07
1.69429e-07 5.14162e-07
-1.17403e-07 -4.16547e-07
-1.18465e-06 3.28925e-07
-4.7157e-07 -4.67292e-08
-6.92486e-07 8.87625e-08
-6.42715e-07 -1.98971e-07
-8.34215e-07 2.89475e-09
5.98869e-07 6.58558e-08
-8.70804e-07 -1.39598e-08
9.90004e-08 -4.74435e-07
-3.67043e-07 2.20393e-07
-9.69335e-07 -3.14723e-09
-1.39088e-06 -5.55132e-07
1.42938e-06 4.74256e-07
1.31639e-07 -2.10063e-07
7.85825e-07 -6.03065e-07
-1.26406e-06 -3.4431e-07
-1.60104e-07 4.52544e-07
-4.44033e-07 -3.63854e-07
5.81719e-07 2.26547e-07
-1.25973e-06 2.20221e-07
-3.2001e-07 4.60273e-07
7.64407e-07 -6.27472e-07
1.35656e-06 5.49024e-08
8.25339e-07 -3.39844e-07
6.37254e-07 -3.20433e-07
-1.81711e-07 8.89786e-08
-1.00538e-06 1.74053e-07
-1.29298e-06 1.1609e-07
-1.09664e-06 3.97599e-07
-1.44908e-06 -6.1494e-07
-2.35193e-07 -3.07179e-07
1.2834e-06 3.11451e-08
-3.88925e-07 9.63902e-09
-1.59933e-07 3.79425e-07
1.44236e-06 -3.75836e-07
-1.14777e-06 3.59258e-07
-1.34098e-07 -2.57201e-07
1.27285e-06 2.47172e-07
2.9773e-07 1.90999e-08
-7.53854e-07 2.19973e-07
4.24682e-07 3.63164e-07
-2.78681e-07 -4.9763e-08
4.65842e-07 -3.29748e-07
-4.22921e-07 -2.63659e-07
2.69877e-07 -4.45891e-08
2.52914e-07 -4.71261e-07
-6.55576e-07 5.17008e-07
8.71919e-07 -3.2139e-07
6.34159e-07 5.56917e-07
-2.27096e-08 -1.67894e-07
-8.65927e-07 6.00363e-07
-6.51124e-07 4.66384e-07
9.16985e-08 3.31197e-07
-1.03447e-06 -4.66341e-07
3.94807e-08 3.86885e-08
1.32482e-06 -3.32702e-07
1.10189e-06 -6.64985e-07
-2.32242e-07 3.96816e-07
-7.5746e-07 2.53678e-07
-1.63306e-07 -2.6917e-07
-6.58706e-09 6.03173e-07
5.52883e-07 5.12142e-07
-1.26262e-06 -5.32331e-07
4.8128e-07 5.28343e-07
-6.49089e-07 2.30588e-07
1.60865e-07 3.78735e-07
3.94002e-07 2.53075e-07
-8.39156e-07 -3.91636e-07
-8.05239e-07 3.55686e-07
-9.18117e-07 4.7775e-08
-1.00291e-06 -3.32449e-07
-8.78177e-07 3.92281e-07
-7.54724e-07 -5.04289e-07
-1.41362e-06 2.17258e-07
3.10885e-07 4.40513e-07
-1.38548e-06 6.73448e-07
-1.43851e-07 3.29899e-07
-1.17483e-06 5.0918e-07
-6.06817e-08 -1.05721e-07
4.66545e-07 -3.52018e-07
-9.98911e-07 3.7694e-08
-1.76334e-07 -1.53687e-07
-1.10637e-06 -2.30841e-08
1.01377e-06 -2.04326e-07
1.27124e-06 -8.20301e-08
-3.68983e-07 -5.17051e-07
-1.40661e-06 4.08688e-07
9.15421e-07 1.46436e-07
8.99725e-08 5.06265e-08
8.64257e-07 -1.67156e-08
1.11018e-06 2.16026e-07
-1.22011e-06 -4.00208e-07
-1.43027e-06 6.85482e-07
1.21945e-06 -2.59402e-07
3.53686e-07 -3.10972e-07
-1.15148e-06 -2.68883e-07
-9.04437e-07 -3.91349e-07
6.78393e-08 -4.31689e-07
2.57477e-07 6.58101e-07
-1.03843e-06 1.82496e-07
1.26751e-06 -5.30136e-07
-8.19073e-07 -3.21705e-07
1.24472e-06 5.85341e-07
-1.19864e-06 6.64593e-07
-1.28955e-06 3.71413e-07
1.12623e-06 3.81517e-07
-1.32091e-06 -4.98969e-08
-3.80083e-07 -9.42323e-08
-1.16895e-06 5.87677e-07
1.21343e-06 7.21729e-08
-5.84115e-07 1.29531e-07
8.72832e-08 4.51657e-07
7.27471e-07 -5.60909e-07
5.95971e-07 -7.35471e-08
-5.12541e-07 3.82195e-07
-1.29569e-06 6.4622e-08
2.61735e-07 -3.84971e-07
4.94634e-07 -5.69887e-07
3.80444e-07 2.02564e-07
-1.41118e-06 -1.88674e-07
-4.30329e-07 -1.7275e-07
-1.17587e-06 6.88037e-07
5.49027e-07 6.13223e-07
-2.53262e-07 -5.21317e-07
1.11481e-06 5.34128e-07
-1.29251e-06 6.74118e-07
-1.235e-06 -5.3465e-08
-6.28292e-08 -5.09927e-07
1.2871e-06 5.05647e-07
2.30693e-07 5.94907e-07
-1.25022e-06 6.56488e-07
-1.3975e-06 -8.69086e-08
-1.80256e-08 4.72251e-07
-1.44429e-06 -3.57172e-07
1.25361e-06 3.14482e-07
2.8569e-07 4.93439e-07
