-8.07451e-07 -5.93293e-07
4.31152e-07 -6.86038e-07
-9.15224e-07 -3.40924e-07
-1.03351e-06 2.8233e-07
8.3393e-07 -4.14166e-07
-1.21723e-06 -6.57906e-07
-2.94318e-07 -1.90025e-07
5.81339e-07 3.6801e-07
-7.74556e-07 2.7839e-07
1.26992e-06 4.25698e-08
1.80201e-07 1.2392e-07
-1.54883e-08 3.87126e-07
5.5873e-07 3.44822e-07
-6.93649e-09 1.08667e-07
1.24056e-06 -3.26168e-07
1.43514e-06 3.43835e-07
-6.80569e-07 -2.28512e-07
-4.19489e-07 6.25642e-07
-1.34701e-06 -2.21972e-07
-2.5211e-07 -1.93797e-07
-1.73628e-08 4.09324e-07
-8.39727e-07 -5.16444e-07
8.04843e-07 -1.85714e-07
8.08339e-07 -3.15712e-07
-9.42849e-07 -6.93936e-07
-6.12401e-07 1.71506e-07
-9.69358e-07 -3.05555e-07
7.61511e-07 -5.8162e-07
2.48288e-07 -1.32651e-07
5.57926e-07 -3.56271e-08
-4.39503e-07 1.8235e-07
6.44858e-07 3.97536e-07
1.3614e-06 -5.36091e-07
-9.59385e-07 -2.2614e-07
5.42649e-07 2.42807e-07
2.08587e-07 5.16811e-07
-8.76388e-07 6.51347e-07
1.10198e-06 1.81419e-07
-6.27492e-08 3.7379e-07
1.40539e-06 -4.91164e-07
-5.01684e-07 2.23247e-08
-3.82878e-07 -1.01425e-07
-9.16199e-07 1.20615e-08
3.52805e-07 1.19461e-07
-1.43823e-07 -6.27959e-07
5.5319e-07 2.45243e-07
-1.09737e-06 2.34191e-08
-3.58224e-07 5.34114e-07
1.29705e-06 -6.767e-07
1.20324e-06 1.85005e-07
-1.23068e-06 -6.7317e-07
-1.09509e-06 -5.07323e-08
-8.96224e-07 4.55357e-08
-1.06271e-06 -7.22504e-08
-1.28571e-06 5.1007e-07
2.42693e-07 -3.09982e-07
6.46175e-07 2.71676e-07
-1.97452e-07 3.03832e-07
-5.92466e-07 5.39028e-07
-1.54479e-07 -2.72403e-07
-7.94722e-07 4.75075e-07
-7.44399e-07 6.01341e-07
-2.99282e-07 -4.99619e-07
1.15393e-06 -6.16635e-07
7.40008e-07 6.50837e-07
4.59308e-07 -2.20524e-07
1.05944e-06 5.97246e-07
9.05043e-07 4.31801e-07
-8.44038e-07 3.53835e-07
3.79729e-08 -6.59436e-07
-6.21085e-07 2.75467e-07
9.61235e-07 6.67529e-07
-9.83584e-07 -6.61738e-08
-9.47123e-07 -7.37878e-08
9.72467e-07 -5.59385e-07
-9.31833e-08 6.04464e-08
1.04986e-06 -1.06451e-07
-1.05254e-06 2.51969e-07
-5.09003e-07 1.88044e-07
-1.00472e-06 5.20211e-08
-1.39216e-06 -2.85706e-07
-1.13193e-06 -6.47052e-07
1.30902e-06 -4.6375e-07
-6.1061e-07 -6.71529e-07
3.25627e-07 -5.56224e-07
8.09914e-07 -4.42319e-07
-5.83498e-07 -6.84542e-07
5.85581e-07 -1.5644e-07
-4.72266e-07 5.17654e-07
7.06016e-07 -2.11593e-07
1.31073e-06 -5.25791e-07
6.42356e-09 4.55068e-07
-4.20035e-08 4.22604e-07
1.17795e-06 5.48072e-07
6.51958e-07 -5.18148e-07
1.48169e-08 -4.89146e-07
5.00032e-07 -3.61711e-07
-8.45717e-07 6.10695e-07
-5.87846e-07 -6.13533e-08
-1.18625e-06 5.42361e-07
-5.40493e-07 -6.3601e-08
-1.1739e-06 -1.50565e-07
-8.62873e-07 5.48128e-07
2.17613e-07 3.20345e-07
5.41789e-07 5.97745e-07
7.77136e-07 1.9779e-07
4.74432e-07 -6.66406e-07
3.9661e-07 6.13028e-07
1.59984e-07 1.04067e-07
6.90131e-08 2.89557e-07
-9.01812e-07 -5.58901e-07
1.12282e-06 -4.49414e-07
5.62277e-07 -6.50036e-08
4.88872e-07 6.92933e-07
-9.11655e-07 -3.50608e-07
-8.62699e-07 1.80161e-07
1.06756e-06 6.85541e-07
1.25764e-06 -1.17981e-07
1.04855e-08 2.88714e-07
-1.39766e-07 2.03472e-07
4.77017e-07 6.66998e-07
-4.85754e-07 4.95739e-07
-6.57548e-08 8.18715e-08
1.16677e-06 6.84399e-07
7.01256e-07 5.52413e-07
1.04158e-06 1.19115e-07
1.24144e-06 -2.79555e-08
-1.02342e-06 1.44749e-07
-7.13801e-07 4.64875e-07
2.46599e-07 3.07407e-07
9.92398e-07 -6.66998e-07
1.16673e-06 6.94838e-07
-1.37145e-06 2.19648e-07
5.77903e-07 1.24458e-07
7.16203e-07 -3.2618e-07
2.99544e-07 -5.72338e-07
1.31465e-06 3.19061e-07
-1.00752e-06 -3.61708e-11
1.34745e-06 -5.70504e-08
-6.58649e-07 -6.60676e-07
9.84689e-07 -5.20726e-07
-1.17633e-06 5.49512e-07
-1.79888e-07 2.21891e-07
1.62552e-07 2.37263e-08
-4.67048e-08 -9.92058e-08
7.71751e-07 4.78211e-07
5.84236e-08 -5.74588e-07
-3.21394e-07 3.77514e-07
1.09934e-06 -2.36625e-07
7.88474e-07 3.20319e-07
-9.38339e-07 -6.44262e-07
-4.37989e-07 -4.70631e-07
2.30183e-07 5.48772e-07
-3.68283e-07 -4.36986e-07
3.67835e-07 1.88242e-08
-9.72075e-07 -6.85665e-07
5.21278e-07 2.61876e-07
-9.38852e-07 5.39168e-07
-1.70535e-07 3.74151e-07
1.3884e-06 -1.46065e-07
2.32183e-07 1.50393e-07
-1.1651e-06 2.46344e-07
-9.29555e-07 -8.0396e-08
8.61766e-07 -4.98588e-07
-1.03279e-06 -4.6576e-07
1.27209e-06 -5.0141e-07
-1.1703e-07 -1.22223e-07
-2.21486e-07 -6.11474e-07
2.78011e-07 6.15581e-07
-4.66339e-07 -3.25846e-07
1.57597e-07 -3.00213e-07
1.43697e-06 3.29247e-07
1.27591e-06 8.96064e-09
8.52699e-07 3.1994e-07
-2.11327e-07 3.3602e-07
-7.08014e-07 -2.16785e-07
-4.14794e-07 5.74765e-08
1.36014e-06 -3.70635e-07
4.25221e-07 3.22916e-07
1.71394e-07 -4.82951e-07
4.96538e-07 2.28294e-08
3.51032e-07 5.90575e-07
-1.05502e-06 2.53517e-07
8.18921e-07 4.1295e-08
7.61521e-07 3.64078e-07
2.56778e-08 -4.75835e-07
1.16174e-06 2.10109e-07
1.23261e-06 5.59684e-07
9.35667e-08 6.99611e-07
-1.01249e-06 -9.09464e-08
7.47953e-07 4.48164e-07
2.58758e-07 1.2525e-07
6.5764e-07 -4.6051e-07
3.10485e-07 5.37299e-07
-8.19137e-07 4.31027e-07
-3.82666e-07 5.66419e-07
4.12385e-07 5.07528e-08
-1.3456e-06 1.20397e-07
5.1398e-07 5.44385e-07
-1.06152e-06 -6.95536e-07
-5.77418e-07 5.8067e-07
1.01756e-06 6.93569e-07
7.9292e-07 6.4491e-08
1.27068e-06 -1.14376e-07
6.56844e-07 -1.67869e-07
-3.29923e-07 4.95328e-07
-1.19548e-06 6.43631e-07
-1.36347e-06 -2.39077e-08
3.17163e-07 -6.62936e-07
-3.12392e-07 -4.24669e-07
-1.07692e-06 3.65401e-07
-1.13891e-06 -3.92763e-07
-9.77601e-07 -1.33521e-07
-7.86733e-07 4.74019e-08
1.19815e-06 1.89755e-07
2.02063e-07 2.68845e-07
-1.54647e-07 5.49346e-07
-1.291e-06 -8.1792e-08
5.26068e-08 -8.92296e-08
-7.99327e-07 1.886e-07
8.29742e-07 6.96675e-07
-1.22244e-06 -6.28362e-07
1.17779e-06 6.26065e-07
-1.13685e-08 9.67538e-08
1.26571e-06 3.9043e-07
1.33808e-06 -2.74523e-07
3.21214e-07 -4.60525e-07
-7.78141e-07 -1.20011e-07
-1.0492e-06 -4.96988e-07
1.10481e-06 4.50389e-07
1.16892e-06 -4.06639e-07
2.88039e-07 8.28293e-08
4.22248e-07 -6.6767e-07
-6.02099e-07 6.08383e-07
1.32985e-06 -4.94247e-07
-1.11006e-07 2.67249e-07
1.12969e-06 -6.98962e-07
-1.03592e-06 -6.54062e-07
1.04634e-06 2.5983e-07
7.07858e-07 -5.89473e-07
-1.14555e-06 -3.90739e-07
-2.45066e-07 5.30224e-07
-8.70736e-07 -1.94362e-07
5.72703e-07 -4.83693e-07
9.3896e-07 -2.32288e-08
-5.42145e-07 -4.6914e-09
1.12774e-06 -3.09445e-07
1.97203e-07 -5.74761e-07
1.0023e-07 5.94262e-07
-2.69071e-07 1.69982e-07
1.95363e-07 -4.84569e-07
-8.44174e-07 3.13766e-07
1.12202e-06 5.51865e-07
6.61168e-07 -1.4127e-07
-2.30669e-07 4.05515e-07
1.30093e-06 3.72703e-07
-3.27831e-07 1.86096e-07
-6.49384e-07 6.95761e-07
5.23434e-07 4.48273e-07
8.48114e-07 3.93252e-07
-9.5543e-07 4.56878e-07
-6.82094e-07 6.15869e-07
1.16303e-06 -2.55368e-07
3.13828e-07 5.80812e-07
-1.80877e-07 -6.73324e-07
-7.38337e-07 9.27744e-08
1.2349e-06 4.88951e-07
-3.29642e-07 -6.16733e-07
1.35396e-06 -3.34697e-07
3.01342e-07 2.24515e-07
-2.91294e-07 5.68267e-07
-1.24368e-06 5.27786e-07
7.02154e-08 4.92725e-08
-7.48135e-07 -6.51981e-08
2.03748e-07 -4.28901e-07
3.42156e-07 -2.44876e-07
5.59876e-07 -6.03316e-07
5.06014e-07 -3.86098e-07
9.05629e-07 1.78562e-07
-1.39271e-06 -2.03691e-07
-6.09649e-07 5.50862e-07
2.72078e-07 -4.47521e-07
7.34063e-08 2.55461e-08
-1.23519e-06 -4.72703e-07
-6.34255e-08 5.76416e-07
-9.19146e-07 -1.05119e-07
1.26141e-06 3.50375e-07
1.33862e-06 -5.11996e-07
9.02212e-07 -2.73205e-07
9.00811e-07 3.25958e-07
-1.26637e-06 3.24862e-07
6.12656e-07 -1.06741e-07
2.50731e-07 -5.05917e-07
-1.01019e-06 -4.53855e-07
2.90542e-07 -3.21482e-07
4.34248e-07 -6.07519e-07
5.79485e-07 2.2099e-07
1.37069e-06 5.36182e-07
-9.43343e-07 -6.08487e-07
1.22089e-06 -6.86673e-07
-1.16992e-06 -4.93514e-07
-1.3232e-06 -2.18275e-08
1.20253e-06 3.27323e-07
-2.60222e-07 6.59575e-07
1.13037e-06 1.62142e-08
-7.84838e-07 4.71472e-07
6.12827e-07 -2.62075e-07
2.82381e-07 -4.36902e-07
-1.42615e-06 -4.84854e-07
-7.89279e-07 -1.9622e-08
3.86075e-07 6.37445e-07
1.05758e-06 5.00035e-07
-1.19006e-07 -2.07147e-08
-4.29136e-07 -2.41201e-07
-6.4841e-07 6.09011e-07
3.13922e-07 4.27169e-07
-3.01534e-07 -4.0623e-07
-1.17871e-06 1.84266e-07
-1.02153e-06 -4.89731e-07
-7.31477e-07 5.26138e-07
2.70947e-07 6.56665e-07
-1.14131e-06 3.59844e-07
-4.51541e-07 3.5052e-07
-8.16166e-07 -4.8518e-07
-7.567e-07 -3.18108e-07
6.64237e-07 -2.86844e-07
1.12075e-06 -6.61042e-07
-4.28205e-07 6.05389e-07
-2.06439e-07 3.38483e-07
-1.49395e-08 -1.54079e-07
1.14157e-06 -5.92064e-07
-7.16587e-07 -2.03132e-07
1.3356e-06 3.38759e-07
-8.47985e-07 4.73487e-07
2.24332e-07 6.47542e-07
-1.26831e-06 3.59272e-07
-6.162e-07 4.48968e-07
-9.05591e-07 4.88787e-07
9.53836e-07 4.41018e-07
-5.29474e-07 -3.86028e-07
-7.03977e-07 5.78903e-07
-2.61483e-07 -6.50669e-07
8.54399e-07 -1.07291e-07
-9.748e-08 -2.09689e-07
8.43988e-07 -2.46684e-07
1.66916e-07 2.41964e-07
1.43098e-06 6.18634e-07
1.35406e-06 6.29993e-09
6.58656e-07 -3.55138e-07
9.27421e-07 2.86708e-07
-9.7235e-07 5.0846e-07
6.71394e-07 -3.88478e-07
2.7833e-07 2.29974e-07
1.16e-06 -2.3752e-08
-1.1071e-06 -2.4206e-07
-1.27199e-06 -3.0745e-07
-1.68684e-07 1.16212e-07
3.16131e-07 3.65327e-07
3.60005e-07 4.65093e-07
5.4555e-07 4.23859e-07
-8.43464e-07 6.48771e-07
-2.9886e-07 3.24609e-07
-1.15977e-06 6.09656e-07
-1.08917e-07 -4.13509e-07
1.24828e-06 6.05057e-07
-2.55837e-07 -6.21483e-07
-9.0077e-07 -9.39978e-08
1.75226e-07 6.68341e-07
-2.63092e-07 -6.02317e-07
-7.31657e-07 -4.47696e-07
-4.74433e-07 5.48543e-07
9.12768e-07 -5.87086e-07
5.57135e-07 2.5305e-07
-2.69968e-07 2.26013e-08
-1.27905e-06 -4.91805e-07
2.80629e-07 -1.50785e-07
-9.90276e-07 -6.8061e-07
-1.44039e-06 6.88265e-07
7.53955e-07 -1.2213e-07
-8.97071e-07 -5.44827e-07
1.04029e-06 -2.70459e-07
-1.41408e-06 5.19417e-07
6.44894e-07 6.6385e-07
-1.40637e-06 1.10438e-07
1.34775e-06 -3.41264e-08
-5.26057e-07 6.0423e-07
6.25323e-07 -2.07689e-07
3.32818e-07 -2.9763e-07
-9.15263e-07 -6.13089e-07
1.30542e-06 -6.93553e-07
9.68614e-08 1.82778e-07
4.3024e-07 3.67721e-07
-1.13176e-06 1.30879e-07
7.3197e-08 9.65141e-08
-8.27287e-07 4.23821e-07
-8.81385e-07 -5.00504e-07
-2.98851e-07 -5.28463e-07
-5.42723e-07 -6.58703e-07
9.86964e-09 -4.28196e-07
-5.13105e-07 1.55733e-09
9.99704e-07 3.95243e-07
-8.99386e-07 -6.58887e-07
2.58834e-07 5.46598e-07
6.98199e-07 -4.95039e-07
-9.52684e-07 -3.97788e-07
-1.15673e-06 -3.81029e-07
-8.80047e-07 -1.09644e-07
-7.02886e-07 3.0384e-07
1.42023e-06 5.42862e-07
5.98764e-07 5.36949e-07
-1.4149e-07 5.81141e-07
-5.56021e-08 -2.90138e-07
-7.05523e-07 3.17849e-07
-5.89994e-07 -5.618e-07
1.09751e-06 6.66882e-07
-6.80357e-07 -5.72547e-07
6.67283e-07 2.84903e-07
9.26012e-07 3.5748e-07
8.66282e-07 3.15765e-07
2.19379e-07 5.50273e-07
9.5061e-07 6.80932e-07
1.10571e-06 -3.17339e-07
-4.81383e-07 -2.62645e-07
1.55035e-08 -4.64796e-07
-1.33024e-06 5.70996e-07
1.49329e-07 2.98249e-07
-6.21913e-07 5.47149e-07
-1.42518e-06 -3.95361e-07
5.53179e-07 -2.55278e-07
1.44734e-06 3.36286e-08
-7.33922e-07 4.54936e-07
1.11777e-06 2.01553e-07
6.44536e-07 -1.85379e-07
-6.06237e-07 -1.96293e-07
8.35942e-07 -2.33644e-07
1.25751e-06 1.54775e-07
-1.25301e-06 -3.51972e-07
6.35752e-07 3.62642e-07
9.95796e-08 -2.94818e-07
-1.22728e-07 5.4923e-07
6.74546e-07 3.01969e-07
1.13041e-07 -3.81254e-07
-6.16216e-08 2.03447e-07
-1.20481e-07 4.98603e-08
-2.30584e-07 -8.6395e-08
1.07587e-06 -4.52109e-07
-2.5179e-07 -6.49494e-07
-4.27928e-07 5.82331e-07
-8.00652e-07 -3.40141e-07
-6.27774e-07 -4.84324e-07
9.10613e-07 -5.17894e-07
-1.87214e-07 3.97466e-07
-7.15142e-07 -3.24342e-08
-1.26675e-06 1.05579e-07
2.44811e-07 3.26164e-07
1.12879e-06 -6.72978e-07
-1.11768e-06 7.1996e-08
1.20393e-06 6.93214e-07
-2.01772e-07 -5.88517e-07
5.9457e-07 -4.97273e-07
-3.06412e-07 -5.22371e-07
-7.78432e-07 -2.99278e-07
-5.73284e-07 2.67805e-07
6.72942e-07 1.09168e-07
9.63793e-07 -5.84941e-07
-3.48416e-07 4.32975e-07
-9.00631e-07 -1.03243e-07
-1.0007e-06 -3.82552e-07
6.34807e-07 3.69083e-07
7.06678e-07 -4.9112e-07
1.44019e-06 -6.36699e-07
-2.87444e-07 1.58965e-07
-1.02591e-06 9.75252e-08
-1.03795e-06 -4.36914e-07
1.04847e-06 3.46155e-07
1.30392e-06 3.33116e-08
-8.493e-08 2.54524e-07
-1.33323e-07 -4.92131e-07
-4.20661e-07 -1.05625e-07
1.51196e-07 2.07845e-07
-1.2395e-06 -2.99587e-07
-1.14656e-06 -3.50139e-07
1.0681e-06 -4.06423e-07
-1.36156e-07 -1.34556e-07
-1.89665e-07 3.78583e-07
-1.01276e-06 3.70581e-07
9.89924e-07 2.97887e-07
-8.19407e-07 -2.92563e-07
4.12827e-07 -5.07465e-07
-6.25606e-09 3.52888e-07
1.23192e-06 -3.77506e-07
1.402e-06 6.76143e-07
-6.66318e-07 1.43194e-07
1.18587e-06 -5.35305e-07
8.71683e-07 5.83951e-07
7.02405e-07 -2.18847e-09
-6.89676e-07 1.40452e-07
-1.11441e-06 2.7104e-07
1.35332e-06 6.36128e-08
4.08737e-07 -1.43138e-07
1.3941e-06 6.93719e-07
8.20479e-07 -6.65901e-09
-8.06982e-07 2.96417e-07
-8.78332e-07 -6.26104e-07
7.81606e-07 3.39638e-07
9.81227e-07 3.04987e-07
-1.0122e-06 5.32978e-07
-1.408e-06 -6.91533e-07
1.03198e-06 1.12943e-07
-4.64804e-07 -6.50256e-07
-9.07676e-07 1.406e-07
6.05558e-07 1.89723e-07
9.44689e-07 2.58038e-07
-5.02175e-07 -1.68973e-07
-8.80386e-07 -5.818e-07
1.36678e-06 1.53744e-07
-7.07292e-07 4.26728e-07
1.1514e-06 4.09703e-07
-1.06089e-08 9.2765e-08
-7.44296e-07 2.20169e-07
5.31528e-07 1.59154e-07
-9.62445e-09 -5.647e-07
-8.33462e-07 -3.19319e-07
-3.09405e-07 1.77585e-08
7.05844e-08 6.45806e-08
1.22972e-06 -3.76591e-07
-1.00241e-06 -2.77611e-07
-1.37666e-07 -5.69202e-07
8.7739e-07 4.00806e-07
2.16925e-07 2.68783e-07
-3.24412e-07 2.59867e-08
-3.78516e-07 3.33713e-07
-1.08376e-06 -1.0221e-07
-1.23578e-06 2.89917e-07
-9.61942e-07 -2.81865e-07
-2.75575e-07 -5.36892e-07
-1.0402e-06 -9.31799e-09
-1.17415e-06 8.86628e-08
-8.90287e-07 4.87542e-07
1.30506e-06 -4.471e-07
-1.87516e-07 6.9791e-07
2.36229e-07 -2.79272e-07
-3.11614e-07 6.40653e-07
-9.70207e-07 -4.17034e-07
1.37713e-06 -5.02255e-07
1.41472e-06 1.74402e-07
7.71579e-07 -8.626e-08
2.5436e-07 3.17766e-07
1.29233e-06 4.17649e-07
3.04253e-07 -1.65369e-07
1.15727e-06 -5.59521e-07
-1.11098e-06 5.83374e-07
-1.13023e-06 5.54758e-07
-4.53285e-07 1.34135e-07
-1.06478e-07 5.77851e-07
-4.03397e-07 -2.58033e-07
9.21064e-07 -5.37947e-07
6.3677e-07 1.30502e-07
-5.46389e-07 2.87115e-07
6.49368e-07 2.28099e-07
-4.81387e-07 -4.60572e-07
-4.71054e-07 -1.99517e-07
1.33866e-06 2.24108e-07
6.63358e-07 -6.28248e-07
-9.85565e-07 1.2291e-07
-2.32523e-07 4.85233e-08
-1.88008e-07 -2.21627e-07
-2.24059e-07 -1.57946e-07
-5.8174e-07 -4.7869e-07
-7.69357e-07 3.61089e-07
1.3957e-06 -2.80553e-07
-5.69089e-07 3.47336e-07
3.85427e-07 3.45664e-07
9.71043e-09 -2.50636e-08
-8.90122e-07 -3.89219e-07
-1.40996e-06 4.73255e-07
3.01654e-07 4.06206e-07
3.36206e-07 6.72695e-07
1.14956e-07 3.67442e-07
7.90654e-07 5.30746e-07
1.16686e-06 6.4068e-07
-4.33022e-07 -3.7589e-07
-7.99306e-07 -1.10087e-08
9.04198e-07 5.68447e-08
-2.74996e-07 -3.45743e-07
8.35264e-07 2.68588e-07
-8.45765e-07 -5.71332e-07
1.27392e-07 1.14989e-07
3.51498e-07 1.718e-07
9.06595e-07 4.46816e-07
6.56845e-08 6.05599e-07
8.26448e-07 4.61774e-07
6.97247e-07 1.17331e-07
1.33497e-07 5.14932e-08
9.99374e-07 -6.05212e-07
1.42247e-06 1.46487e-07
1.30437e-06 -5.74878e-07
5.73584e-07 -1.5297e-07
-9.4806e-07 6.87387e-08
1.73379e-07 3.44889e-07
4.3929e-07 2.50719e-07
-5.52026e-07 -5.96523e-07
-1.07183e-06 7.02263e-08
5.98283e-07 3.43382e-07
5.75544e-07 6.97895e-07
9.10574e-08 -6.90878e-07
1.02861e-06 5.28473e-07
6.36248e-07 5.57931e-08
1.36748e-06 -3.44074e-07
-1.08608e-06 -4.02428e-07
-1.40051e-06 -4.62577e-08
1.39682e-06 1.98117e-07
7.18539e-07 -1.20763e-07
1.28722e-06 7.34239e-08
-1.33553e-06 1.51243e-07
1.16466e-06 3.52844e-07
-1.32381e-06 -3.29494e-07
-3.59024e-07 5.93814e-07
-2.63616e-07 2.84947e-07
1.33806e-06 -2.25405e-08
9.04414e-07 -5.74052e-07
1.28329e-07 5.67777e-07
-5.95225e-08 -6.50101e-07
2.20657e-07 4.95171e-07
5.73548e-07 6.8238e-07
-1.69803e-07 6.61559e-07
-2.47641e-07 -6.53725e-07
-2.29311e-07 6.02636e-07
1.38688e-06 1.53722e-07
-3.54804e-07 5.4431e-07
-7.18641e-07 -3.08285e-07
1.34772e-06 5.19231e-07
8.74578e-07 2.60295e-07
-9.87575e-07 -5.10815e-07
-6.53852e-07 -1.76969e-07
-7.32008e-07 2.65125e-07
7.35829e-07 3.707e-07
-9.83083e-07 -5.60944e-07
-7.42315e-07 5.83651e-07
5.98131e-07 7.63786e-08
1.31932e-06 -5.07274e-07
-4.19355e-07 2.90854e-07
7.23286e-07 6.03816e-07
-5.8476e-07 -6.68769e-07
-6.91773e-07 6.39408e-07
-7.83793e-08 -5.65669e-07
-8.74129e-07 -3.09593e-07
1.01809e-06 -6.40112e-07
5.25205e-07 6.3238e-07
-4.93074e-07 5.17998e-07
1.49571e-07 1.48307e-07
1.39999e-06 -3.1019e-07
2.41761e-07 -3.45684e-07
-1.20286e-07 4.63291e-07
3.10081e-07 6.364e-07
-7.19236e-07 8.22597e-08
3.39485e-07 -4.24454e-08
1.3474e-06 6.79916e-07
8.27098e-07 -4.72938e-07
1.02875e-06 4.98521e-08
-1.28819e-06 5.13121e-07
-9.04538e-07 -4.34218e-07
7.63106e-07 3.44415e-07
2.61495e-07 6.07416e-08
4.24857e-07 6.20308e-07
7.22868e-08 -3.10788e-07
-1.12863e-06 -4.93541e-07
1.34513e-06 -1.39747e-07
2.23295e-07 6.92253e-07
1.61755e-07 -6.85025e-07
2.11367e-07 -6.16081e-07
1.14073e-06 -1.74954e-07
1.26555e-06 6.60572e-07
5.87457e-07 -1.07686e-07
8.85384e-07 -5.73263e-07
1.05203e-08 2.24075e-07
-4.02767e-07 -6.62691e-08
-8.43351e-07 -4.33787e-08
-5.58717e-07 3.14159e-07
-3.60546e-07 2.52712e-07
2.19498e-07 -2.06442e-07
-8.21398e-07 -1.36395e-07
1.24115e-06 6.16018e-07
-6.33645e-07 -3.06085e-07
-6.10924e-07 -3.58475e-07
-6.40952e-07 -5.26863e-07
6.17667e-07 1.69756e-07
9.9163e-07 -5.55882e-07
1.42479e-06 -4.48275e-07
-1.23555e-06 -2.06e-08
-2.08012e-07 6.0907e-07
-5.32038e-07 -4.78929e-07
8.73228e-07 -3.18852e-07
3.68028e-07 8.34528e-08
-8.12152e-07 4.82551e-07
1.98954e-07 2.73924e-07
2.12202e-08 4.30176e-07
-3.4943e-08 4.4464e-07
-1.10462e-06 -5.35092e-07
3.54275e-07 -2.66501e-07
6.17142e-07 3.63597e-08
3.52747e-07 6.29549e-07
1.14446e-06 -4.84075e-07
-4.69755e-07 -7.05615e-09
1.02645e-06 4.00543e-07
-1.88648e-07 4.26464e-07
-8.38483e-07 -2.18807e-07
-1.15152e-06 6.22193e-07
1.15845e-06 5.96511e-07
5.40916e-07 6.21386e-07
9.66936e-07 -6.197e-07
7.6206e-07 -5.15873e-07
1.11256e-06 4.54146e-07
-1.03304e-06 4.37942e-07
1.11846e-07 -3.52469e-07
1.22658e-06 -1.35027e-07
-7.03234e-07 6.19461e-08
-8.20085e-07 1.65376e-07
-1.30835e-06 -3.36911e-07
5.20386e-07 -4.52347e-07
9.15335e-07 -4.49762e-07
1.30425e-06 -4.00512e-07
6.26061e-07 3.72683e-07
-1.35354e-06 -6.28441e-07
-4.41955e-07 -2.18471e-07
4.14812e-07 -5.71922e-07
-8.56751e-07 -3.33195e-07
-5.86404e-07 -1.96682e-07
-4.93788e-07 1.02749e-07
-6.59946e-07 -5.90979e-08
1.3488e-06 1.72269e-07
-5.6614e-07 -3.40295e-07
9.21608e-07 6.7243e-07
1.22453e-06 -4.16016e-07
3.93698e-07 -5.30513e-07
5.67464e-07 2.48478e-07
-1.82566e-07 -6.99186e-07
2.55687e-07 4.69163e-07
-1.26773e-06 2.14471e-07
-4.38641e-07 2.01617e-07
-3.18705e-07 -2.82428e-07
-3.67008e-07 3.688e-07
4.86449e-07 -3.01603e-07
7.04964e-07 1.72889e-07
-4.19178e-07 -6.53565e-07
-2.24228e-07 -3.71186e-07
-1.31964e-06 -3.94692e-09
1.3175e-06 -2.37594e-07
-8.22965e-07 6.35183e-07
2.26375e-07 -1.48333e-07
9.39555e-07 2.47377e-07
4.87032e-07 6.56869e-07
1.1244e-06 4.57979e-07
1.33898e-06 -5.91871e-07
-2.23361e-07 -1.02296e-09
-1.04886e-06 4.99313e-07
4.83288e-07 -2.51789e-07
-1.25875e-06 2.47934e-07
1.25553e-06 -1.71257e-07
1.23731e-06 1.88137e-07
9.19059e-07 -6.29324e-07
9.96746e-07 3.16587e-08
-5.35034e-07 6.09204e-08
-1.21098e-07 4.37187e-07
-3.17775e-07 9.3145e-08
-2.0957e-07 5.59449e-07
-1.28055e-06 6.14806e-07
7.60584e-07 3.91227e-07
-1.0499e-06 6.86158e-07
1.05718e-06 1.50122e-07
-1.15846e-06 5.44366e-07
-1.30612e-06 -1.31353e-07
-1.2873e-06 1.57368e-07
-1.1356e-06 -5.98788e-07
-1.04955e-07 -1.50221e-07
2.19694e-07 -4.77943e-11
-1.38363e-06 3.32259e-07
-4.47512e-08 -3.24058e-07
8.35115e-07 -2.98794e-07
-1.16968e-06 -2.58515e-07
-1.40167e-06 1.39116e-07
-1.39309e-06 -5.50222e-07
5.60905e-07 -2.4138e-07
-1.39541e-06 -6.96276e-07
-8.56615e-07 4.76633e-07
1.36218e-06 -5.69797e-07
-1.35927e-06 4.35976e-07
-3.06333e-07 -2.55982e-07
1.16677e-06 2.53885e-07
-5.00543e-07 2.41958e-07
1.36791e-06 -3.38267e-07
-8.86185e-07 -2.88962e-07
2.94468e-07 6.18654e-07
-1.01034e-06 6.82181e-07
-1.01583e-06 2.29651e-07
-1.08575e-06 -4.91981e-07
-1.21028e-06 -4.08469e-07
9.93299e-07 4.03978e-07
1.22666e-06 -6.56416e-08
-1.20595e-06 -4.22113e-07
5.63697e-07 -2.57529e-07
-8.67502e-07 5.3035e-07
-1.25135e-06 5.61631e-07
-1.30586e-06 4.2312e-07
-7.0419e-07 4.44198e-07
-1.78608e-07 -3.78507e-07
-4.48736e-07 2.54959e-07
1.27337e-06 6.91716e-07
1.18713e-06 -1.77405e-07
-3.04262e-07 1.16932e-08
3.35884e-07 -4.22913e-07
1.97434e-07 2.77669e-07
9.16898e-08 -5.05158e-08
6.27598e-07 -3.41643e-07
1.01543e-06 4.55689e-07
-8.1236e-07 -3.50334e-07
-9.81066e-08 5.65117e-08
-7.30562e-07 -5.50983e-07
-1.19706e-06 5.57624e-08
1.26946e-07 9.53327e-09
1.33044e-07 2.03681e-07
-1.36923e-06 -5.62298e-07
7.62515e-07 -4.10325e-07
8.68296e-08 3.50074e-07
1.63655e-07 4.4845e-07
9.08413e-07 -5.04967e-08
-1.4471e-06 -4.1246e-07
-1.2787e-06 -5.90102e-07
-1.10611e-06 -2.64118e-07
-6.39973e-07 -4.48724e-07
1.23577e-06 -6.38165e-07
-1.7405e-07 -4.67685e-07
-7.07361e-07 -2.78611e-07
-2.33524e-07 5.65444e-07
-6.46615e-07 -1.9752e-07
-4.98932e-07 5.99108e-07
-1.31387e-06 -6.9301e-08
8.79665e-07 -6.97307e-07
-1.39274e-06 -5.30514e-07
9.18873e-07 -3.26219e-07
-1.14723e-06 -5.81338e-07
-8.63685e-07 6.35041e-07
-3.55482e-07 5.58636e-07
-3.51381e-07 -7.73017e-08
-2.96463e-07 3.53214e-07
-9.84806e-07 -1.0746e-07
-1.05879e-06 -1.68457e-07
8.82716e-07 -5.50967e-07
-7.8549e-07 3.0213e-07
-1.23914e-06 -6.07929e-07
7.26612e-07 -4.34129e-07
1.05291e-06 4.30178e-07
-6.07212e-07 1.7307e-07
3.32148e-07 -5.19974e-07
-3.87722e-07 -4.97795e-07
1.16756e-06 1.45221e-07
2.23766e-07 -8.56604e-09
8.38368e-07 -4.8106e-07
-1.59809e-07 1.3649e-07
1.36904e-06 4.59492e-07
8.04984e-07 2.359e-07
1.21109e-06 2.22939e-07
-6.36819e-07 1.20204e-08
6.63315e-08 4.17846e-07
9.34977e-07 -4.15963e-07
-1.05001e-07 -2.68566e-08
-8.07227e-07 6.05182e-07
-4.56189e-07 -5.22911e-07
1.70981e-07 3.77319e-07
2.35344e-07 -3.5183e-07
-1.34924e-06 -5.36796e-07
-1.34548e-07 5.1745e-07
1.69299e-07 -4.57078e-07
1.25349e-06 4.85194e-07
9.7681e-07 -3.00038e-07
-7.3547e-07 -2.23483e-07
-1.17665e-06 -6.55011e-07
3.93411e-07 -3.74674e-07
4.90082e-07 5.63986e-07
-9.22509e-07 3.11724e-07
-5.13849e-07 4.54664e-07
-6.60183e-07 -4.58755e-07
-1.34924e-06 -6.52551e-07
-1.19807e-06 5.95336e-07
3.25669e-07 -1.43095e-07
-4.14489e-07 6.98703e-07
1.48395e-07 -5.98969e-07
3.9455e-07 -3.17521e-07
5.56727e-07 4.14328e-07
3.01399e-07 1.14061e-07
-7.45609e-07 -4.39054e-07
-1.06375e-06 -5.58153e-07
-1.18217e-06 -1.8439e-07
-7.86055e-07 -6.19618e-07
-6.61977e-07 -2.95373e-07
-2.56466e-07 6.00558e-07
1.24656e-06 -2.97791e-07
7.36498e-08 5.46854e-07
-4.47395e-07 6.28147e-07
-1.08525e-06 3.71156e-07
1.10873e-06 6.26426e-07
2.55739e-07 -5.40178e-08
1.27301e-06 -6.80939e-07
-5.3095e-07 -5.81626e-07
6.04877e-07 -5.78188e-07
-3.73184e-07 1.80081e-07
-1.18546e-06 -6.04762e-07
7.04798e-07 -4.27231e-07
3.23876e-07 4.89419e-07
2.24599e-08 -3.18372e-07
7.21638e-07 5.0269e-07
-1.01774e-06 -2.60417e-08
4.77093e-07 -5.60793e-10
-3.05633e-07 2.60094e-07
9.44399e-07 3.50929e-07
-7.47042e-07 2.047e-08
1.0216e-06 6.33444e-07
7.65626e-07 -7.88969e-08
1.30165e-06 5.24254e-07
3.94666e-07 1.89209e-07
1.44142e-06 -6.79735e-08
9.68985e-07 3.4091e-07
1.4284e-06 -1.29961e-07
8.18815e-07 6.45156e-07
-9.68688e-07 5.59296e-07
-1.31419e-06 -2.92816e-08
1.40814e-06 1.43157e-09
-3.49451e-07 9.52132e-08
-1.27942e-06 -4.67612e-07
-7.74648e-07 -2.73199e-07
9.39578e-07 -4.19156e-07
-1.24805e-06 4.17838e-08
-2.16938e-07 -3.69937e-07
9.78561e-08 1.38646e-07
2.31528e-07 -5.67337e-07
-4.47791e-07 -6.59708e-07
-1.42758e-06 4.57987e-07
-1.16539e-06 -4.69035e-07
7.13578e-07 8.33951e-08
1.3957e-06 1.28856e-08
-8.14541e-07 -3.04692e-07
3.35312e-07 1.64572e-07
-1.3404e-06 3.80565e-07
-4.31303e-07 -1.56834e-07
-1.02961e-06 -3.22774e-07
-1.3311e-06 -6.98921e-07
-3.7683e-07 6.80533e-08
-1.41571e-06 -4.74354e-07
-1.43772e-06 -4.90985e-08
-2.10935e-07 -6.04963e-07
1.01054e-06 8.64046e-08
2.39446e-09 2.84727e-07
-6.26696e-07 -3.58051e-08
3.5779e-07 5.6114e-08
6.79107e-07 -6.05235e-07
1.07228e-06 1.60988e-07
7.6045e-07 -3.56395e-08
-5.27639e-07 1.49326e-07
-6.31453e-07 -6.10343e-07
2.53875e-07 4.1762e-07
1.08386e-06 6.15713e-07
1.12534e-06 1.57468e-07
8.32274e-07 3.71415e-07
6.80092e-07 -3.18261e-07
-3.10111e-07 -1.10762e-07
-8.45367e-07 -1.50624e-07
-4.57392e-07 3.98069e-07
-1.34212e-06 8.89351e-08
9.60802e-07 4.08946e-07
1.08405e-06 -1.57343e-08
9.78093e-07 -2.47343e-07
1.39305e-06 -5.95818e-07
-7.95733e-07 -5.6446e-07
-1.34214e-07 -5.04688e-07
-1.42929e-06 4.76091e-07
-9.33987e-07 1.19276e-07
-2.21569e-07 1.08392e-07
1.11908e-06 -4.04342e-07
-1.40297e-07 6.3751e-07
7.6988e-07 -1.82802e-07
6.92789e-07 1.26296e-07
9.18623e-08 -1.68832e-07
2.80074e-07 -1.95569e-07
1.41986e-06 4.61785e-07
-6.43641e-07 5.57665e-07
-1.11967e-06 5.43928e-10
-6.79225e-07 -1.96252e-07
1.29597e-06 4.64448e-07
3.14398e-08 4.89943e-07
7.03135e-07 -4.91996e-07
9.57481e-07 -6.88265e-07
2.85059e-07 1.27378e-07
-9.61375e-07 -3.18853e-08
1.09347e-06 6.23181e-07
-1.28553e-06 3.61689e-07
-3.16427e-07 1.92652e-07
-1.08569e-06 3.40315e-07
6.52298e-07 -3.11686e-08
8.01982e-07 -3.36736e-07
-1.06052e-06 -3.53182e-07
1.17653e-06 -5.01051e-08
-4.42564e-07 -4.39833e-07
-1.20645e-06 -6.83142e-07
1.38178e-06 4.4785e-07
5.62966e-07 -6.11162e-07
1.32004e-06 -4.9521e-07
-1.05531e-06 -6.51286e-08
-7.23654e-07 -6.99657e-07
8.24531e-07 4.79991e-07
7.66422e-08 -7.58192e-09
1.40883e-06 -2.31423e-07
-1.12995e-06 9.05957e-08
2.55887e-07 3.88281e-07
-2.0509e-07 2.27781e-09
-2.86639e-07 -4.09894e-07
-8.25559e-07 -3.90141e-07
1.11106e-06 4.32976e-09
-1.65392e-07 -6.34854e-07
2.88155e-08 -6.18812e-07
3.21535e-07 -1.57944e-07
1.09485e-06 -3.83351e-07
4.01336e-07 3.58044e-07
1.34512e-06 2.43386e-07
-7.48213e-07 5.0699e-07
8.57862e-07 6.4714e-07
-3.22431e-08 -1.5961e-07
4.39319e-07 5.87123e-07
5.29418e-07 1.47431e-07
-4.97681e-07 -6.50732e-07
6.53284e-07 6.35178e-07
6.91893e-07 4.71024e-07
-1.34163e-06 6.69961e-07
-1.05927e-06 4.39667e-07
4.8303e-07 6.63901e-07
-1.37585e-06 -4.31949e-08
-3.4574e-07 3.26132e-07
-1.21121e-06 -5.27987e-07
9.26572e-07 6.05217e-07
8.54492e-07 1.58893e-07
7.50615e-07 5.31157e-07
2.41643e-07 4.99023e-07
-1.30923e-06 5.6459e-07
9.21003e-08 5.59217e-08
3.62161e-07 -6.86611e-07
2.01986e-08 3.49708e-07
-1.19085e-06 3.93208e-08
1.01851e-06 5.09189e-07
-1.21616e-06 9.27561e-08
1.00317e-06 5.35993e-07
-1.34022e-06 -1.64775e-07
3.66016e-07 4.59369e-07
1.98775e-07 -3.66519e-07
4.85083e-07 9.11209e-08
1.02712e-06 -5.02651e-07
1.41199e-06 2.40371e-07
1.11614e-06 -1.45087e-07
4.28163e-07 2.22164e-07
3.38784e-07 4.94744e-07
-1.10012e-06 -6.12419e-07
8.50906e-07 -4.91779e-07
-4.67204e-07 7.38739e-08
-4.02843e-08 -1.76981e-07
5.71798e-07 -3.5899e-07
-7.5845e-07 -6.32134e-09
-6.93294e-07 -1.08824e-07
-1.06878e-06 3.88612e-07
-5.04288e-07 -5.94612e-07
7.06062e-07 -6.33249e-07
-8.63382e-07 1.01329e-07
-1.18912e-06 5.19381e-07
-1.26398e-06 6.53735e-07
6.27426e-07 -4.10824e-07
-4.65594e-07 5.68479e-07
6.52196e-07 -2.79762e-07
1.32392e-06 6.12091e-07
-2.07869e-07 -3.61962e-07
-9.00688e-08 4.64143e-07
1.12392e-06 4.22413e-07
6.79053e-07 2.40554e-07
1.09768e-06 5.99242e-07
9.28914e-07 -4.18309e-07
1.7468e-08 -5.0295e-07
-1.11245e-07 3.54002e-07
1.26861e-06 8.75084e-08
-1.31149e-06 6.90288e-07
-4.62034e-07 4.46758e-07
1.41451e-06 -6.19601e-07
-4.93628e-07 1.42852e-07
4.42365e-07 -3.60833e-09
-1.37185e-06 2.42959e-07
5.07212e-08 2.87402e-07
1.00738e-06 -5.30021e-07
5.54977e-07 -6.43236e-07
2.76435e-07 3.91666e-07
-5.64455e-07 5.02158e-07
7.08951e-07 5.67445e-07
7.13718e-07 5.70896e-07
1.35236e-06 1.42979e-08
-9.62722e-07 3.64214e-07
1.44915e-06 -1.92582e-07
-4.01781e-08 -4.39314e-07
1.25074e-06 -3.84932e-07
1.55148e-07 2.07331e-07
7.53863e-07 -3.72028e-07
7.31263e-07 -6.02239e-08
-1.26407e-06 6.73719e-08
-1.78824e-07 -1.36254e-07
4.91738e-07 3.98737e-07
6.21699e-07 3.84305e-07
5.01513e-07 -6.21116e-07
-1.33698e-06 1.41048e-07
9.03397e-07 3.62068e-07
9.8796e-07 6.38565e-08
9.22056e-08 5.50844e-07
8.82358e-07 6.33576e-07
-1.07823e-06 -2.52356e-07
-4.68667e-07 -2.01291e-07
-3.8563e-08 -3.85451e-07
-1.09775e-08 -1.04181e-07
3.55065e-07 -4.64618e-08
8.33124e-08 1.2851e-07
-5.86848e-07 -1.0155e-07
5.46569e-07 -1.65482e-08
1.06709e-06 6.88042e-07
-5.31735e-07 3.11643e-07
1.08124e-06 3.43348e-07
2.64953e-07 -6.14025e-07
7.60196e-07 -4.21236e-07
-1.00836e-07 -3.1634e-08
3.82979e-07 6.47616e-07
-4.09516e-07 1.52222e-07
1.57488e-07 5.77091e-07
-1.12244e-06 2.51237e-07
-4.01758e-07 -2.44202e-07
1.39174e-07 -1.66725e-07
1.30717e-06 2.65254e-07
-7.77975e-07 2.86671e-07
-6.26855e-07 2.41052e-07
-1.3183e-06 -4.85469e-07
-8.35006e-07 6.71254e-07
2.04421e-07 4.47112e-07
-3.17017e-07 4.76046e-07
-8.00465e-07 -6.52282e-08
-1.09276e-06 3.46916e-07
5.55901e-07 -1.07335e-07
7.97412e-07 4.62648e-07
-1.35593e-06 -5.64706e-07
-8.68885e-07 -5.92525e-07
3.58227e-07 3.89974e-07
6.26665e-07 4.97193e-07
1.03031e-06 4.11815e-07
-1.13367e-06 -4.60217e-07
1.31934e-07 -1.78178e-07
-1.13731e-06 5.51305e-07
7.40828e-07 -4.37887e-07
-1.2053e-06 -2.5224e-07
1.46609e-07 -4.7944e-07
1.28879e-06 3.83127e-07
1.26166e-07 3.85304e-07
-5.15057e-07 5.88208e-07
-3.12639e-07 -2.78492e-07
4.79162e-07 -9.39273e-08
4.00724e-07 5.12088e-07
-8.17474e-07 -1.45221e-07
-4.89735e-07 6.96118e-07
-1.05946e-06 9.03397e-09
1.34531e-06 2.02616e-07
-2.63993e-07 3.47835e-07
-9.87092e-07 3.84097e-07
-5.67819e-07 3.8559e-07
2.70348e-08 -3.23651e-07
1.07199e-06 -6.52295e-07
-2.22083e-07 -2.38687e-07
8.64423e-07 1.76648e-07
1.19006e-06 5.72007e-07
-2.24033e-07 -4.28334e-07
-8.1099e-07 3.35069e-07
2.92219e-08 6.10461e-07
1.41149e-06 3.9613e-07
1.16384e-07 -2.87572e-07
-1.3501e-06 -4.75684e-07
1.18078e-06 2.04015e-07
-2.15497e-07 1.75804e-07
-5.70376e-08 5.38556e-07
1.13967e-06 -2.43055e-07
9.62355e-07 -2.51394e-07
6.56974e-07 3.32655e-07
-2.05859e-07 1.4634e-08
1.4457e-06 4.99239e-07
3.16366e-07 -5.71962e-07
-7.33375e-07 5.61093e-07
-1.17009e-06 -1.13972e-07
-1.11755e-06 4.12286e-07
-6.97234e-07 -5.60279e-07
-1.15549e-07 5.95576e-07
2.32554e-07 -4.06228e-07
1.3263e-06 3.22642e-07
-1.27779e-06 3.29549e-07
1.0695e-07 1.05044e-07
-8.97347e-07 -2.91252e-07
-5.08323e-07 -4.74023e-08
4.00497e-07 1.75366e-07
6.47544e-07 -4.93701e-07
3.5496e-07 -7.17013e-08
1.06704e-06 4.05979e-07
1.32878e-06 5.69183e-07
-1.21711e-06 4.2675e-07
9.7417e-07 2.75764e-07
-9.32884e-07 1.32936e-07
-1.13934e-06 6.16546e-07
-1.28446e-06 5.07275e-08
7.77344e-08 -2.55303e-07
7.79917e-07 4.9478e-07
-1.09282e-07 -6.04405e-07
3.06642e-07 1.10076e-07
1.41903e-06 -6.88698e-07
5.18632e-07 4.35758e-07
-3.85295e-07 -6.42786e-07
1.34047e-06 2.10598e-07
-8.22939e-07 3.81016e-07
7.5128e-07 4.23112e-07
1.31748e-06 8.98621e-08
1.39847e-06 4.41261e-07
-2.28448e-07 -4.3035e-07
6.52197e-07 -1.29833e-07
9.15312e-07 1.66136e-07
7.54668e-07 4.41914e-07
-3.62998e-08 4.85003e-07
9.37837e-08 7.04351e-08
-6.67035e-08 -6.98226e-07
1.04218e-06 -1.93684e-07
1.47181e-07 4.39988e-07
1.20346e-06 -8.81092e-08
-1.03933e-07 -1.71804e-07
-1.19794e-06 5.05524e-07
6.34153e-07 -5.83107e-07
8.33833e-07 -2.84142e-07
-6.09759e-08 4.3412e-07
-1.23247e-06 -5.6608e-07
-1.25011e-06 2.5262e-07
1.43587e-06 -4.95191e-07
-1.54139e-08 -3.41087e-07
-6.38444e-07 -6.0072e-08
-5.36781e-07 -4.44328e-07
4.28146e-07 -9.69241e-08
-3.77788e-07 1.83951e-07
-9.26741e-07 3.50692e-07
5.93391e-07 6.39155e-07
1.87917e-07 5.00672e-07
-5.83135e-07 2.45576e-07
1.24304e-06 -1.97797e-08
5.57154e-07 3.37888e-08
-1.78801e-07 1.47803e-09
-1.29153e-06 6.15754e-07
-1.65218e-07 3.47061e-07
7.82844e-07 5.94029e-08
-1.3889e-06 -6.77012e-07
2.61482e-07 7.96998e-08
5.95459e-07 -4.22118e-07
-6.85539e-07 6.90712e-07
1.05869e-06 -6.52148e-07
1.41861e-06 1.65191e-07
-1.1157e-06 -6.93508e-07
-7.63687e-07 3.05458e-07
-1.85218e-07 -1.66754e-08
-3.04921e-07 1.2834e-07
7.18483e-07 -6.7195e-07
-6.90138e-08 -5.86199e-08
4.06045e-07 6.80441e-07
-1.4057e-06 -5.57556e-07
-4.08264e-07 3.41901e-07
-1.46462e-07 -2.78012e-07
1.23494e-06 5.94992e-07
-6.67533e-08 3.9317e-07
2.78866e-08 9.50684e-08
-2.2759e-07 -4.31229e-07
-1.33718e-06 -8.43207e-08
-1.74751e-07 -1.50317e-07
1.21491e-06 3.65086e-07
-1.11526e-06 4.3865e-07
-1.37173e-07 -1.40966e-07
5.83747e-07 1.85129e-08
-5.45685e-07 1.47064e-07
-6.85114e-07 -2.79624e-07
-5.28066e-07 -4.88899e-07
-8.97705e-07 6.69433e-07
-2.45107e-07 6.51907e-07
-1.35675e-07 -3.11017e-07
-1.01286e-06 -1.6442e-07
-8.05614e-07 -5.13732e-07
-4.75619e-07 -8.50477e-08
-4.13012e-07 -2.25467e-07
9.92268e-07 3.58258e-07
-4.26112e-07 -2.71648e-07
-8.68191e-07 2.96997e-07
9.26551e-07 -2.05861e-07
-6.02733e-08 9.71586e-09
-1.85961e-07 5.51703e-08
-2.75802e-08 6.0336e-07
-1.27786e-06 -1.50002e-07
-1.29212e-06 3.78168e-07
1.19636e-06 -7.04808e-08
7.62383e-07 4.49343e-07
9.22322e-07 6.14417e-07
-5.16467e-07 3.15819e-07
2.01419e-07 -5.12945e-07
5.85487e-07 2.22955e-07
6.36235e-07 6.84339e-07
6.43782e-07 5.45371e-08
-6.31556e-07 5.03475e-07
-7.47261e-07 -5.43258e-07
-7.89717e-07 5.87959e-07
3.69089e-07 -4.36093e-08
-1.07471e-06 -5.09568e-07
-1.15727e-06 -1.22825e-07
6.54709e-07 -4.93156e-07
1.00576e-06 -4.08061e-07
5.53847e-07 2.48799e-07
-5.94585e-07 -1.91061e-07
7.83958e-07 -6.59341e-07
-3.29869e-07 -3.35355e-07
1.65131e-07 -5.92178e-07
-6.70438e-07 -1.13241e-07
-6.24466e-07 -4.79828e-07
-1.08262e-06 -5.09296e-07
1.00752e-08 1.62356e-07
-7.79699e-07 1.53696e-07
-1.30524e-06 -2.56257e-07
-1.6111e-07 -6.71202e-07
8.93352e-07 4.37329e-07
2.71503e-07 6.72502e-07
6.0136e-07 -1.91135e-07
1.2482e-07 6.71193e-07
-2.21968e-07 -3.51168e-07
3.76563e-07 -4.0865e-07
-5.91696e-07 -5.85392e-07
1.04074e-06 4.63005e-07
6.2631e-07 2.84819e-07
-6.63432e-08 -5.08922e-07
-2.48995e-07 6.98684e-07
9.96837e-08 3.50649e-07
-1.18267e-06 -6.4673e-07
4.71518e-07 -4.71366e-07
3.86897e-08 -4.25365e-08
8.21446e-07 6.70365e-07
-1.40418e-06 -3.17211e-08
-1.00142e-06 6.10377e-07
-1.3567e-06 2.62495e-07
-1.39426e-06 -2.30993e-07
-5.50788e-07 3.51437e-07
-9.97013e-07 -5.67019e-07
1.02759e-06 4.54115e-07
-8.63419e-07 1.16459e-07
-6.31783e-07 -5.46839e-08
-4.09392e-07 6.57879e-07
5.17285e-07 4.90146e-07
-5.5475e-09 -8.7257e-09
-3.59508e-07 6.96905e-07
-7.0922e-07 -3.845e-07
2.0847e-07 -2.40369e-07
6.44628e-08 -1.88969e-07
-8.86073e-07 -6.9093e-07
-8.32947e-07 -5.38069e-07
5.09794e-07 -6.24568e-07
7.30434e-07 -3.64384e-07
-9.51783e-07 2.97834e-07
7.96327e-07 1.06534e-07
-7.292e-07 3.01507e-07
1.02092e-06 -4.29642e-08
1.44635e-06 4.06301e-07
9.83927e-07 -3.25972e-07
8.02072e-07 6.9988e-07
-9.75971e-07 3.65408e-07
-3.62518e-07 -5.44461e-07
9.32355e-07 -2.01093e-07
-1.1692e-06 -1.81089e-07
1.28973e-06 4.52292e-08
1.14956e-06 3.00825e-07
7.10599e-07 -5.31823e-07
1.22837e-06 -4.69308e-07
-1.25526e-06 -6.79638e-08
-8.04131e-07 -8.24277e-08
1.34787e-06 5.76622e-08
9.44281e-09 -1.15601e-07
-8.19854e-07 3.30183e-07
-7.04714e-07 3.27486e-07
8.92693e-07 2.76021e-07
-1.29487e-08 3.48772e-07
4.84243e-07 5.55663e-07
-8.03406e-08 2.27563e-07
-9.24651e-07 -3.41013e-07
-3.964e-07 -1.62664e-07
-1.41023e-06 -6.85545e-07
1.27334e-06 1.68816e-08
-1.29511e-06 -4.67644e-08
-8.86321e-07 -5.65993e-07
-8.50078e-07 2.82493e-07
-7.59659e-07 -6.97235e-07
-3.14161e-07 2.75085e-07
4.80531e-07 -2.99154e-07
3.58908e-07 -7.6329e-08
7.39479e-08 -2.75494e-07
7.6579e-07 3.35706e-07
1.2533e-06 -2.54119e-07
-2.22459e-07 -2.37042e-07
3.24652e-07 -4.74531e-07
8.38027e-07 -5.4598e-07
4.57061e-07 3.25057e-07
-5.97346e-07 3.19e-08
1.32525e-06 3.03465e-07
1.05363e-06 8.9174e-08
3.72377e-07 -5.9022e-07
-1.22938e-07 5.31447e-07
1.64669e-07 -1.588e-07
6.20192e-07 8.93066e-09
9.70378e-07 -3.4654e-09
-9.96198e-07 4.13107e-07
1.39766e-06 -3.35684e-07
4.9898e-07 4.41052e-07
-3.58018e-07 6.47123e-08
1.2608e-06 -3.556e-07
-8.94967e-07 -3.80415e-07
-9.3694e-08 6.30455e-07
9.12283e-07 4.87242e-08
3.91654e-07 -6.3046e-07
-9.51285e-07 1.70506e-07
-1.14833e-06 -4.1551e-07
1.30267e-06 -4.51956e-07
-4.56142e-08 -1.14178e-07
3.02919e-07 4.03851e-07
-1.11654e-06 1.65211e-07
1.05532e-06 -2.05615e-07
6.29612e-07 -6.66291e-07
4.25534e-07 -6.55069e-07
-3.52356e-07 2.46265e-07
-1.63958e-07 3.05295e-07
-3.5467e-07 6.91178e-08
-1.14366e-06 4.43097e-07
-4.33776e-07 -5.95137e-07
8.42307e-07 -6.46486e-07
3.8495e-07 2.49066e-07
1.17051e-06 -1.03846e-08
1.12158e-06 3.26858e-07
2.06207e-07 -4.19093e-07
-7.42875e-07 5.70003e-07
-2.77154e-08 -5.3581e-07
8.32324e-07 -1.0655e-08
-2.67603e-07 -6.56534e-07
-6.56379e-07 6.21832e-07
-1.40405e-06 -1.1174e-07
1.318e-06 -3.16982e-07
-1.19611e-06 -2.61749e-07
-3.0385e-07 5.30322e-07
-1.03353e-06 -5.10988e-08
1.31323e-07 -5.02745e-07
-3.18572e-07 -4.99665e-07
5.10489e-07 -5.65664e-07
1.43599e-06 -5.15502e-07
-1.09027e-06 -6.71626e-07
7.37229e-07 5.3394e-07
3.18567e-07 -1.12295e-08
1.01649e-06 -1.91181e-07
5.79585e-07 -3.51482e-07
-5.69584e-07 -5.41721e-07
4.64403e-07 -6.19416e-07
1.28935e-06 -3.66823e-07
1.3408e-06 -1.48462e-07
1.33263e-06 4.92639e-07
1.0855e-06 -1.19076e-07
1.82483e-07 1.22872e-07
-7.60122e-07 -1.28913e-07
-7.92608e-07 2.7908e-07
-9.58151e-07 -2.86332e-07
9.7076e-07 4.11866e-07
-1.38018e-06 1.06558e-07
7.32017e-07 1.64289e-07
4.96483e-07 5.862e-07
1.44084e-06 -6.17685e-07
1.06323e-06 -1.04395e-07
5.10294e-07 -3.14228e-07
9.39908e-07 -3.76108e-07
6.80238e-07 7.84854e-09
-1.06002e-06 -2.24758e-07
-1.11659e-07 -3.90381e-07
-2.64882e-07 -4.63757e-07
5.38664e-07 -1.05868e-07
-6.91045e-07 3.34525e-07
9.20413e-07 5.1827e-07
1.13577e-06 -4.08373e-08
-5.58346e-07 6.52786e-08
-1.04016e-06 -6.19073e-07
4.33459e-07 -3.69242e-07
3.47982e-07 4.31335e-07
-8.78585e-07 -5.40564e-07
-1.09289e-06 5.21881e-07
-8.56072e-07 -3.14598e-07
3.28573e-07 -3.55392e-07
-9.56953e-07 -1.05642e-08
-8.18814e-07 6.54471e-08
1.06901e-06 1.23711e-07
-4.52212e-07 1.11255e-07
-1.23713e-07 6.14895e-07
5.48739e-07 -9.86682e-08
5.7352e-07 1.05705e-07
5.49924e-08 2.92215e-07
2.23696e-07 -5.56128e-07
-1.37543e-06 -4.22289e-08
1.24466e-06 6.14354e-07
1.53408e-07 3.37542e-08
-1.3769e-06 -5.95668e-07
-6.64651e-07 -4.95126e-07
1.00673e-06 1.38556e-07
6.82753e-07 -5.24495e-07
1.00748e-06 -4.57545e-08
-7.66854e-07 2.7351e-07
-8.00584e-07 5.79229e-07
-9.67112e-07 -1.46692e-07
1.43637e-06 4.46252e-07
-1.23166e-06 -4.17428e-07
7.12769e-07 2.42174e-07
1.74933e-07 -6.43246e-07
-6.15942e-07 -4.23792e-07
-1.44411e-06 -2.60726e-07
8.71513e-07 -5.4482e-07
5.51827e-07 4.08263e-07
9.71718e-07 4.45015e-07
-3.26755e-07 1.1133e-07
5.29101e-07 6.60803e-08
1.23075e-06 -5.63744e-07
1.40323e-06 2.1174e-07
-8.82535e-07 -8.7672e-09
-1.07943e-06 -1.62817e-07
-3.30859e-07 -8.91214e-08
3.68078e-07 6.19567e-07
-1.22123e-06 -4.32029e-08
-1.09745e-06 -5.9684e-07
-1.47986e-07 3.14251e-07
3.70553e-07 1.84098e-07
-1.00867e-06 -6.5836e-07
-9.57091e-08 2.64264e-08
-3.56902e-07 6.80475e-07
-2.44996e-08 -1.27392e-07
-1.70149e-07 -1.98806e-07
-2.55291e-07 -5.15082e-07
7.62648e-07 -8.68545e-08
8.83588e-08 -6.5194e-08
-3.86382e-07 -3.74361e-07
1.41956e-06 2.01784e-07
-6.13435e-07 -6.44097e-07
6.17691e-07 1.5681e-07
3.36306e-07 3.87226e-07
4.48341e-07 -8.61191e-08
9.09176e-08 -3.51875e-07
-1.40508e-06 -1.45751e-07
-5.26857e-07 -4.88018e-07
1.78422e-07 -1.84698e-07
-6.43924e-07 3.1638e-07
8.52591e-07 3.53612e-07
-1.12243e-06 -4.52821e-07
-3.34028e-07 4.18143e-07
6.76492e-07 -4.79772e-07
-7.95409e-08 -3.18912e-08
-6.19149e-07 2.74005e-07
-1.07723e-06 3.26882e-07
-8.35344e-07 2.28094e-07
-5.82292e-07 3.19618e-07
1.28853e-06 5.28339e-07
1.01747e-06 -1.12624e-07
5.36566e-09 -5.19878e-07
-6.78123e-07 -3.32842e-07
1.0363e-06 1.398e-07
-8.46543e-07 5.68364e-07
3.03487e-07 5.33094e-07
1.11555e-06 1.12022e-07
-1.44524e-06 4.84789e-07
-1.28841e-06 -2.63478e-07
-9.90137e-07 6.16099e-07
-6.10553e-07 -3.70713e-07
-6.40281e-07 2.94653e-08
8.07107e-07 -4.23352e-07
1.64178e-07 -5.86127e-07
6.58108e-07 -6.30961e-07
-3.3149e-09 -5.7428e-07
1.07591e-06 3.97426e-07
3.9913e-07 3.18796e-07
2.741e-07 -6.35987e-07
4.11289e-07 6.80862e-07
-3.55503e-07 3.87455e-07
-5.64509e-07 1.56516e-07
3.54129e-07 2.30335e-07
1.0554e-06 -5.56714e-07
-9.5415e-08 1.89092e-07
1.38718e-06 -3.55811e-07
-5.48616e-07 -6.7766e-07
-9.23211e-07 5.45826e-07
9.38831e-07 6.4005e-07
1.17766e-06 5.21353e-07
4.44944e-07 3.96578e-07
-6.08727e-07 1.25236e-07
1.04501e-06 6.52144e-07
-6.29217e-07 -5.44868e-07
1.23441e-06 2.98915e-07
-7.07367e-07 4.50677e-09
-3.09699e-07 -4.77821e-07
3.41681e-08 -4.8628e-08
-3.92959e-08 -1.54421e-07
6.66143e-07 6.87192e-07
6.97303e-07 -9.78991e-08
-4.76978e-07 4.372e-07
1.32544e-06 2.21079e-07
5.46951e-07 6.57647e-07
9.47776e-07 -4.65411e-07
-4.46394e-08 1.62398e-07
-8.0684e-07 5.81648e-07
1.67814e-07 5.10654e-07
-4.69657e-07 9.42171e-08
1.05143e-06 -1.89494e-07
-9.79174e-07 -6.10439e-07
-7.45214e-07 2.41697e-07
1.16325e-06 4.0344e-07
9.41179e-07 6.155e-07
-3.47263e-07 3.77675e-07
8.5768e-07 -4.45965e-07
8.54696e-07 -5.65489e-07
3.23215e-07 4.17916e-07
-1.37376e-06 3.54375e-07
-1.22754e-06 -5.46472e-07
-9.79764e-07 3.87689e-07
5.96838e-07 5.80013e-07
1.44718e-06 6.87034e-07
1.12128e-06 6.63714e-07
-1.42424e-06 -5.7424e-07
1.13307e-06 6.5787e-07
-1.06553e-06 -5.4371e-07
-7.98946e-07 3.90453e-07
-7.08876e-07 1.78689e-07
1.29323e-06 -5.34052e-07
-1.21049e-06 2.80637e-07
-6.69248e-07 -5.28557e-07
-1.88502e-07 -6.1818e-07
-1.21038e-06 3.26761e-07
5.3454e-07 -5.55522e-07
5.41949e-07 -4.11614e-07
-1.05299e-06 -2.28845e-07
3.18991e-07 -3.23261e-07
-1.21717e-06 1.86207e-07
-9.7204e-07 6.74622e-07
4.09878e-07 -3.81365e-08
-5.37872e-07 -5.56611e-07
-1.22993e-06 5.67362e-07
3.40653e-07 1.82675e-07
1.21604e-06 1.64216e-07
-6.76186e-07 -3.52506e-07
-6.64927e-07 -2.66401e-08
-8.01695e-07 3.0827e-07
1.04076e-06 4.11592e-07
8.88858e-07 4.90284e-07
-5.88424e-07 2.38958e-07
1.09724e-06 3.34961e-07
-8.9378e-07 -1.8541e-07
-1.3069e-06 3.94871e-07
1.30244e-06 4.12085e-07
2.9187e-07 5.79028e-07
7.0214e-07 2.28672e-07
-1.20355e-06 -1.36139e-07
-4.94553e-07 2.04956e-07
2.0005e-08 -5.99033e-08
-1.14018e-06 2.8307e-07
3.18111e-07 3.89426e-07
7.21803e-07 -3.35287e-07
-1.21302e-06 -5.62885e-07
8.83082e-07 -1.25279e-07
-1.21827e-08 1.71888e-07
1.25498e-06 5.14343e-07
9.22024e-07 6.30346e-07
-1.00256e-06 1.42614e-07
1.35302e-06 -5.80543e-07
4.85825e-07 8.47378e-08
1.39768e-07 -1.39933e-07
-1.34057e-06 1.54522e-07
-1.16663e-06 -2.1476e-07
1.61096e-07 4.55687e-07
-2.20785e-07 -2.28735e-07
5.46289e-07 -4.94363e-07
-1.29289e-06 6.41991e-07
-4.79904e-07 -6.97515e-07
-1.1397e-06 -3.11443e-07
6.50998e-07 5.05882e-07
-3.35658e-07 -1.75369e-07
7.84744e-07 2.42546e-07
-2.42144e-07 2.76883e-07
-1.62041e-07 -2.05025e-07
1.44771e-06 4.86749e-07
-3.90791e-07 5.34963e-07
-9.22638e-07 -2.21462e-07
5.96188e-07 -2.27564e-07
1.43542e-07 3.33183e-07
-7.76457e-07 2.72502e-07
-5.41361e-07 4.37141e-07
-3.09987e-07 -2.71747e-08
-1.73862e-07 -5.51007e-07
4.63439e-07 -3.40078e-07
1.40507e-06 3.79885e-07
-3.32018e-07 -1.56729e-07
1.40593e-06 -4.38076e-07
1.37666e-06 -4.33716e-07
2.03219e-07 4.78358e-07
6.1729e-07 -5.9036e-07
-1.29286e-06 -3.83418e-07
1.06755e-06 -4.68086e-07
1.22994e-06 3.37789e-07
4.33884e-07 3.10001e-07
-5.05335e-07 -6.10501e-07
-7.54258e-07 -3.80969e-07
8.24082e-07 -5.29618e-07
-1.16403e-06 -5.32979e-07
2.65582e-07 2.62738e-07
1.26112e-06 -1.19302e-07
-6.21352e-07 -7.44851e-08
4.84542e-07 3.89825e-07
3.51721e-07 1.88416e-07
1.3786e-06 2.95459e-07
-8.40085e-07 -8.30308e-09
-7.88983e-07 -4.69489e-07
-7.01408e-07 4.31995e-07
-1.78905e-08 3.26979e-08
-7.02956e-08 1.76084e-07
1.41837e-06 4.65648e-07
7.16741e-07 -5.38968e-07
-6.2181e-07 -5.31214e-07
-2.52519e-07 -3.20666e-07
-5.73485e-07 -9.19956e-08
-5.15864e-07 -5.70553e-07
-1.2087e-06 -2.81331e-07
8.72836e-07 -5.26302e-07
9.77283e-07 6.65439e-07
6.5853e-07 -6.94935e-07
3.07501e-07 -3.47355e-07
1.33807e-06 -4.33561e-07
-7.3592e-07 -1.83024e-07
-7.97211e-07 -2.52991e-07
-3.51329e-07 -2.66955e-07
-3.70057e-07 -2.12174e-07
-1.94788e-07 6.36197e-07
3.63533e-07 5.21074e-07
9.31752e-07 -4.22195e-07
6.68082e-07 2.38582e-07
1.36337e-06 -5.55748e-07
-1.04153e-06 2.41273e-07
1.173e-06 5.83519e-07
-7.06792e-07 4.75529e-07
-5.85825e-08 -5.95619e-07
-1.23763e-06 1.48611e-07
1.15492e-06 2.09622e-07
-7.63747e-07 -6.99724e-07
4.39381e-07 6.90151e-07
9.07876e-07 1.27377e-07
-6.10676e-07 4.42573e-07
1.0688e-07 -1.90323e-07
-1.38747e-06 1.12834e-07
-2.88881e-07 5.22692e-07
4.4041e-08 -4.0892e-07
-6.4531e-07 3.71768e-07
-7.29327e-07 -6.11189e-08
-8.05616e-07 -7.43905e-08
3.27353e-08 6.79958e-07
-1.20947e-07 6.87761e-07
-1.27634e-06 6.24375e-07
1.17152e-06 9.05531e-08
-7.52924e-07 -3.25247e-07
-3.10687e-07 2.44189e-07
-1.23111e-06 2.73914e-07
-7.02247e-07 -1.1998e-07
-1.21481e-06 3.59303e-07
1.62435e-07 3.94802e-07
1.3013e-06 -5.20453e-07
-5.01542e-07 5.07936e-07
7.40425e-07 2.04166e-08
3.73791e-07 2.3218e-07
9.44254e-07 2.31605e-07
-8.57539e-07 4.17771e-07
-4.0121e-07 9.73918e-08
5.88824e-07 2.98563e-07
-5.11647e-07 -5.18396e-07
1.28799e-06 -9.8296e-08
-1.23832e-06 -5.06602e-07
9.01065e-07 -6.82549e-07
-1.2082e-06 5.47665e-07
-1.40676e-06 -1.22694e-07
-1.22734e-06 -6.97512e-07
-1.63287e-07 -6.68254e-07
9.97632e-07 -6.13703e-07
-9.30012e-07 -4.56976e-07
7.44755e-07 -5.26571e-07
-5.77579e-07 -3.00762e-07
-3.21104e-07 -4.35506e-07
8.27056e-07 -7.37426e-08
-8.91742e-07 4.13797e-07
-2.35578e-07 1.10142e-07
-1.60148e-07 4.46896e-07
1.30504e-06 5.79765e-07
-2.46879e-07 8.08566e-08
8.5141e-07 5.32319e-08
3.40979e-07 6.86513e-08
-7.42708e-07 5.39156e-07
1.41485e-06 5.51345e-07
-7.57934e-07 1.73363e-07
-1.34284e-07 4.9168e-07
-1.87061e-07 4.54689e-07
7.78018e-07 9.12758e-08
1.23804e-06 -4.09447e-07
7.21499e-07 -5.72923e-07
-5.40617e-07 -3.92105e-07
-5.07145e-08 -7.38058e-08
-1.29175e-06 2.8608e-07
-1.21101e-06 6.38756e-07
-1.27531e-06 2.11953e-07
-6.68375e-08 -2.32114e-07
-3.76751e-07 -1.95442e-07
-6.5422e-07 -4.11974e-07
-9.00561e-07 -6.31285e-07
-4.48404e-07 3.12782e-08
4.60054e-07 -2.20009e-07
2.58373e-07 -9.43738e-08
-1.0728e-06 -1.56968e-07
1.33502e-06 -4.0881e-07
8.67654e-07 -6.76796e-07
5.12063e-07 5.69534e-07
1.22814e-06 4.94776e-08
-5.01011e-07 1.34196e-08
-7.22611e-08 3.63386e-07
-6.39351e-07 3.12375e-07
5.63554e-07 3.23467e-07
1.58596e-07 -6.03832e-07
-1.1628e-06 1.14915e-07
1.43676e-07 -4.48065e-08
-8.49196e-07 1.62893e-07
-6.09515e-07 -3.87159e-07
-6.89947e-07 -5.06531e-07
4.52638e-07 3.04957e-07
1.22265e-06 6.70511e-07
-8.47062e-07 -2.41384e-07
-2.19223e-08 -4.79915e-07
1.38762e-06 -3.17814e-07
6.04022e-07 -4.34032e-07
-4.01773e-07 1.76425e-07
3.3706e-07 -5.31422e-07
-1.07652e-06 1.1766e-08
1.38799e-07 2.28807e-07
-3.65753e-07 -6.04199e-07
-4.4452e-07 -4.40924e-07
1.12862e-06 -5.93935e-07
-2.73161e-07 -5.42725e-07
1.1042e-07 1.9433e-07
1.04387e-06 6.3149e-07
1.39806e-06 -5.1557e-07
-4.01089e-07 4.79798e-07
-1.96989e-07 -6.84847e-07
-1.2653e-06 1.49673e-07
1.08631e-06 -1.52916e-07
-6.92124e-07 -4.27357e-07
3.45613e-07 -4.32607e-08
-1.2787e-06 9.57727e-08
-4.99939e-07 -6.8749e-07
-6.49502e-08 2.24593e-07
4.79909e-07 3.99285e-07
1.7842e-07 -2.59136e-08
-8.09358e-07 -5.13455e-07
-1.90367e-08 -5.11494e-07
8.71927e-08 -4.54046e-07
7.73249e-07 -3.78912e-07
1.31975e-06 -2.49447e-07
1.30404e-06 -4.96876e-08
7.00786e-07 1.28966e-07
-1.24633e-06 1.21295e-07
1.14837e-06 -3.25647e-07
-6.7902e-07 -6.27829e-07
-1.16931e-07 -6.4207e-07
2.02308e-07 -5.29305e-07
-7.57133e-07 3.28168e-07
-1.32868e-06 6.74236e-07
1.35112e-06 6.75321e-07
1.90979e-07 4.72131e-07
-6.49377e-07 8.41824e-08
-1.07799e-06 7.49135e-08
-4.90774e-07 -1.22402e-07
5.58161e-07 6.43736e-07
-1.40261e-06 -5.57052e-07
1.08525e-09 -4.70815e-07
-8.87977e-07 1.7062e-07
3.17393e-07 4.76746e-07
-2.11434e-07 -2.066e-07
8.65577e-07 1.15172e-07
-8.03706e-07 -2.07613e-07
1.29672e-06 -5.36541e-07
-1.06713e-06 -3.51709e-07
9.13991e-07 -2.6866e-07
5.77074e-07 4.47756e-07
-1.14272e-06 -2.50051e-07
1.31504e-06 -1.36327e-07
-4.42379e-07 -1.43835e-07
1.67577e-07 -1.34529e-07
-5.78594e-07 -5.09445e-07
-6.90793e-07 -2.15627e-07
-1.16576e-06 4.13983e-09
8.78535e-07 6.13173e-07
1.19681e-06 5.48288e-07
-1.53997e-07 9.72989e-09
-3.16572e-07 4.38719e-07
5.31401e-07 6.52576e-07
-8.52012e-07 -2.53384e-07
8.13915e-08 -2.96916e-07
1.31058e-06 6.28875e-07
4.41915e-07 3.97651e-07
5.97154e-07 4.89076e-07
1.35456e-06 5.40266e-07
-7.65039e-07 2.43625e-07
-1.1123e-06 1.92328e-07
8.12988e-07 3.88088e-08
1.26849e-06 -1.13438e-08
-1.37536e-06 6.46293e-07
4.25675e-07 -2.85839e-07
4.51256e-07 -1.8864e-07
-3.26434e-07 -3.00227e-07
1.29075e-06 5.66511e-07
-1.98065e-07 -1.8298e-07
-1.42496e-06 1.6872e-07
1.14543e-06 1.01997e-07
1.02763e-06 -3.46648e-09
-1.30869e-06 4.77711e-07
1.19535e-06 -1.32841e-07
8.7297e-07 -6.61669e-07
-1.40772e-06 1.45822e-07
7.03413e-08 -2.96522e-07
-1.2702e-06 2.51195e-07
-9.48318e-07 6.30737e-08
-7.55604e-07 -5.03135e-07
1.11029e-06 5.83546e-07
5.68249e-07 -5.30969e-07
1.1427e-06 2.76725e-07
-2.81542e-07 5.83154e-07
1.01655e-06 4.75207e-07
6.32666e-07 6.77231e-07
5.04465e-08 -4.48979e-07
1.34876e-06 4.78722e-08
1.32102e-06 -3.72376e-07
-7.22275e-07 3.71111e-07
-1.20566e-06 -3.32473e-07
1.91993e-07 -4.9134e-07
6.34286e-07 2.87555e-07
-2.29033e-07 -2.91892e-07
-9.52379e-07 5.87714e-07
-5.43236e-07 -5.33064e-08
-9.52264e-07 3.57184e-07
-1.39034e-06 5.10094e-07
-6.41019e-07 -1.47512e-08
5.9277e-07 -6.44977e-07
-3.62144e-07 3.81837e-08
4.85081e-07 -2.31161e-07
1.21128e-06 6.60407e-07
2.28239e-07 5.28845e-07
-9.81148e-07 -3.81992e-07
1.11532e-06 -6.85284e-07
5.67052e-07 -1.58322e-07
1.02478e-06 3.49969e-08
8.35384e-07 2.05348e-07
1.01409e-06 -6.11578e-07
-1.78445e-07 -2.27545e-07
-7.15264e-07 4.98417e-07
-1.97139e-07 2.7956e-07
-4.62323e-07 -4.88361e-07
4.7507e-08 4.51802e-08
-3.20986e-07 3.37678e-07
5.10838e-07 5.26874e-08
-2.4083e-07 2.40556e-07
2.21097e-07 7.08267e-08
1.26971e-06 -2.86031e-07
-5.77964e-07 -5.56686e-07
-2.28119e-07 -1.78555e-07
-9.09158e-07 1.2365e-07
-1.11917e-06 6.42136e-09
-8.26894e-07 3.48583e-07
-1.73105e-08 2.95762e-07
2.31242e-07 1.56991e-08
1.01081e-06 1.09015e-07
1.37315e-06 -2.10549e-08
3.49889e-07 -6.39224e-07
-1.25705e-06 6.89405e-07
-3.67565e-07 -2.99109e-07
1.54535e-07 -4.52382e-07
3.23945e-07 2.56811e-07
7.51965e-07 -6.2457e-07
-1.96428e-07 -4.62797e-07
1.09351e-06 -9.44163e-08
-5.40228e-07 -4.49695e-07
5.90528e-07 2.08627e-07
5.08624e-07 -4.95143e-07
-6.67357e-07 1.66927e-08
-1.32074e-06 5.83017e-07
-6.29832e-08 -5.06426e-07
