-1.60712e-07 2.04003e-07
-6.36754e-07 2.83828e-07
6.22808e-07 1.61266e-07
1.10123e-06 8.33966e-09
8.55871e-07 -3.2129e-07
-1.02427e-06 -4.53152e-07
-1.04029e-06 -2.64202e-07
1.44784e-06 -7.24702e-08
5.9972e-07 -1.22839e-07
-1.2289e-06 -5.0268e-07
-1.44484e-06 4.87587e-07
-8.16175e-08 3.10742e-07
-6.18017e-07 -1.15805e-07
-1.24765e-06 6.05357e-07
-1.50674e-07 -2.84961e-07
1.39242e-06 6.72817e-07
-8.49836e-07 2.37799e-07
-7.20381e-07 -4.67001e-07
2.04415e-07 -6.52489e-07
1.71464e-07 -3.07401e-07
8.67027e-07 -3.43784e-07
6.61216e-07 -4.05588e-07
5.57347e-07 -5.78133e-07
5.44277e-07 -2.54343e-07
4.32499e-07 -2.55156e-08
1.59065e-07 5.31531e-07
-6.03949e-07 -1.93364e-07
1.02758e-06 -6.83198e-07
5.56003e-07 -6.14143e-07
-1.1204e-06 -3.57698e-07
1.20291e-06 -4.59016e-07
-5.6343e-07 -1.24878e-07
7.3433e-07 -3.93927e-07
-1.31847e-06 -5.2734e-07
1.68618e-08 2.26238e-07
6.24975e-07 -5.07159e-07
1.38686e-06 -5.72234e-07
1.07438e-06 -2.27696e-07
-1.4255e-06 2.65554e-07
6.48322e-08 -1.07889e-07
1.24721e-07 -6.3387e-07
9.75381e-07 5.61865e-07
1.40998e-06 -5.49138e-07
-8.94305e-07 -4.2831e-07
-4.59274e-07 1.44857e-07
-1.17531e-06 -4.87802e-07
1.13669e-06 1.03269e-07
-4.65213e-07 5.03426e-07
-1.33433e-06 2.73572e-07
-1.25164e-06 4.60503e-07
-9.41147e-07 -4.63708e-08
1.01362e-06 -2.4446e-07
1.22043e-06 1.3935e-07
-1.2024e-06 -4.40582e-07
3.75133e-07 -2.62438e-07
-6.89143e-07 3.22504e-07
6.08085e-08 -4.52e-08
3.6816e-07 -7.95136e-08
-1.05811e-06 -3.57757e-07
-8.71802e-07 -2.65474e-07
-6.27766e-07 9.43202e-08
1.29154e-06 -6.13453e-08
4.79e-07 2.63976e-07
4.15355e-07 -1.35368e-07
-1.28013e-06 -5.72978e-07
2.44176e-07 -5.74206e-07
-8.94959e-07 -6.60626e-07
-8.02616e-07 -3.54345e-07
-4.43626e-07 6.04757e-07
9.46215e-07 6.40846e-07
1.38875e-06 -2.66222e-07
7.32514e-07 -1.01503e-08
9.95357e-07 -7.78941e-08
7.52597e-07 -2.80615e-07
3.18548e-07 1.63166e-08
-1.20931e-06 -6.30632e-07
-9.34795e-08 -2.7211e-07
7.68507e-07 -5.70272e-08
1.0389e-06 2.18415e-07
1.1101e-06 -5.09556e-07
8.89141e-07 2.13238e-07
-5.27936e-07 -5.08089e-07
1.38645e-06 -6.5579e-08
1.10513e-06 -3.83989e-07
3.54252e-07 -1.93204e-07
1.24814e-07 -3.79868e-07
-2.35969e-07 -4.75425e-07
-2.75082e-07 -1.03193e-08
-1.84199e-07 -5.40283e-07
1.20059e-06 -6.20787e-07
7.92332e-07 4.43512e-07
-2.47681e-07 -8.81196e-08
-2.18787e-07 -6.28305e-07
-7.39985e-07 1.22076e-07
-1.00377e-06 1.91484e-07
5.86289e-07 -5.264e-07
-3.47545e-07 4.7418e-07
-1.02505e-06 4.98643e-07
4.04649e-07 2.29263e-09
-5.70714e-07 1.53474e-07
-8.14635e-07 -4.39306e-07
4.51159e-07 -3.26481e-07
9.48336e-07 2.23998e-08
-6.04651e-07 -5.3911e-07
6.51461e-07 5.23863e-07
-1.34938e-06 -1.69494e-07
1.07999e-06 -7.96062e-08
2.82166e-07 1.7508e-07
-2.44023e-07 -5.36211e-07
-5.87005e-07 -6.61814e-07
1.31913e-06 3.35354e-07
-1.02793e-06 -1.29935e-07
-1.28016e-06 1.95394e-07
1.13683e-06 -2.93994e-07
-7.35943e-07 4.64994e-07
-5.30777e-08 9.05273e-08
-9.64663e-07 6.49261e-07
-1.00259e-06 4.31777e-07
5.2787e-07 -1.27278e-07
6.46763e-07 -2.23942e-07
-1.27986e-06 -5.67514e-07
1.5662e-07 -5.16397e-08
5.45941e-07 -5.58494e-07
-4.49209e-08 -5.44634e-07
9.20098e-07 3.6436e-07
-4.35381e-07 4.11611e-07
-9.44039e-07 -2.48099e-07
-1.41617e-06 -2.02229e-08
1.31796e-06 -4.86357e-07
-9.57647e-07 -9.41375e-08
1.43045e-06 6.02066e-07
1.10058e-06 4.31815e-07
1.40113e-06 -5.63344e-07
-1.03913e-06 -4.80404e-07
6.54737e-07 3.5911e-07
-2.20889e-07 6.68803e-07
7.01939e-07 3.92029e-07
-3.95102e-07 -3.36275e-08
-1.31654e-06 -1.0621e-07
-2.36161e-07 2.53863e-07
6.54108e-07 6.00146e-08
4.10067e-07 -3.93711e-07
-7.06482e-08 -6.71781e-08
-1.62675e-07 5.25138e-07
2.39762e-07 -6.49001e-08
-1.05049e-06 6.17734e-07
-5.61257e-07 -3.01347e-07
-1.39242e-06 5.26612e-07
-5.87929e-09 -1.87263e-07
1.58559e-08 -4.51183e-07
9.99021e-07 6.31048e-07
-1.26824e-06 3.08357e-07
-4.00364e-07 -1.15497e-08
-9.39062e-07 1.1648e-07
1.18741e-06 6.19481e-07
-1.12679e-06 -7.00232e-08
-1.23927e-06 1.22729e-07
-3.9849e-08 2.11872e-07
-2.42056e-07 4.55255e-09
-7.7026e-08 -3.26496e-07
1.00731e-06 -8.78653e-08
-1.38221e-07 -6.60714e-07
-1.05619e-06 4.60477e-07
-3.87758e-08 1.50272e-07
5.33358e-08 6.96516e-07
9.08444e-07 -2.62404e-07
3.40058e-07 1.2274e-07
-1.40471e-06 4.98474e-07
1.48497e-07 6.07326e-07
-8.24308e-07 -6.77523e-08
8.43264e-07 4.98896e-07
-1.13354e-06 5.58051e-07
-1.03825e-06 -4.54957e-07
4.39506e-07 3.57449e-07
-6.14471e-07 6.43447e-07
1.29634e-06 -4.04993e-07
5.98313e-07 2.81823e-08
8.50404e-07 -1.31999e-08
-1.36383e-06 2.7087e-08
-1.36074e-06 -2.31667e-07
6.83536e-07 5.24414e-07
1.03476e-06 -3.56523e-07
-3.8972e-07 -9.83402e-08
-3.25878e-07 -1.19197e-07
1.21765e-06 -6.10072e-07
-5.46382e-07 1.23566e-07
-9.04056e-07 4.06633e-07
4.11377e-07 8.57041e-08
4.9502e-07 -2.79572e-07
-1.368e-06 -8.31093e-08
3.06998e-07 -4.27476e-07
1.30731e-06 8.69045e-08
1.18381e-06 -1.15465e-07
5.68857e-07 -3.97155e-07
-2.95565e-07 6.75274e-07
-1.44926e-06 4.61444e-07
7.85127e-07 -5.35862e-07
-8.62432e-07 6.12133e-07
-5.73009e-07 -6.45073e-07
2.6995e-07 3.42076e-07
1.11704e-06 -2.41182e-08
4.70063e-07 -6.03066e-07
1.42406e-06 -1.17816e-07
-8.10326e-08 -8.05441e-11
-4.86105e-07 -3.92176e-07
-2.72026e-07 -6.48255e-07
-4.80603e-07 -5.0238e-07
-5.09469e-07 4.24892e-07
-1.26451e-06 -5.4608e-07
-8.08415e-07 1.11491e-08
-9.60996e-07 9.87314e-08
-8.93545e-07 6.83895e-07
-5.50686e-07 3.3638e-07
1.25561e-06 5.97111e-07
3.60076e-07 4.23987e-07
-3.48326e-07 -6.61551e-07
4.35386e-07 -4.23793e-07
8.43021e-07 -1.95417e-08
1.62744e-07 6.94282e-07
-1.28391e-06 1.74414e-07
6.73555e-07 2.60858e-07
1.12978e-06 -2.01258e-07
-9.9282e-07 6.99927e-07
-9.68312e-07 5.23659e-07
-7.01768e-08 6.3921e-07
-3.17223e-07 -9.78089e-08
1.09882e-06 2.0461e-07
-1.49157e-07 3.61402e-07
-8.52171e-07 -1.44918e-07
1.35415e-06 3.12238e-07
-1.41602e-06 1.27471e-07
-7.56636e-08 6.1727e-07
-6.9323e-07 3.87184e-07
5.43664e-07 3.34281e-07
3.85694e-08 5.67255e-07
-1.14552e-06 5.63637e-07
1.78144e-07 -2.23561e-07
-1.15103e-06 4.7697e-07
4.85447e-08 -6.49746e-07
8.82978e-07 -1.1463e-07
-2.98072e-07 -5.80288e-08
-1.40508e-06 -5.35518e-07
-5.65476e-07 -1.53853e-07
-3.77319e-07 -6.0117e-07
1.44855e-06 6.17381e-08
8.49407e-07 -3.59003e-07
-9.85608e-07 6.14838e-07
5.91331e-07 1.97454e-07
1.33306e-06 -3.03069e-07
8.77043e-07 6.74989e-07
9.96179e-07 -2.19854e-08
4.86248e-07 1.16989e-07
-1.0892e-06 -1.69334e-07
4.96948e-07 2.81595e-07
9.33782e-07 -5.39158e-07
-2.21528e-07 4.73056e-07
-1.2601e-06 1.8765e-07
9.07738e-07 5.40633e-07
5.15704e-07 2.57114e-08
-8.52379e-07 2.86873e-07
-3.36137e-07 3.3951e-07
-6.1958e-07 -5.65606e-07
-1.14541e-06 6.29732e-07
8.53576e-07 6.3475e-07
9.92627e-07 1.0789e-07
-2.86908e-08 3.7433e-07
1.26077e-06 4.31278e-07
-2.38276e-07 -6.57356e-07
-1.37187e-06 3.1118e-07
9.21644e-08 -3.3958e-07
-1.03306e-06 6.35573e-07
-1.29625e-06 -3.89397e-07
-2.75094e-07 -1.67676e-08
-1.21163e-07 -2.33478e-07
3.54247e-07 4.55429e-07
-8.51627e-07 1.31399e-07
1.42013e-06 -3.48156e-08
2.1517e-07 -3.49611e-07
6.60605e-07 -3.28771e-07
-9.16838e-08 6.19387e-07
1.20809e-06 1.03951e-07
1.28152e-06 -5.95034e-07
3.96801e-07 -4.65561e-07
4.3093e-07 -4.63086e-07
7.98055e-07 -2.91773e-07
2.10946e-07 5.71156e-07
-1.8698e-07 5.09728e-07
6.62096e-08 -1.83309e-08
-1.1019e-06 2.98263e-07
1.3651e-06 -2.95012e-07
7.06091e-07 -2.67004e-07
-1.12731e-07 5.65823e-07
2.63288e-07 2.47322e-07
-9.86492e-07 -1.75777e-07
5.20627e-07 3.73389e-07
1.18286e-06 2.99081e-08
-3.63298e-07 -1.80957e-07
9.47415e-07 6.60722e-07
9.09578e-07 -2.34816e-08
4.71159e-08 -1.76402e-08
-1.0064e-06 5.72108e-08
-1.33202e-09 2.62199e-07
3.2134e-08 5.94906e-07
-1.43398e-06 4.36811e-07
-1.29087e-06 4.78738e-08
-1.0911e-06 1.85691e-07
-7.74268e-07 -3.65806e-07
8.03267e-08 5.63861e-07
1.33503e-06 -4.73146e-07
5.49401e-07 -3.7686e-07
-1.34116e-07 -3.66531e-07
8.03957e-08 -5.38581e-07
-1.01583e-06 -3.93525e-07
-5.4289e-07 6.91034e-07
-6.32528e-08 -5.06619e-07
7.80873e-07 4.15686e-07
-3.35851e-07 -5.90441e-07
-1.32424e-06 2.74572e-07
4.15694e-07 -3.84705e-07
-1.75e-07 -5.8921e-07
2.26549e-07 4.61012e-07
1.07913e-06 -2.95798e-08
-6.62962e-07 5.39946e-07
3.63578e-07 -2.94241e-07
6.04541e-07 1.26882e-07
6.95614e-07 5.0237e-07
1.0055e-06 -6.4731e-07
-2.27893e-08 -6.54671e-07
7.59863e-07 1.6112e-07
1.12083e-06 -6.68253e-07
-6.36268e-07 -1.23388e-08
-7.31758e-07 6.78502e-07
-6.45239e-07 -3.21463e-10
1.09356e-06 -6.55197e-07
1.28297e-06 -3.73905e-07
1.20322e-06 -6.66834e-07
-3.23738e-07 4.80603e-07
3.66245e-07 -6.93519e-07
-2.08036e-08 -5.74553e-08
-7.13769e-07 -5.15794e-07
-1.0797e-06 4.77306e-07
-1.2081e-06 -3.33611e-07
5.48986e-07 -3.80869e-07
1.11432e-06 1.8044e-07
1.22179e-06 -9.85121e-08
-9.55112e-07 3.68309e-07
1.05501e-06 -6.15234e-07
1.37203e-06 2.37533e-07
-1.11421e-06 3.31991e-07
1.15728e-06 2.49954e-07
1.40607e-06 -4.63897e-07
-1.77632e-07 -6.43529e-08
-1.23429e-07 -2.50396e-07
-5.7511e-07 -3.84583e-07
-1.04987e-06 3.11437e-07
8.36737e-07 -2.20841e-07
-3.66218e-07 -4.74306e-07
8.27466e-07 -1.40837e-07
6.13374e-07 -2.01007e-07
-6.88126e-07 3.95755e-07
3.48608e-09 -3.98345e-07
-8.02406e-08 -3.97656e-07
5.59834e-07 8.86053e-08
-1.15931e-06 3.58399e-07
-3.8198e-07 -1.07829e-07
-2.81955e-07 -3.678e-08
1.23861e-06 -1.06239e-07
3.57148e-07 -6.16049e-07
-2.53078e-07 3.25844e-08
-1.16324e-06 2.63997e-07
8.00965e-07 6.79038e-07
2.70658e-07 1.92185e-07
-3.14992e-07 1.40038e-07
1.22008e-07 2.88758e-07
-9.10164e-07 -4.74467e-07
-8.04827e-07 4.44357e-07
-1.17097e-06 2.7622e-07
-1.07988e-06 -2.41638e-08
1.06755e-06 2.04332e-07
2.11735e-07 6.68336e-07
-8.19447e-07 -6.57103e-07
1.36234e-06 -4.91859e-08
-1.27078e-06 2.00955e-07
-6.19373e-07 4.86858e-08
1.38279e-08 -6.49201e-07
2.43097e-07 -1.36977e-07
1.92495e-07 3.67036e-07
-5.41346e-07 -6.49177e-07
1.01224e-07 -5.05321e-07
7.35481e-07 -4.01303e-07
-1.13485e-06 3.92729e-07
1.25576e-06 1.70361e-07
-1.31663e-06 1.41945e-07
-6.10327e-07 -3.31482e-09
-5.91498e-07 -2.09348e-08
7.65101e-07 -4.42231e-07
5.64096e-07 1.44648e-07
6.56137e-07 -4.52475e-07
-9.39347e-07 6.36732e-07
-4.63494e-07 -3.84348e-07
-1.0665e-06 6.98707e-07
1.46102e-07 -5.37015e-07
-7.17648e-07 -1.86012e-07
-1.46548e-07 6.2522e-07
3.27058e-07 -4.36289e-07
9.36302e-08 5.37976e-07
-6.62728e-07 -3.25495e-07
-8.45812e-07 4.35297e-07
1.06344e-07 -4.6038e-07
-1.92745e-07 -6.79218e-07
-9.37806e-07 4.75972e-07
1.12659e-06 -1.74783e-07
1.99428e-08 4.90119e-07
3.87505e-07 3.60296e-07
3.79046e-08 2.86559e-07
-1.07874e-06 -2.58489e-07
-1.21309e-06 -9.99646e-08
-8.27345e-07 4.13753e-07
-8.14339e-07 6.97717e-07
1.20973e-06 6.16139e-07
-6.52409e-07 1.31075e-07
-1.13544e-07 1.90268e-07
2.00468e-07 5.68297e-07
-1.32363e-06 -1.07549e-07
1.42464e-06 -4.10378e-07
-8.53435e-07 2.75284e-08
-1.5088e-07 -5.65119e-07
-1.27986e-06 -9.20112e-08
3.2077e-07 3.68517e-07
-9.05843e-08 -6.13771e-07
-3.4828e-07 1.90022e-08
2.37471e-07 1.44784e-07
-2.32319e-07 -3.72722e-07
1.08332e-06 3.48475e-07
-1.33001e-06 -4.01829e-07
1.26813e-06 8.12824e-08
7.22255e-07 2.29625e-07
-1.34715e-06 -8.51522e-08
8.73609e-07 -2.62071e-07
-5.14817e-07 5.25843e-07
-7.12367e-07 5.55132e-07
3.32586e-07 -3.23702e-07
5.53429e-07 4.50508e-08
3.16971e-07 9.85174e-08
8.93625e-07 -4.64045e-08
2.39303e-07 -6.02072e-07
7.12317e-07 3.73632e-07
1.24372e-06 -2.26983e-07
-8.22963e-07 -1.4362e-07
1.10629e-06 -5.41716e-07
-1.11368e-06 1.82587e-07
-5.70547e-07 3.15394e-07
6.26555e-07 -2.89987e-07
-9.96805e-07 -2.2324e-07
1.04576e-06 3.65677e-07
-1.36222e-06 -9.76066e-08
-6.25681e-07 -2.85084e-07
-4.72856e-07 -5.48115e-07
6.11682e-07 4.3035e-07
-6.71508e-07 -6.57067e-07
8.95444e-07 1.50198e-07
-1.31652e-06 5.53131e-07
3.33137e-07 5.40247e-07
-1.99914e-07 -6.52903e-09
7.14658e-07 2.33209e-07
1.26265e-06 1.49313e-07
3.96932e-07 -3.66264e-07
-1.26665e-06 6.82169e-07
5.87525e-07 -5.74699e-07
-1.37655e-06 5.34701e-07
-1.97693e-07 2.89907e-07
-1.15e-07 -3.65312e-07
1.03093e-06 -3.13373e-07
7.89285e-07 4.34226e-07
-3.37138e-07 5.78156e-07
2.1398e-08 5.7717e-07
1.41263e-06 5.6967e-07
-9.37111e-07 -5.74797e-07
1.13859e-06 1.81681e-07
-3.69648e-07 -3.99948e-08
-7.55874e-07 -5.55472e-07
-5.84758e-07 3.82569e-07
6.33079e-07 5.95798e-07
7.85408e-07 -2.53022e-07
1.58338e-07 -2.04697e-07
7.35395e-07 -4.04042e-07
6.63596e-07 1.0812e-07
1.72361e-07 5.83366e-07
-9.05209e-07 3.36816e-07
-1.32324e-06 3.24262e-07
-1.18699e-06 6.99995e-07
4.97021e-07 3.8109e-07
-1.37204e-06 5.81315e-08
-3.86332e-07 -3.71236e-07
-7.56645e-07 -4.1299e-07
-7.07053e-08 -5.8901e-07
1.27953e-06 7.11162e-08
4.2565e-07 6.55258e-07
7.9101e-07 -2.50387e-07
1.32967e-06 5.68215e-07
-5.21128e-07 4.62583e-07
6.74496e-07 5.24056e-07
-1.08155e-06 3.30451e-07
9.20767e-07 -2.10179e-07
3.21171e-07 2.20727e-07
7.09078e-07 4.18547e-07
1.05177e-06 4.17237e-07
1.83619e-07 4.91034e-07
4.11824e-07 -5.07779e-07
2.2003e-07 5.45322e-07
7.13992e-07 -6.7913e-07
1.41533e-06 -3.37883e-07
-4.33171e-07 3.23315e-07
-5.89326e-07 2.37898e-07
8.70138e-08 1.52237e-07
-1.22955e-06 -1.40262e-07
-3.15236e-07 -3.84423e-07
1.36304e-06 -4.95981e-07
1.24982e-06 -8.79233e-09
8.77485e-07 9.17071e-08
-6.09026e-07 -6.73141e-07
4.87791e-07 2.73326e-07
1.30317e-06 -2.42394e-07
7.59535e-08 3.09875e-07
-5.47584e-07 -3.40925e-07
2.77567e-07 5.64087e-07
1.26702e-06 -5.41541e-07
-7.18598e-07 4.79465e-08
-3.48481e-07 1.66686e-07
7.71425e-07 4.81973e-07
1.15131e-06 -1.5241e-07
-8.68369e-07 -2.9224e-08
7.90236e-07 -6.73688e-07
-9.77778e-07 7.88196e-08
1.4342e-06 2.45497e-07
-9.91766e-07 5.29759e-07
6.3113e-07 5.06743e-07
1.80031e-07 -5.82859e-07
-1.44195e-06 1.87011e-08
-3.3308e-07 5.96903e-07
1.2269e-06 -1.70443e-07
-8.50148e-07 3.19591e-08
1.12881e-06 5.64903e-07
-1.42924e-07 -3.48868e-07
1.07046e-06 -1.74917e-07
3.5045e-07 -2.7491e-07
-1.92455e-07 -3.18018e-07
1.15351e-07 3.12009e-07
1.02401e-06 4.70334e-07
1.19764e-06 4.98535e-07
-8.54956e-07 1.27318e-07
-1.31229e-06 -2.10108e-07
-7.01676e-07 -5.25156e-07
-3.18585e-07 1.62406e-07
9.18919e-07 4.50709e-07
6.85737e-07 -6.7999e-07
-2.91104e-07 -5.16558e-07
1.30525e-06 5.10579e-07
-1.26175e-06 -2.65661e-07
4.08121e-07 -5.75926e-07
4.10677e-07 -4.71742e-07
-3.29852e-07 3.96059e-07
7.11939e-07 -5.71914e-07
5.75274e-07 6.71694e-07
4.79759e-07 4.03826e-07
2.21499e-07 -6.95609e-07
7.60726e-07 -4.41718e-07
-1.83131e-07 8.93502e-08
3.14678e-07 -2.85658e-07
1.11956e-06 2.67993e-07
-5.80286e-07 -6.99961e-07
9.77901e-07 4.90424e-07
-1.06935e-06 4.68722e-07
-1.0584e-06 2.9437e-07
5.24695e-07 -2.31211e-08
3.90704e-07 2.50647e-07
8.40456e-07 -2.00407e-07
-1.03373e-06 -7.19748e-09
-5.09829e-08 2.28377e-07
-1.10846e-06 6.06212e-08
6.89562e-07 -6.63638e-07
1.44151e-06 -2.97627e-07
-9.07674e-07 -1.86156e-07
9.7958e-07 8.28479e-08
-1.10647e-06 5.64681e-07
6.32508e-07 5.96445e-07
7.30522e-07 -5.32699e-07
1.1122e-06 5.55895e-07
-1.3089e-06 1.52818e-08
3.98937e-07 2.64017e-07
1.05695e-06 4.63462e-07
1.44665e-06 -4.64244e-07
9.85004e-07 -6.99647e-08
-1.89731e-07 1.42998e-07
1.79368e-07 -6.98011e-07
-8.83345e-07 6.77499e-07
1.53377e-07 4.82112e-07
1.01984e-07 5.50253e-08
-4.04983e-07 -9.14028e-08
-9.88977e-07 4.6557e-08
-1.09305e-06 1.77485e-07
-1.06142e-06 5.23868e-07
-6.74858e-07 -6.68319e-07
1.70268e-07 5.74876e-07
1.35386e-06 -3.13163e-08
1.28946e-06 6.08334e-07
3.89217e-07 4.58785e-07
4.89792e-08 -3.08629e-07
3.55199e-07 3.52387e-07
4.1974e-07 -1.99805e-07
7.75327e-07 -6.8105e-07
1.03401e-06 3.94067e-07
-8.4127e-07 1.64645e-07
-9.7184e-07 -1.25737e-07
3.92158e-07 4.85378e-07
-4.52006e-07 -2.13834e-07
-6.4706e-07 2.03319e-07
-3.73981e-07 5.71628e-07
-7.77609e-07 5.8564e-07
1.37342e-06 -4.55276e-07
-1.05919e-06 3.22771e-07
-7.6538e-07 1.13546e-07
4.78062e-07 -3.4307e-07
-1.12461e-06 -3.65375e-07
4.26325e-07 2.15725e-07
1.29644e-06 3.48807e-07
-1.04603e-06 5.77927e-07
-5.33591e-08 5.16065e-07
-6.32342e-07 -5.74318e-07
-4.60494e-07 -3.20862e-07
7.85339e-07 -3.21909e-07
1.1092e-06 4.16123e-07
9.59329e-07 -6.21841e-07
-7.29812e-07 1.84242e-07
1.12773e-06 2.54727e-07
7.24035e-07 -5.56832e-07
6.56404e-07 3.33257e-07
-9.48435e-07 2.0768e-07
1.22105e-07 7.8493e-08
2.57234e-07 -5.10873e-07
-1.14699e-06 9.60044e-08
-7.05574e-07 -1.67374e-07
-3.54796e-07 1.38802e-07
5.91574e-07 6.32633e-07
9.50091e-07 -3.39704e-07
8.09765e-07 4.29643e-07
-1.10737e-06 -6.0119e-07
-8.71791e-07 4.95079e-07
-5.90976e-07 -1.81618e-07
1.29315e-06 2.85806e-07
-1.42565e-06 -5.12641e-07
4.73181e-07 -2.98711e-07
3.05891e-08 -5.8208e-07
-1.01462e-06 3.93949e-07
1.39056e-06 1.24773e-07
-4.66025e-07 6.2635e-07
1.86684e-07 8.66847e-08
-4.46475e-07 1.564e-07
-8.2193e-07 2.39828e-08
-1.41866e-06 -1.57255e-07
-1.0401e-06 2.73499e-07
-1.81736e-07 3.00952e-07
4.9699e-07 9.79536e-08
5.90662e-07 -4.77121e-07
-1.2821e-06 -6.17629e-07
-3.65486e-07 6.89009e-08
-6.1434e-07 -4.78969e-07
-4.3768e-07 -1.77486e-07
9.7644e-07 6.43958e-07
3.41672e-08 1.18432e-07
-1.85642e-07 -2.7616e-07
1.01324e-06 -4.69435e-07
-1.0908e-06 6.22763e-07
-1.13147e-06 -9.33075e-08
-7.79388e-07 6.8583e-07
-1.61494e-07 5.91822e-07
-7.52297e-07 1.1126e-07
-4.4988e-07 8.22538e-08
-8.01035e-07 6.25092e-07
5.37736e-07 4.20139e-08
5.50933e-07 5.32971e-07
3.474e-07 -1.14161e-07
-9.47351e-07 -1.2551e-07
5.4073e-07 -2.23797e-08
4.50042e-07 -4.07769e-07
6.26821e-07 -6.85179e-07
7.81336e-07 1.75764e-07
-1.1968e-06 2.55664e-07
1.436e-06 -5.31275e-07
7.39991e-07 -1.45611e-07
-8.76453e-07 -1.2042e-07
-9.63841e-07 -2.261e-07
9.94568e-07 -4.03455e-07
1.41302e-06 -4.25988e-07
6.36019e-07 6.20478e-07
-3.34976e-07 -1.19076e-07
9.28503e-08 -5.62839e-07
-3.79393e-07 -4.26866e-07
1.33739e-06 1.281e-07
-2.02208e-07 2.84634e-07
5.33744e-07 6.82719e-07
1.11204e-06 5.97871e-07
-3.61743e-07 4.79456e-08
4.885e-07 -6.52765e-07
1.19146e-06 -6.42446e-07
-1.40952e-06 -5.02176e-07
2.57164e-07 -6.5511e-07
3.07553e-07 4.04301e-07
1.06065e-06 8.26098e-08
-9.62329e-08 -1.67624e-07
9.30551e-07 3.79846e-07
1.01942e-06 -6.08701e-07
-7.48411e-07 -5.15811e-07
-1.19012e-06 -2.18295e-07
-2.45e-07 6.80206e-08
1.2362e-06 -3.4603e-07
1.41116e-06 -2.57655e-08
1.4478e-06 -9.92699e-08
1.30637e-06 5.62099e-07
-1.08569e-06 -5.97243e-07
7.12285e-07 1.09306e-07
9.56226e-07 -2.19749e-08
-7.83606e-07 6.55751e-07
-2.17718e-07 5.13348e-08
-5.07808e-07 -2.84767e-07
-6.96188e-07 -2.64569e-07
8.29796e-07 -2.6075e-07
-3.18786e-07 -6.28375e-07
-5.65004e-07 5.19124e-07
-1.02395e-06 5.82264e-08
1.12781e-06 -1.58488e-07
-4.54325e-07 9.34691e-08
8.87946e-07 -4.36202e-07
7.02379e-07 -1.55943e-07
-4.91908e-07 6.80123e-07
1.04208e-06 -4.58656e-07
1.2346e-06 -1.82771e-07
1.36611e-06 4.89967e-07
-1.59453e-07 -2.07177e-07
-3.76969e-07 -1.10227e-07
-1.7829e-08 -3.64457e-07
-1.42995e-06 -4.291e-07
8.76224e-07 4.50417e-07
6.23524e-07 -6.6491e-07
-1.13839e-07 1.16316e-07
1.37948e-06 -2.39865e-09
8.51651e-07 5.91632e-07
-5.54024e-07 3.88297e-07
1.41575e-06 6.18225e-07
-8.35682e-07 4.2745e-09
-1.27667e-07 -3.65426e-07
3.96616e-07 1.05986e-07
-8.68354e-07 -6.19615e-07
9.88645e-07 -2.48603e-07
-5.57958e-07 4.49548e-07
-7.93018e-08 -6.83739e-07
-1.38534e-06 -2.19394e-07
1.10437e-06 -3.24944e-07
9.48584e-07 -2.02811e-07
-1.32946e-06 1.15634e-07
-1.05556e-06 3.52669e-07
-9.54928e-07 4.32859e-07
2.81036e-07 -6.18781e-07
6.8323e-07 -1.89499e-07
4.93692e-07 -1.53327e-07
-3.81366e-07 -3.75753e-07
-5.13098e-08 3.39247e-07
-7.98579e-07 2.6461e-07
-1.15904e-06 -3.80968e-07
1.23448e-06 -2.61075e-07
9.56492e-07 -1.10588e-07
-9.38085e-07 -1.52062e-07
2.08804e-07 5.18597e-08
-7.92407e-08 -7.43061e-08
6.42199e-07 -6.25838e-07
6.50925e-07 -4.76501e-07
-9.44455e-07 -3.38634e-07
4.70931e-07 6.8779e-07
-1.38397e-06 -7.88325e-08
-3.11043e-07 2.21068e-07
-1.44778e-06 2.23479e-07
-8.85292e-07 -3.56789e-07
1.17598e-06 -4.6564e-08
-1.06859e-06 5.33385e-07
1.08783e-06 -2.84175e-07
-1.24624e-07 6.58968e-07
1.31548e-06 -6.13612e-07
5.71316e-07 4.24462e-07
6.83052e-07 4.35854e-07
-1.80048e-07 -4.85143e-07
4.54969e-07 -4.74675e-07
-1.18796e-06 6.73639e-07
1.36365e-07 -5.05462e-07
-2.2594e-07 2.93064e-07
1.24567e-06 1.96954e-07
-1.37975e-06 -1.9e-07
-3.69523e-08 2.52947e-07
1.43091e-06 -3.06736e-07
9.80363e-07 4.26924e-07
3.61942e-07 -2.45751e-07
-1.27615e-06 -6.62776e-07
-4.68871e-07 -6.18421e-07
5.69142e-07 3.40911e-07
9.43705e-07 -4.76185e-07
-7.45787e-07 -3.10512e-07
-1.28606e-06 -5.78228e-07
1.25882e-06 4.70146e-07
9.10683e-07 -3.77718e-07
1.01122e-06 -4.46581e-07
1.19015e-06 4.79351e-07
1.86928e-07 5.70832e-07
-2.68892e-07 -6.06103e-07
-2.3913e-07 1.43421e-07
-1.24513e-06 1.57453e-07
3.71854e-07 1.57361e-07
3.15844e-07 -2.28378e-07
1.15408e-06 1.16209e-07
-1.13118e-07 -5.50562e-07
-5.76623e-07 -4.06177e-07
1.27502e-06 -2.2417e-07
-1.29776e-06 -5.9859e-07
9.27308e-07 1.18275e-07
-1.23721e-06 -4.80171e-07
1.32899e-07 3.576e-07
-1.31097e-06 -5.15621e-07
1.63202e-07 4.48522e-07
9.31835e-07 -6.12129e-07
8.6101e-07 -2.66999e-07
1.34308e-06 -4.53704e-07
1.61535e-07 2.15225e-07
4.37732e-07 -1.97133e-07
9.82432e-07 -3.68185e-07
9.38844e-07 -6.33028e-07
-8.70994e-08 5.06233e-07
-1.57571e-07 -3.98139e-07
-1.34362e-06 -4.48738e-07
-1.59928e-07 2.42129e-07
-6.97829e-07 -8.30719e-08
5.15423e-07 -8.67353e-08
7.40187e-07 -4.64984e-07
4.35188e-07 -6.48073e-07
-1.39354e-06 -2.16929e-07
-3.98859e-07 5.49749e-07
2.43796e-07 -2.37641e-07
-1.02407e-06 -1.80229e-09
-4.74721e-07 -6.44783e-07
6.26941e-07 1.38111e-07
-8.41066e-07 5.26456e-07
6.10474e-07 -2.52181e-08
-8.97275e-07 -6.98565e-07
1.9632e-07 -2.21543e-07
4.60197e-07 4.23973e-07
5.37111e-07 2.33404e-07
-1.08063e-06 6.71289e-07
5.96219e-07 7.19055e-09
-1.36819e-07 -2.99769e-08
1.56772e-07 2.57381e-07
1.35234e-06 1.40613e-07
-9.03896e-08 -4.15358e-07
8.5582e-09 1.65813e-07
1.02649e-06 6.46879e-07
4.28806e-07 -4.32434e-07
-1.43423e-06 -4.03405e-07
-8.06754e-07 2.4081e-07
9.68539e-07 -2.36989e-07
-1.28487e-06 2.51828e-07
-7.49576e-07 -4.77095e-07
9.42445e-07 -4.70315e-07
3.47917e-07 -2.40964e-07
2.96314e-07 -2.25124e-07
6.44037e-07 -4.06302e-07
1.18207e-06 -3.57639e-07
-5.8548e-07 6.69212e-07
6.64009e-07 -3.76881e-07
7.41451e-07 9.49366e-08
2.94087e-07 -4.21063e-08
-6.61547e-07 7.68631e-09
1.09023e-06 2.10521e-07
-5.54104e-07 -2.33694e-07
1.29307e-06 -3.63688e-07
-1.30755e-06 -3.77281e-07
-1.19729e-06 -4.66677e-07
-1.18433e-06 -5.51322e-07
4.28804e-07 3.77707e-07
8.38685e-07 1.02001e-07
-1.29303e-06 1.65303e-07
-3.6418e-07 -5.06251e-08
-8.02625e-07 5.32815e-07
1.1268e-07 1.61969e-07
-5.35472e-08 3.60126e-07
1.16681e-06 3.88043e-07
-7.37507e-07 -1.17932e-07
-3.45618e-07 -3.70921e-07
-2.61453e-07 -1.32767e-07
8.52354e-07 -2.35065e-07
-3.64742e-07 4.9689e-07
2.67244e-07 1.31983e-07
4.70867e-07 1.94125e-08
-8.89635e-07 -1.54412e-07
-6.86175e-07 -5.82601e-07
1.03624e-07 5.68434e-07
1.05896e-06 -4.2328e-07
7.87013e-07 2.90426e-07
7.45937e-09 -6.6724e-07
-2.51054e-07 3.28625e-09
3.24339e-07 -3.84974e-07
1.16257e-06 -5.91843e-07
-1.6002e-07 -2.78036e-07
5.69081e-07 6.91379e-07
-9.01021e-07 5.68262e-07
1.8912e-07 -4.00845e-08
-1.12936e-06 -4.8614e-07
4.10684e-07 2.07422e-07
-3.9537e-07 6.97335e-07
1.12679e-06 2.80807e-07
1.04205e-06 6.84942e-07
-1.06204e-06 5.70065e-07
9.86466e-07 -2.35936e-07
4.02825e-07 -2.74646e-07
5.35488e-07 4.96196e-07
1.08603e-06 -2.44587e-08
-2.10516e-07 2.20155e-07
-9.1455e-07 2.49192e-07
2.86546e-07 -8.66005e-08
-2.00014e-07 -1.80966e-07
-1.37047e-06 3.09978e-07
1.18778e-06 -5.10078e-07
-1.94768e-07 -1.6393e-07
-6.15944e-07 -4.25431e-07
-1.13451e-06 -1.3692e-07
1.22403e-06 5.67517e-07
-1.02232e-06 -2.04902e-07
2.06736e-07 1.54854e-07
8.72466e-07 2.38546e-07
1.08131e-06 5.02492e-07
-1.02613e-06 4.44029e-07
1.19007e-07 4.5994e-07
1.44822e-06 6.09589e-07
3.43492e-07 3.68248e-07
-7.09919e-08 6.32567e-08
-1.2524e-06 -4.64195e-08
1.10245e-06 4.86507e-07
6.12196e-07 1.95685e-07
4.7586e-07 -8.42964e-08
-5.7983e-07 -3.67517e-07
9.88569e-07 4.59924e-08
4.83525e-07 7.79309e-08
-1.05928e-06 5.28677e-08
-1.45639e-07 2.58007e-07
1.36088e-06 3.11913e-08
-1.23046e-06 -5.19786e-07
-5.16094e-07 -6.93476e-07
-6.40359e-07 2.88713e-07
1.39817e-06 6.63231e-07
1.26511e-06 4.71331e-07
-2.3303e-07 2.87478e-07
1.40566e-06 9.70952e-08
1.03789e-06 -2.71893e-07
2.13002e-07 -5.52089e-07
1.40952e-06 -3.16552e-07
3.88121e-07 -4.20108e-07
7.25183e-07 1.72251e-07
-5.2508e-07 6.13093e-07
5.77779e-07 4.70503e-07
9.8413e-07 3.00151e-07
1.056e-06 -2.6727e-08
-4.23217e-07 -2.91104e-07
-1.18971e-06 5.52381e-07
7.8752e-07 3.58127e-07
9.87064e-07 4.69006e-07
-1.02389e-06 4.03844e-07
5.21243e-07 -4.39043e-07
-1.11242e-06 -4.98649e-07
7.78638e-09 4.9661e-07
4.5832e-07 1.70051e-07
8.86534e-07 -1.10482e-08
-5.45147e-07 -6.58089e-07
1.38177e-06 -2.88255e-07
1.18554e-06 -3.20241e-07
-3.18094e-07 5.8127e-07
9.13702e-07 2.41267e-07
-1.25668e-06 -5.7642e-07
7.99808e-07 4.95551e-07
-6.68094e-07 4.25158e-07
9.44822e-07 6.59077e-07
8.54625e-07 6.49957e-07
-1.30372e-06 -4.24055e-07
-1.31857e-06 -6.83455e-07
7.06747e-07 -6.68265e-07
8.66156e-07 -8.54862e-08
3.83862e-07 -4.13651e-07
7.2753e-07 2.18601e-07
1.35562e-06 -6.98351e-07
5.15316e-07 5.93048e-07
3.52401e-07 2.92635e-07
1.27226e-06 -3.91601e-07
-1.16063e-06 1.69814e-07
-6.26938e-07 4.22106e-07
-8.81289e-07 5.37628e-07
1.87456e-07 2.52604e-07
5.96895e-07 3.01981e-07
-1.25449e-06 -6.31763e-07
5.17646e-07 -4.10645e-07
9.3278e-07 4.55539e-07
-1.33646e-06 -3.69163e-07
5.89821e-07 3.44689e-07
-1.19351e-06 -2.52312e-07
-4.70778e-07 -2.35644e-07
5.14404e-07 -2.13056e-07
-1.32784e-06 2.29626e-07
-7.84126e-07 -1.87893e-07
4.0422e-07 -8.623e-08
-1.17991e-06 -5.1041e-07
4.47676e-07 4.46967e-07
-1.06341e-06 6.50833e-07
1.09427e-07 -3.97058e-07
2.78524e-07 -4.99157e-08
-1.27598e-06 -1.75076e-07
-5.79341e-07 -6.32688e-09
-9.03705e-08 3.13447e-07
-1.725e-07 -4.00034e-07
2.82295e-07 5.98697e-07
-9.26667e-07 7.18804e-08
2.71689e-07 3.72745e-07
1.30093e-06 -3.24539e-07
-3.04057e-07 3.08488e-07
4.35994e-07 2.73507e-07
1.34032e-06 3.58646e-08
2.36363e-07 2.97417e-07
-8.38592e-07 6.23265e-07
4.37489e-07 1.47605e-07
-3.39905e-07 3.13166e-07
-9.53952e-07 7.66026e-08
-3.5282e-07 -1.53171e-07
9.81382e-07 -1.8764e-07
-4.72725e-07 -3.22563e-07
9.22465e-08 -4.22522e-07
1.04095e-06 -1.20366e-07
-2.79144e-07 3.96606e-07
-1.09828e-06 -1.30393e-07
-5.51515e-07 -3.69582e-07
-7.93594e-07 -1.70563e-07
-1.1598e-06 3.55752e-07
-1.82159e-07 -1.24952e-08
1.10017e-06 -1.21109e-07
1.40689e-06 5.78888e-07
7.33784e-07 2.12079e-08
1.00656e-06 5.62968e-07
4.0647e-07 6.52933e-07
-7.28137e-07 -3.18279e-07
2.27822e-07 -5.60122e-07
-1.44194e-07 4.78918e-07
-1.4017e-06 -6.4879e-07
-4.82617e-07 6.0168e-07
9.71978e-07 -4.19783e-07
2.35651e-08 -3.62827e-07
1.0442e-06 6.1481e-08
-1.95635e-07 -2.5381e-08
6.25613e-07 2.58273e-08
3.44409e-07 -1.09464e-07
5.23146e-07 -6.44465e-08
-9.37216e-07 1.29568e-07
8.76981e-07 -3.69259e-09
1.99727e-07 5.7288e-08
1.15794e-06 -4.99864e-07
1.14631e-06 -6.00821e-07
-7.16161e-07 -2.68826e-08
-1.50947e-07 2.09119e-07
-4.99971e-07 4.05322e-07
-1.39614e-07 -5.71543e-07
-3.39969e-07 6.31642e-07
-9.68893e-07 -2.59473e-07
1.40752e-06 6.88697e-07
9.9873e-07 -1.78957e-07
1.26282e-06 -6.31167e-07
-4.44383e-07 -1.26994e-07
-1.3561e-06 4.21952e-07
1.28516e-06 -6.86245e-07
-7.69874e-07 -4.04915e-07
-6.33272e-07 6.40782e-07
-5.66748e-08 -6.18638e-07
2.9766e-07 -4.20354e-07
-1.17286e-07 -4.44768e-07
-1.69555e-07 4.02351e-07
1.54948e-07 -5.41958e-07
6.46038e-08 -6.49186e-07
1.168e-06 6.15198e-07
5.04274e-07 -9.09887e-08
-1.33969e-06 -2.61917e-07
-4.44518e-07 -4.51533e-07
-4.19273e-07 -5.49461e-07
1.44819e-06 2.03356e-07
8.2873e-07 -3.46886e-08
-9.0222e-07 -5.84286e-07
1.26198e-07 -5.98362e-08
-1.08888e-06 6.51312e-07
-2.93946e-07 -9.42753e-09
-6.23774e-07 -5.06523e-07
-1.09876e-06 6.13773e-07
1.19573e-06 -6.1074e-07
7.58273e-07 -2.7846e-07
-1.43049e-06 -2.67989e-07
-7.28659e-07 1.489e-07
1.19686e-06 3.65532e-07
-6.25358e-07 1.76292e-09
-5.77002e-07 2.49188e-07
-4.0904e-07 -3.61668e-09
-5.5138e-07 -5.75173e-07
7.06387e-07 4.21153e-07
5.29636e-07 5.9067e-08
1.08835e-06 -6.89119e-07
1.42469e-07 -5.17441e-07
-3.52546e-07 -5.76162e-07
7.27429e-07 -4.29686e-07
1.90913e-07 -6.55417e-07
9.29789e-07 2.34946e-07
-9.90134e-07 -6.15571e-07
8.6098e-07 -4.28605e-07
9.25877e-07 7.94288e-08
-1.19063e-06 -3.34348e-07
1.40774e-06 3.95679e-07
7.30483e-07 1.98617e-07
1.77108e-07 4.27906e-07
1.33669e-06 -5.45918e-08
-5.66457e-07 4.80402e-07
-1.36302e-06 -5.23246e-07
9.42672e-07 -3.11156e-07
-6.89685e-07 -9.04059e-08
3.52746e-07 -5.11074e-07
1.29206e-07 -2.68998e-07
5.74985e-07 1.95374e-07
4.82502e-07 -1.66746e-07
9.74503e-07 4.44783e-08
5.23521e-07 6.67452e-07
-7.17627e-07 -3.46542e-07
-1.29459e-06 -4.45307e-07
1.14091e-06 -4.09588e-07
-1.16548e-07 5.07681e-07
7.3135e-08 1.41039e-07
1.2567e-06 7.01608e-08
2.23015e-07 4.40264e-07
-6.0807e-07 -6.91978e-07
-5.05491e-07 3.86802e-07
-1.04052e-06 -4.28686e-07
1.31354e-06 5.40583e-07
4.20407e-07 8.79063e-08
1.18961e-06 6.00747e-07
-9.48769e-07 -2.06978e-07
-9.05953e-07 -4.28031e-07
-8.11303e-07 6.64511e-07
8.80446e-07 6.0619e-08
-1.42848e-06 -6.61349e-07
1.08717e-06 4.84434e-07
1.22342e-06 -4.81841e-07
9.90192e-07 -6.65401e-07
-6.03482e-07 -5.5294e-07
-4.14287e-07 5.5963e-07
3.71055e-07 2.31929e-07
1.34561e-06 6.90184e-07
1.07439e-06 -3.66758e-08
2.88703e-07 -3.68349e-07
-5.05089e-07 -4.6472e-07
1.20812e-07 6.34733e-08
2.12016e-07 3.50314e-08
-1.43857e-06 1.28623e-07
-1.25582e-06 1.60479e-07
-7.41734e-08 -6.68205e-07
-4.61278e-07 5.26323e-07
1.43618e-06 -6.15224e-07
-1.60712e-08 2.62595e-08
-1.25589e-06 -6.48362e-07
-1.10013e-06 -4.90328e-08
6.37943e-08 6.23955e-07
1.01008e-06 -3.59367e-07
1.21064e-06 -5.20353e-07
5.82318e-07 -5.85315e-07
3.97906e-07 -6.24081e-07
-1.37215e-06 -5.09603e-07
-9.40724e-07 -1.32137e-07
-1.26716e-07 2.22769e-08
-1.41029e-06 -6.40762e-08
7.81294e-08 2.40664e-07
-3.08877e-07 -2.17609e-07
-3.4284e-07 2.58624e-07
2.33106e-07 -9.57328e-08
1.7912e-07 2.82172e-08
-7.29151e-07 -2.81271e-07
-3.77484e-07 1.18703e-07
1.28024e-07 -4.61876e-07
-1.03781e-06 8.22013e-08
-8.59358e-07 -6.80222e-07
-1.03899e-06 -6.0174e-07
-9.78641e-07 1.41144e-07
1.19307e-06 1.54644e-07
-1.18299e-06 -2.96005e-07
5.61723e-07 -2.73158e-07
3.97276e-07 -2.72302e-07
-4.42156e-07 -2.42811e-07
8.95002e-07 7.75638e-08
1.1533e-06 -3.65109e-07
9.37311e-07 4.47944e-07
-2.04513e-07 -4.92813e-07
-2.42395e-07 -4.85629e-07
-6.21249e-07 6.0827e-07
-1.3698e-06 1.07636e-07
-1.27526e-06 3.68871e-07
6.15857e-07 6.59136e-07
-9.07421e-07 9.40276e-08
-2.62025e-07 -3.13621e-07
-2.9318e-07 -3.67477e-07
1.21145e-07 9.81432e-08
-6.40118e-08 -1.67344e-07
1.49011e-07 1.37188e-07
1.14414e-07 -2.74668e-07
1.83234e-07 -2.14883e-07
-4.00887e-07 -1.25822e-07
-1.19313e-06 5.21721e-07
6.37453e-07 -5.67034e-07
1.08472e-07 1.95335e-07
-2.75781e-08 -2.30122e-07
-1.06349e-06 -3.61959e-08
6.42895e-08 -6.83662e-09
-4.00773e-07 -2.56718e-07
-6.3533e-07 -4.3451e-07
-1.40885e-06 3.27634e-07
1.12263e-06 4.91493e-07
2.94876e-07 -2.65373e-08
6.20301e-07 -4.28951e-07
-1.32612e-06 5.73192e-07
-4.92847e-07 2.29356e-07
9.90592e-07 2.77005e-07
5.56969e-08 2.62058e-07
8.31781e-07 -3.93651e-07
-9.47948e-07 -5.40117e-07
5.26164e-07 -5.52226e-09
-9.81366e-07 -5.77666e-07
-4.66518e-07 2.6624e-07
8.48526e-07 5.02241e-08
-1.17197e-06 5.59444e-07
-1.55552e-07 2.2001e-07
-4.96871e-07 6.45999e-07
-1.38406e-06 -2.82118e-08
-1.06387e-06 2.91526e-07
8.56809e-07 -5.30025e-07
-6.24293e-07 -4.95818e-07
-4.13398e-07 -6.83638e-07
-1.0263e-06 6.43107e-07
6.77788e-07 -4.99565e-07
-5.51368e-07 -1.85183e-07
7.12417e-07 1.7354e-07
4.83483e-07 1.79488e-07
-8.65267e-08 -6.81147e-07
1.04804e-06 2.12591e-07
3.09848e-07 -5.95857e-07
6.42817e-07 3.04281e-07
8.24526e-07 3.5177e-07
1.21003e-06 6.50459e-07
-8.05738e-07 6.60957e-07
-7.76327e-08 -4.69636e-07
-1.2684e-06 3.70324e-07
-5.66832e-07 -4.55168e-07
-4.50775e-07 -5.45967e-07
-8.0142e-07 3.80523e-07
7.48164e-08 4.57491e-07
2.01077e-07 -2.29205e-07
1.05868e-06 -8.24426e-08
6.30046e-07 -3.41639e-07
9.00011e-07 3.55266e-07
-4.01359e-07 -2.43901e-07
1.09563e-06 1.07968e-07
-9.91291e-07 4.03392e-07
-4.30117e-07 6.04432e-07
1.36022e-06 -1.75922e-07
-1.08822e-06 -2.27474e-07
4.11946e-07 -2.67992e-07
1.51629e-07 5.5454e-07
-1.38052e-06 -2.20703e-07
-9.19236e-07 3.05566e-07
-6.94215e-07 -3.05428e-07
-7.32376e-07 -3.43854e-07
1.34678e-06 2.08179e-07
-9.55052e-07 1.30867e-08
8.33381e-07 2.9385e-07
-8.41491e-07 -3.41768e-07
-4.39005e-07 2.29637e-07
1.08395e-08 -6.23415e-07
-9.99285e-07 2.64551e-07
9.4338e-07 -4.64091e-07
-6.15394e-07 -5.39368e-07
-4.1061e-07 -4.39267e-07
-5.16589e-07 -3.9334e-07
5.51636e-07 4.94384e-07
7.28437e-07 5.44375e-07
-1.0091e-06 -5.33971e-07
4.82474e-07 -3.71236e-07
1.38178e-06 -9.76522e-08
3.54962e-07 -1.54459e-07
8.95858e-07 3.63872e-07
7.78669e-07 -3.36795e-07
-2.87696e-07 -2.73755e-07
1.00123e-06 2.19657e-07
1.98052e-07 4.82295e-07
1.31055e-06 -6.5221e-07
-1.001e-06 -3.72842e-07
5.81138e-07 1.97348e-08
9.88083e-07 -1.13336e-07
2.35229e-07 1.94243e-07
-3.53476e-08 8.05355e-08
1.39279e-06 2.03917e-07
-1.27711e-06 -4.65104e-07
1.12492e-06 -4.40846e-07
3.5273e-07 -4.23796e-07
-1.2227e-06 -6.72213e-07
5.94564e-07 4.53703e-07
-1.74403e-07 -6.72983e-07
-5.61214e-07 5.13483e-07
-4.74742e-09 -6.49927e-07
1.23975e-06 6.63314e-07
2.48907e-07 8.58711e-08
1.72048e-08 -1.23332e-07
-8.98138e-07 4.81591e-07
-7.00684e-07 -4.33523e-07
-4.81844e-07 4.51041e-07
-2.75289e-07 6.77629e-07
-6.94462e-07 3.52655e-07
7.90491e-07 3.05846e-07
8.67203e-07 1.3109e-07
-4.67779e-07 2.11591e-07
-3.12658e-07 3.87229e-07
1.26163e-06 -4.95241e-07
1.40374e-06 -5.34452e-07
4.14019e-07 -3.24967e-07
6.98034e-07 3.90015e-07
5.65321e-07 5.04974e-07
-7.92996e-07 -5.23606e-07
-8.19276e-08 -2.99018e-07
1.18751e-06 -6.99623e-07
1.01855e-06 -3.17315e-08
3.88347e-07 -6.18511e-07
1.1859e-06 -4.19409e-07
1.39592e-06 1.439e-07
1.32682e-06 1.70276e-08
-9.28147e-08 -5.49655e-07
-1.32981e-07 -3.85513e-07
1.20388e-06 1.30918e-07
-4.32623e-07 -4.50993e-08
1.17241e-06 -7.86825e-09
1.07087e-06 1.00928e-07
-1.33513e-07 -1.36493e-07
8.71881e-07 -8.12638e-08
6.98343e-07 -6.50912e-07
5.24772e-08 -2.18114e-07
6.73719e-07 -9.96037e-08
1.38286e-06 -1.38928e-07
-8.99494e-07 -7.06451e-08
1.09337e-06 -4.16147e-07
1.15382e-06 2.36914e-07
7.09871e-07 2.3118e-07
-9.55861e-07 2.04676e-07
-1.22975e-06 5.66666e-07
-5.57868e-08 3.27482e-07
9.80597e-07 -3.57291e-08
-1.35224e-06 6.18829e-07
-7.19977e-07 -4.12924e-07
1.34624e-06 1.95723e-07
1.52852e-07 -2.99762e-07
-8.02173e-07 -5.74742e-07
-5.96286e-07 2.47991e-07
-7.32406e-07 -4.3825e-07
1.30537e-06 4.79779e-07
-1.25967e-06 1.17183e-07
-9.18274e-07 -1.08339e-07
6.04682e-07 6.76829e-07
1.09229e-06 -6.62008e-07
9.14522e-07 1.66306e-07
-8.84081e-07 -1.25025e-07
7.46481e-08 6.35647e-07
-9.08526e-07 -2.02842e-07
1.03549e-07 5.84456e-07
-5.0086e-07 5.69242e-07
-1.35823e-06 5.03402e-07
-1.34333e-06 -4.26121e-07
3.71162e-07 5.12545e-07
1.32161e-06 6.19724e-07
-1.01387e-06 3.14529e-07
2.07178e-07 3.02859e-07
-7.87913e-07 -3.39098e-07
1.1486e-07 3.45794e-07
5.42696e-07 -3.69655e-07
1.32719e-06 3.2259e-07
-9.09737e-07 -6.49842e-08
2.07799e-07 6.67688e-07
6.85816e-07 2.27924e-07
-6.99287e-07 4.80062e-07
-2.04425e-07 -5.67065e-07
8.41207e-07 3.16085e-07
2.31565e-08 3.70913e-07
1.3095e-06 4.65671e-07
-1.38634e-06 -6.57415e-07
5.3479e-07 -5.9807e-08
-1.15187e-06 -3.6104e-07
-1.30741e-06 -4.53823e-07
4.67262e-07 -1.15098e-07
9.82888e-07 1.37348e-07
7.53939e-07 6.61438e-07
-1.33004e-06 -7.05268e-08
-1.19924e-06 -1.37599e-07
7.46495e-07 -5.39401e-07
-1.40671e-06 5.96268e-07
9.8779e-07 -3.36878e-08
-8.85612e-07 -5.91408e-07
-5.45216e-07 -5.46619e-07
-6.39706e-09 -6.02521e-07
6.84098e-08 -5.6525e-07
1.21447e-06 -1.27192e-07
-8.85101e-07 -5.38278e-07
-5.95505e-07 3.43726e-07
1.18276e-06 -3.20177e-07
-8.99143e-07 -1.79494e-07
-5.3218e-08 4.67121e-07
-1.16008e-06 -3.35941e-07
-1.30404e-06 -4.53831e-07
-6.8012e-07 3.00973e-07
3.1418e-07 2.87133e-07
3.32663e-07 3.52792e-07
-9.56593e-07 -6.59511e-07
8.39306e-07 -5.96673e-07
8.22828e-07 6.63751e-07
9.02577e-07 4.75313e-07
-8.22402e-07 6.99801e-07
1.43545e-06 -6.27569e-07
-5.4918e-07 -4.94253e-07
1.2119e-07 -9.17233e-08
-7.2027e-07 -3.3187e-07
7.09393e-07 2.39025e-07
1.19822e-06 -2.67268e-07
-1.00184e-06 1.12801e-07
1.18363e-06 -8.87497e-08
1.44911e-06 2.39465e-08
-1.34735e-06 -1.93635e-07
1.67554e-07 -1.92976e-07
9.42481e-07 -4.14235e-07
-2.32795e-07 -2.58599e-07
1.08626e-06 3.07835e-07
1.84843e-08 -2.10742e-07
4.51643e-07 3.24884e-07
-7.29294e-07 -4.12236e-07
-6.75456e-07 6.38631e-07
5.40103e-07 -1.6002e-07
-1.1054e-06 3.66813e-09
-2.09024e-07 9.96195e-08
5.44988e-07 -2.85183e-08
2.66595e-07 2.75414e-07
5.32023e-07 2.7512e-07
-5.79244e-07 -6.37906e-07
-6.42501e-07 -6.68639e-09
8.33837e-07 5.29799e-07
6.07899e-07 -3.1953e-07
-2.10371e-07 3.14297e-07
3.41428e-07 4.36554e-07
5.6703e-07 -3.14103e-07
-1.38892e-06 -5.55733e-07
-1.3511e-06 -3.59131e-08
7.86583e-07 4.31333e-07
6.1821e-07 -1.16402e-07
-1.10334e-06 2.75272e-07
-1.34917e-06 3.53975e-07
-1.2182e-06 2.46556e-07
-1.0292e-06 -4.90026e-07
6.13757e-07 -2.13494e-08
4.5768e-07 -6.92623e-07
1.32453e-06 -5.52029e-07
7.94975e-07 5.04029e-07
-8.53087e-07 2.81843e-07
-5.32922e-07 -4.37268e-07
-1.34102e-06 5.47616e-08
-1.24195e-06 2.12814e-07
1.29553e-06 4.47159e-07
1.18679e-06 -2.1821e-07
9.66264e-07 -6.43135e-07
1.15168e-06 -5.61544e-07
-1.28879e-06 4.9779e-07
-2.7106e-07 -3.66631e-07
9.26972e-07 -5.8218e-08
2.07418e-07 6.80597e-07
7.35459e-07 2.11798e-07
-7.38823e-07 3.82636e-07
-4.07366e-07 -2.86275e-07
5.40689e-07 -5.35795e-07
8.47076e-07 -1.70874e-07
-1.12921e-06 4.1153e-07
1.00741e-06 2.10569e-07
1.28213e-06 5.0688e-07
-6.54163e-08 4.76601e-08
5.10919e-07 -5.33032e-08
-8.77026e-07 -5.78726e-07
-7.54992e-08 2.24251e-07
-5.88572e-07 -3.76054e-07
-1.02984e-06 -6.90543e-07
-1.40029e-06 -2.61048e-07
1.46701e-07 2.63757e-07
-8.95389e-07 6.69237e-09
8.17162e-07 6.2127e-07
-1.05443e-08 2.08635e-07
-1.25867e-07 -2.58062e-07
-4.897e-07 5.95524e-07
-9.26842e-07 1.05283e-07
2.55842e-07 4.27228e-07
1.27332e-06 4.95123e-07
-3.4625e-08 -3.87053e-08
1.29771e-06 -4.03942e-07
-4.27142e-07 6.04455e-07
-6.9919e-07 -1.0114e-07
-7.79025e-08 -2.87982e-07
-2.80916e-07 -4.96051e-07
3.67894e-08 3.12341e-07
-2.14553e-08 5.92419e-07
7.83513e-07 1.21617e-07
1.237e-06 -3.92451e-07
-7.54168e-08 1.90731e-07
2.94112e-07 -3.74126e-07
-3.45569e-07 -3.97757e-07
5.25604e-07 -4.26955e-07
7.93441e-07 4.92253e-07
1.13283e-06 -5.50982e-07
1.38028e-06 -4.57591e-07
-9.94717e-07 1.08515e-07
-1.87683e-07 1.68689e-07
-7.16373e-07 1.26008e-07
-8.25711e-07 2.19425e-07
7.17776e-07 3.02149e-07
2.86798e-07 4.50733e-07
-7.50718e-08 -4.79417e-07
-1.22075e-06 -4.70188e-07
1.33634e-06 7.55466e-08
-1.29675e-06 -4.4631e-07
-4.21897e-07 -1.39568e-07
-1.42465e-06 -6.14649e-07
5.03977e-07 -5.82464e-07
-5.50212e-07 -6.35465e-07
-8.41217e-07 -4.81439e-07
-1.049e-06 6.40811e-08
-8.95089e-07 -5.26024e-07
9.69851e-07 2.18409e-07
1.06799e-06 5.05506e-08
1.39824e-06 6.51389e-07
1.05901e-06 3.8785e-07
4.36022e-07 1.00807e-08
-2.88105e-07 -4.66481e-07
1.8782e-07 -7.02504e-08
-1.24202e-06 1.04279e-07
-4.75087e-08 2.05634e-07
5.07581e-07 -2.1254e-07
5.24736e-07 -3.48861e-07
5.86763e-07 -4.00287e-07
-8.78768e-08 -3.64033e-07
9.17947e-07 -3.37841e-07
1.43642e-06 -5.11847e-07
-8.1556e-07 4.76579e-07
1.41181e-06 -4.4082e-08
7.65534e-07 -3.76574e-07
1.23627e-06 -6.02762e-07
3.19117e-07 -1.21463e-07
-1.28605e-06 -6.64052e-09
-7.45314e-07 -6.51296e-07
1.31765e-06 9.75184e-08
-1.78687e-07 -5.52847e-07
1.2919e-06 6.35762e-07
-1.22517e-06 3.46114e-07
1.0913e-06 -9.25794e-08
1.08637e-06 -1.99912e-07
1.1296e-06 4.95625e-07
-7.47209e-07 1.27644e-07
1.27322e-07 6.55414e-07
4.82532e-07 -6.0664e-07
-2.43022e-07 -1.07411e-07
7.37023e-07 -2.01948e-07
-4.26426e-07 -6.86287e-07
9.67271e-07 -4.60379e-07
-7.36168e-07 1.60062e-08
-5.87e-07 -2.13554e-07
1.37021e-06 5.34804e-08
1.27415e-06 -5.15141e-07
-1.44129e-06 6.29954e-07
3.95762e-07 -4.87107e-07
-6.8672e-07 -3.69517e-07
-7.00811e-07 -4.82557e-07
-1.31399e-07 -1.87055e-07
7.7218e-08 -3.7699e-07
1.3701e-06 2.13705e-07
-2.9012e-07 -1.56364e-07
6.34347e-07 4.58576e-07
-1.15541e-06 -4.20597e-08
-5.92389e-07 9.50601e-08
1.32157e-06 -2.73445e-07
-1.4218e-06 -5.50668e-08
1.18768e-06 -1.70673e-07
-3.97452e-07 -4.0003e-07
-1.05307e-06 -2.91864e-07
8.57635e-07 -5.62056e-07
-6.0398e-07 -6.2509e-07
1.40338e-06 1.41735e-07
-4.86316e-07 -9.36175e-08
-8.58748e-07 -5.33136e-07
4.22677e-07 -1.58386e-07
8.00141e-07 -1.17568e-07
-1.40621e-07 -3.60249e-07
7.46169e-09 -2.90792e-07
1.26451e-06 -2.4113e-07
-1.28615e-06 -2.34443e-07
8.01224e-07 6.66216e-07
-1.53691e-07 1.81782e-07
-1.40194e-06 5.26596e-07
-3.09035e-07 -6.2354e-08
9.29149e-07 4.35152e-07
-1.32705e-06 -5.24544e-07
9.85877e-07 -4.82194e-08
-7.00417e-07 3.86054e-07
-1.07254e-06 -3.24151e-07
-1.39609e-06 1.81629e-07
1.44505e-06 -3.20539e-07
-3.31482e-09 -1.14117e-07
-3.91972e-07 -6.63469e-07
-1.4403e-07 5.36498e-07
-4.44381e-07 3.91484e-07
-3.0769e-07 -1.99693e-07
-6.35343e-07 -5.19798e-08
8.73204e-07 -1.96674e-07
3.96992e-07 -2.37781e-07
1.39753e-06 6.66023e-07
8.1776e-07 6.69296e-07
-1.266e-06 4.33634e-08
-1.04072e-06 -2.96285e-07
-4.00147e-07 5.50378e-07
-8.75146e-07 6.05404e-07
9.57792e-07 -4.50622e-07
-9.95589e-07 -1.89872e-08
-7.93003e-07 -6.65834e-07
6.84482e-07 -4.54715e-07
-5.68043e-08 6.30508e-07
-8.37062e-07 -3.54835e-07
-1.13275e-06 -4.77609e-07
1.36193e-06 -5.78003e-07
3.72698e-07 6.43121e-08
4.66076e-07 2.53988e-07
4.47648e-07 -5.51527e-07
1.00052e-06 -2.10396e-07
1.2765e-06 -3.98783e-07
-1.21218e-06 -2.51247e-07
-9.15513e-07 5.94111e-07
-1.12582e-06 -6.88799e-07
1.02881e-06 2.10445e-07
-2.07134e-07 5.04755e-07
1.31912e-06 5.3869e-07
1.3582e-06 1.44721e-07
2.90265e-07 2.44808e-07
2.65007e-08 5.88736e-07
-4.38525e-07 1.47467e-07
-4.2632e-07 1.85686e-07
1.41128e-06 3.33207e-07
1.12249e-06 8.16669e-08
-1.40695e-06 3.02903e-07
-9.60159e-07 7.43485e-08
-5.31274e-07 2.15657e-07
4.01294e-07 4.40981e-07
-1.36743e-06 -4.89364e-07
1.27248e-06 -2.5435e-07
9.65064e-07 -6.4411e-07
2.05042e-08 -5.98819e-07
9.08074e-07 -1.57007e-07
-5.23881e-07 5.47625e-07
1.18991e-06 3.64365e-07
-1.30272e-06 3.52146e-07
-7.04705e-07 5.54064e-07
-1.1499e-06 -2.9006e-07
-9.41303e-07 3.56426e-07
-7.19951e-08 -5.48164e-07
-5.56544e-07 6.91387e-07
2.06125e-08 4.09977e-07
8.16308e-07 -1.46821e-07
-1.43636e-06 -5.0974e-07
-6.04041e-07 -1.18055e-07
1.55022e-07 -5.5826e-07
-7.45141e-08 1.88449e-07
-9.17033e-07 4.74088e-07
-8.98544e-07 1.25254e-07
-1.76655e-07 1.91965e-07
7.29629e-07 -3.2105e-07
5.62374e-07 -3.48229e-07
-4.46437e-07 4.07329e-07
-5.5615e-07 1.33626e-08
-1.2164e-06 -5.01257e-07
4.68745e-07 6.29316e-07
7.63133e-07 -2.29789e-07
-1.12137e-06 2.35928e-07
1.15215e-06 -3.39031e-07
-3.50975e-07 2.34001e-07
-5.75111e-07 -5.95388e-07
1.20369e-06 -4.05802e-07
-1.34565e-07 -5.39637e-07
-1.19799e-06 4.29854e-07
-7.32884e-07 -2.81784e-07
1.13405e-06 -1.74058e-08
4.81182e-07 1.38854e-07
5.85404e-07 -5.95596e-07
-2.81282e-07 -2.21024e-07
-9.52625e-07 -5.65896e-07
-1.55241e-07 -4.02668e-08
1.07283e-06 -2.34827e-07
4.10959e-07 -2.60724e-07
-6.90161e-07 -6.56793e-07
4.28781e-07 3.26417e-07
-1.09675e-06 1.68219e-07
-7.68377e-07 6.45971e-07
1.14958e-06 -1.07291e-07
1.09281e-07 4.45989e-07
9.46542e-08 -3.97032e-07
9.35095e-08 2.40443e-07
5.36076e-07 -1.3933e-08
-1.05217e-06 -1.45425e-09
8.6855e-07 -2.26912e-07
-3.36119e-07 -5.77438e-07
1.13869e-06 -1.22976e-07
-1.03072e-06 -5.83625e-07
-1.22573e-06 1.18571e-07
-1.18324e-06 -4.4883e-07
4.8031e-07 2.32106e-07
5.34156e-07 -3.02267e-07
-5.00091e-07 -6.4006e-07
-9.50679e-07 -4.4258e-08
6.37044e-07 -6.07734e-07
-4.78871e-07 -1.71107e-07
9.0867e-07 -6.41671e-07
1.01137e-06 5.19886e-07
1.62437e-07 5.90539e-07
9.77521e-07 3.54081e-07
-1.43015e-06 -4.22419e-07
1.2392e-06 -6.44929e-07
1.0751e-07 4.22373e-08
-6.00281e-07 1.91366e-07
1.2204e-06 -6.1611e-07
-6.06062e-07 -2.99961e-07
-9.66694e-07 -2.38563e-08
1.09179e-06 -5.81846e-07
-8.39373e-07 -2.48546e-07
-9.62958e-07 2.91732e-07
9.72907e-07 3.9128e-07
-2.78083e-07 4.70502e-07
9.25381e-07 -2.33081e-07
-5.12991e-07 6.44695e-07
-2.38537e-07 -6.7304e-07
1.07492e-06 -1.89427e-07
3.01527e-07 3.36545e-07
1.00366e-06 -5.98399e-07
8.82254e-08 -5.65163e-07
-4.01118e-07 -4.13187e-07
1.06989e-06 -3.09739e-08
8.88471e-07 -2.38223e-09
-1.29003e-06 6.79228e-07
-6.4698e-07 3.22132e-07
-8.17212e-07 -3.11119e-07
-2.53288e-08 3.95915e-07
-1.05345e-06 -4.02812e-08
1.2838e-06 -3.66946e-07
-1.09914e-06 4.97714e-07
3.36447e-07 -2.8252e-07
8.2658e-07 2.08575e-07
7.73555e-07 3.10847e-08
7.66282e-08 6.09559e-07
-3.78492e-07 3.43751e-07
-2.10252e-07 -5.34298e-07
-1.0533e-06 1.05526e-07
8.00251e-07 4.22885e-07
-8.57675e-07 6.0997e-08
9.79829e-07 4.12559e-07
9.36806e-07 5.15218e-07
-1.26472e-06 -9.72683e-10
-4.4351e-07 3.13559e-08
8.48722e-07 4.5904e-07
-1.64468e-08 6.00353e-07
1.04712e-06 -4.41534e-07
6.83254e-07 5.33522e-07
-1.00692e-06 1.83623e-07
-1.16543e-06 -1.11981e-07
-7.66679e-07 -2.07989e-07
3.04326e-07 3.06727e-07
1.33059e-06 6.40322e-07
-1.30894e-06 -1.99904e-07
1.37842e-06 -6.95206e-07
-1.33415e-06 -3.1779e-07
6.16402e-07 2.55034e-07
1.38275e-06 -5.03644e-07
9.76911e-07 -2.89566e-07
-5.34325e-07 1.00728e-07
-1.61905e-07 -6.7591e-07
-7.42752e-07 5.3004e-07
1.21263e-06 5.8501e-07
2.92971e-07 -4.45681e-07
1.43643e-06 -5.81755e-07
6.0723e-07 -5.24449e-07
-9.22174e-07 -8.75297e-08
1.40228e-06 -6.1665e-07
-5.39501e-07 -3.44912e-07
2.02963e-07 -6.86569e-07
-1.40264e-06 3.88826e-07
-9.25753e-07 -1.71039e-08
-5.67071e-07 -3.19601e-07
1.43819e-06 -4.64819e-07
1.02136e-06 -5.02394e-07
8.985e-07 -1.86062e-07
-8.47139e-07 -8.84443e-08
5.87838e-07 6.70992e-07
5.58645e-07 -5.75111e-07
7.74104e-07 -4.4078e-07
-2.99538e-07 -1.52178e-07
6.27345e-07 6.48313e-07
-9.69577e-07 -8.10522e-08
6.23205e-07 -2.66032e-07
1.44951e-06 1.58046e-07
1.8537e-08 3.31954e-07
1.38524e-06 6.07268e-07
5.26471e-08 6.90961e-07
6.67012e-08 -4.06893e-07
-1.1353e-06 -1.31011e-07
1.38674e-06 -2.01575e-07
9.46268e-07 8.5382e-08
1.35491e-07 -5.83726e-07
-1.22362e-06 3.61941e-07
1.27251e-07 -2.40324e-07
-5.45625e-07 1.57108e-07
-4.39373e-07 3.69487e-08
-7.33104e-07 5.8168e-07
6.05819e-07 1.70773e-07
8.52902e-07 4.61299e-07
-1.23255e-06 -3.28045e-07
6.37067e-07 4.42193e-07
-1.36011e-06 3.54353e-07
7.48197e-07 2.04032e-07
1.60831e-07 -6.30822e-07
-8.41032e-07 3.08342e-07
-4.62259e-07 -2.3826e-07
-3.64745e-08 2.12442e-07
-4.3122e-07 -4.0268e-07
4.10597e-07 -5.18572e-07
8.86592e-07 1.85997e-07
1.8501e-08 5.44785e-08
-4.64509e-07 -1.98677e-07
-1.40992e-06 6.72383e-07
-1.1986e-06 -5.00853e-07
2.24993e-07 -2.18426e-07
-6.21223e-07 4.11255e-07
-9.19131e-07 5.06644e-07
8.41725e-07 -4.08278e-07
1.30888e-07 1.05567e-07
1.29168e-06 5.11743e-07
-5.53586e-07 -6.31126e-07
-5.06582e-07 -4.61685e-07
9.89101e-07 6.88421e-07
-7.15057e-07 2.3339e-07
3.39578e-07 -6.77822e-07
5.87148e-07 2.05968e-07
-7.17058e-07 -5.15598e-07
1.32781e-06 3.28416e-07
-2.23057e-07 6.67014e-07
-6.79031e-07 5.33182e-07
-8.00922e-07 4.46841e-07
-9.78575e-07 -6.25022e-07
-3.53592e-07 1.3732e-07
4.65962e-07 6.80997e-07
-1.36291e-07 4.43814e-07
-1.00286e-06 -3.5131e-07
1.3296e-06 5.03748e-07
-9.31366e-08 4.01399e-07
4.85416e-07 5.99618e-07
-2.26623e-07 4.66908e-07
1.44946e-06 -6.36531e-07
-3.14236e-07 3.5846e-07
7.37905e-07 7.01335e-08
1.34384e-06 4.81151e-07
-1.35419e-07 3.17043e-07
-3.89099e-07 3.65543e-08
-2.79773e-07 -4.52892e-07
-2.72379e-07 8.80871e-08
-3.31132e-07 -6.61954e-07
-7.90201e-07 -4.02135e-07
-2.31137e-08 -5.73931e-07
-5.47735e-07 6.23622e-07
-1.22536e-06 -5.62492e-07
-9.62282e-07 -6.77048e-07
8.27252e-07 -1.89597e-07
-8.43664e-07 3.14475e-07
3.94027e-07 2.01933e-08
1.38142e-06 2.69691e-07
1.00917e-06 -5.21242e-08
-1.33675e-06 -3.21293e-07
-1.1941e-06 -3.58857e-07
-1.38569e-06 -3.61867e-07
-1.39968e-06 2.06052e-07
1.21403e-07 -1.48971e-07
1.80259e-07 -5.3154e-07
8.18394e-07 -5.21054e-07
-3.62962e-07 2.42721e-07
-6.13099e-07 5.90845e-07
2.09191e-07 -6.94483e-07
-5.54749e-07 4.69943e-07
5.52091e-07 5.97539e-07
-1.12381e-06 -3.38144e-07
-7.75305e-07 -1.65591e-07
-1.28048e-07 6.06711e-07
-1.26054e-06 -3.63218e-07
5.08196e-07 2.67219e-07
1.06813e-06 -5.5395e-08
1.26136e-06 4.68394e-07
9.64309e-08 6.22555e-07
4.68752e-07 -1.57023e-08
1.01556e-06 2.87336e-07
-1.55234e-07 -2.08654e-07
2.83921e-07 3.9352e-07
-3.43417e-07 2.73592e-07
-5.63925e-08 -6.3494e-07
5.91503e-07 5.9414e-08
6.03222e-07 1.93825e-08
1.56284e-07 -3.31859e-08
1.07976e-06 -4.31242e-07
1.29641e-06 4.22848e-07
9.08281e-07 4.54413e-07
1.17163e-06 -1.76428e-07
3.04811e-07 1.09076e-07
3.19372e-07 5.38668e-07
5.37861e-07 -1.6486e-07
1.0014e-06 4.11659e-07
-1.12902e-06 6.68594e-07
1.20645e-06 -3.25868e-07
-6.81648e-07 4.29201e-07
1.05588e-06 -2.37995e-07
-3.56012e-07 -1.95606e-07
5.67158e-07 -6.91236e-07
6.24557e-07 -6.96295e-07
-7.05646e-07 3.0226e-07
4.57428e-07 -4.72306e-07
4.49107e-07 2.50448e-07
1.28749e-06 -1.56699e-07
1.39844e-06 -6.27133e-07
4.09846e-07 -3.64264e-08
1.22632e-06 -2.88095e-07
1.01136e-07 -2.73718e-07
2.33765e-07 1.59839e-07
-1.27122e-06 1.0869e-07
-8.9774e-07 -5.43429e-07
-8.30342e-07 2.01895e-07
4.71382e-07 4.63015e-07
-3.68986e-08 3.46905e-07
6.07459e-07 5.23252e-07
1.41849e-06 -1.18478e-08
-1.26704e-07 -6.6849e-07
-3.09026e-07 -9.27945e-08
-8.06239e-07 -2.55806e-07
-1.11521e-07 2.54221e-07
-8.41941e-07 2.36315e-07
-1.30763e-06 5.64334e-07
-6.07184e-07 3.30338e-07
-4.07772e-07 6.4962e-07
1.10182e-06 2.88674e-07
1.12012e-06 -1.56324e-07
8.47196e-07 -1.84105e-07
1.31868e-06 -1.12183e-07
1.26067e-06 4.42607e-07
-1.41868e-06 -1.69554e-07
-5.08783e-07 -2.01977e-08
1.08247e-06 4.09176e-07
-1.11835e-06 3.66239e-07
8.39926e-07 -6.28682e-07
-8.74731e-07 -4.03332e-07
8.01384e-07 -3.90423e-07
1.14465e-06 -3.89218e-07
-7.7217e-07 4.95725e-08
1.32383e-06 -5.74617e-07
-9.39343e-07 -1.49734e-07
-2.20308e-07 -3.54231e-07
-5.95252e-09 7.9989e-08
1.42869e-06 -5.15563e-07
1.06599e-06 -3.68355e-07
3.85177e-07 -1.44263e-07
3.30397e-08 -3.64662e-07
8.77814e-07 -3.32489e-07
-1.36006e-06 -6.02402e-07
-1.06465e-06 -6.04787e-07
-2.34781e-07 -2.52678e-07
9.32609e-07 2.85559e-07
3.76871e-07 1.41379e-07
4.26082e-07 1.68531e-07
-8.20405e-07 -3.92511e-07
-1.181e-06 2.7523e-07
1.05786e-06 6.35995e-07
-1.23551e-06 6.82505e-07
-1.12857e-06 3.65084e-07
-1.33234e-06 5.40481e-07
-2.26346e-07 -3.41825e-07
5.65571e-07 -3.1617e-07
7.5121e-07 -2.41766e-07
