8.52127e-07 6.92126e-08
-3.87609e-07 -6.58799e-07
-5.55306e-07 -3.60337e-07
-8.67995e-07 2.19832e-07
3.67722e-07 -6.14175e-08
-5.89291e-07 -2.59868e-07
3.30788e-07 4.15461e-07
-3.43588e-07 -4.60697e-07
-3.81138e-07 4.37287e-07
3.12181e-07 5.70744e-08
1.23883e-06 -6.2064e-07
2.80543e-07 1.11719e-07
1.43347e-06 -7.73049e-08
9.85225e-07 -6.64357e-07
-2.58311e-08 -1.96254e-07
1.01032e-06 -3.08914e-07
-3.72661e-07 2.79194e-07
-1.11823e-06 -4.11501e-07
3.85826e-07 -6.27488e-07
6.64713e-07 -2.12585e-07
8.2719e-07 5.00533e-07
-1.24833e-06 -2.96145e-07
-8.24721e-07 -3.91986e-08
4.5651e-07 -6.72208e-07
9.35096e-07 -5.88804e-07
-5.05525e-07 -6.87772e-07
-5.83816e-07 1.74092e-07
-1.39784e-06 -9.89655e-08
-1.36936e-07 6.76377e-07
7.20238e-07 4.38668e-07
7.22318e-07 1.25496e-07
-8.2174e-07 4.43458e-07
1.40681e-06 7.90664e-08
2.04144e-07 -1.04484e-07
8.60965e-07 6.29333e-07
1.36012e-06 3.49058e-07
-6.04497e-07 3.87477e-07
-8.14096e-07 2.59041e-07
6.83094e-07 3.24486e-07
-4.05994e-07 3.20144e-07
1.92672e-07 6.47962e-07
2.85829e-07 -6.16089e-08
-8.72181e-07 1.19907e-07
8.58423e-07 -6.57841e-07
-9.74709e-07 1.6244e-07
-1.08973e-06 -4.93456e-07
3.56392e-07 6.42596e-07
-6.36959e-07 4.5809e-07
3.49443e-07 6.912e-07
-1.27119e-06 -4.43726e-07
1.05336e-06 -9.35944e-08
4.84083e-07 6.06846e-07
6.50742e-08 -1.76542e-07
-8.31369e-07 -3.10776e-07
6.74602e-07 4.08905e-07
7.0556e-07 -1.91179e-07
-7.74033e-07 -4.56532e-07
-8.96817e-07 1.82312e-07
1.35448e-06 -5.55707e-07
1.42285e-07 2.19559e-07
1.26806e-06 2.2561e-07
1.32104e-06 -4.17867e-08
-1.07984e-06 6.34583e-07
1.03225e-06 -4.51013e-07
-5.08671e-07 7.2519e-08
4.21563e-08 -8.23959e-08
6.44273e-07 -5.86443e-07
9.89783e-08 -2.38868e-07
-3.51085e-07 2.18883e-07
7.07791e-07 -3.07127e-07
9.97946e-07 -5.39826e-08
1.27185e-06 -5.23168e-07
1.41747e-06 -6.80172e-07
-6.17309e-07 6.511e-07
-1.11042e-06 6.78591e-07
9.2303e-07 -2.13749e-07
1.17324e-06 1.38067e-07
2.17747e-07 6.09889e-08
-8.15045e-07 4.13539e-07
1.29013e-06 -7.94557e-08
1.07867e-06 5.59912e-07
-1.43433e-06 5.45711e-07
-5.23231e-07 3.67383e-07
-1.17388e-06 -2.13814e-07
7.22728e-07 -6.56238e-07
5.12586e-07 3.43037e-08
-6.93323e-08 1.78245e-07
-1.41867e-06 2.68715e-09
-6.07532e-07 5.97793e-07
6.78701e-07 -3.0157e-08
-7.79914e-07 5.20235e-07
-2.31598e-07 5.37882e-07
-1.31656e-06 2.52996e-07
-7.77713e-07 1.3641e-07
-9.69026e-07 5.82444e-07
-8.16437e-07 -6.188e-07
9.14685e-08 -6.9752e-07
-1.08536e-06 -4.01503e-07
-9.91847e-07 -1.27875e-07
9.78576e-07 1.70226e-07
1.3199e-06 4.36081e-07
7.87334e-07 -2.66898e-07
2.00064e-07 2.95216e-07
3.43386e-07 3.45947e-07
9.26783e-07 5.54864e-07
7.74189e-07 2.10629e-07
5.58509e-07 -6.32785e-07
1.20882e-06 1.21341e-07
-1.19149e-06 -1.58878e-07
4.50042e-07 4.34816e-07
1.41455e-06 3.25035e-07
-1.0812e-06 6.60971e-08
-6.84821e-07 6.25853e-07
-6.0529e-07 -5.45197e-08
1.3601e-06 2.12558e-07
1.24206e-06 -3.70161e-07
-1.05329e-06 2.62204e-07
2.78806e-07 -6.84892e-07
-1.59625e-07 2.36037e-07
3.20635e-07 -3.16889e-07
-9.33554e-07 3.63784e-07
3.10513e-07 3.0837e-07
-1.07084e-06 4.31084e-07
8.3197e-07 -2.5647e-07
8.37061e-07 9.80959e-08
-1.18887e-06 3.50733e-08
-8.11392e-07 -5.16501e-07
-8.32338e-07 -3.56681e-07
5.34456e-09 -6.5823e-09
-7.53556e-07 5.24247e-07
1.40226e-07 -1.84949e-07
2.10699e-07 1.30785e-07
5.93893e-07 -2.63107e-07
-1.32003e-06 -1.28024e-07
5.85622e-07 -4.8973e-07
1.27277e-06 1.20486e-07
9.25587e-07 4.53159e-07
1.21317e-06 -2.16212e-08
-5.78636e-07 6.4635e-07
9.99546e-07 2.08757e-07
-1.15729e-06 4.74007e-07
9.77898e-07 -2.9147e-07
-1.10349e-06 1.63648e-07
2.27784e-07 -6.92675e-07
-6.37772e-07 4.73475e-07
-1.39038e-07 1.12878e-07
-1.36441e-06 -4.21085e-08
5.66999e-07 -2.90238e-07
1.00746e-06 -8.39533e-09
-6.33031e-07 5.1604e-07
-4.83919e-07 1.34934e-07
-1.07999e-06 -2.06138e-07
5.0011e-07 -5.07942e-09
9.45058e-07 -2.83395e-07
-8.8504e-07 -2.05552e-07
2.42852e-07 -5.0769e-07
-4.95695e-07 3.38816e-07
-2.64802e-07 -2.90512e-07
1.09217e-06 2.65454e-07
2.68861e-07 -6.78712e-07
2.61995e-07 6.38683e-07
6.01281e-07 4.64564e-07
-6.08486e-07 -2.39193e-07
-8.345e-07 4.99106e-07
4.59591e-07 1.42634e-07
5.92463e-07 -1.75514e-07
-1.70972e-07 4.64318e-07
-1.14536e-06 1.57268e-07
5.94224e-07 -2.27742e-08
1.31901e-06 -4.00148e-07
-4.80498e-07 3.33436e-07
1.0935e-06 4.77144e-07
-1.77118e-07 -1.01605e-07
-6.20522e-07 -3.25509e-07
-4.69654e-07 -5.60517e-08
4.59006e-07 1.16378e-08
-3.30723e-07 4.04761e-07
-2.04459e-08 1.33731e-07
-1.75272e-07 5.97946e-07
-9.29273e-07 4.00891e-08
-8.08895e-07 -6.54477e-07
-5.59541e-08 2.11651e-07
-5.76423e-07 1.0903e-07
2.58855e-07 -5.14463e-07
-6.91256e-07 -4.22774e-07
9.44239e-07 -1.89055e-07
5.51297e-07 -3.48254e-07
-1.50939e-07 -1.83142e-07
2.03378e-07 3.51795e-08
-7.30354e-07 -6.56169e-07
-8.6706e-08 -3.86398e-07
9.3075e-07 1.86962e-07
-8.00622e-07 -1.88496e-07
-2.88566e-07 2.61994e-07
1.2208e-07 -4.15235e-07
4.96165e-07 3.86357e-07
-8.67154e-07 3.39875e-07
-5.51588e-07 -5.19047e-07
9.43527e-07 -6.97037e-07
-5.20172e-07 2.13157e-07
7.43603e-07 3.62276e-07
-7.25874e-07 4.26886e-07
-5.8953e-07 -2.63605e-07
1.06671e-06 1.49389e-07
5.4706e-07 -2.2648e-07
-1.04825e-06 -5.96435e-07
3.81987e-07 3.92709e-07
5.83917e-07 6.5113e-07
-9.04188e-07 4.92136e-07
9.5771e-07 -7.48739e-08
1.08596e-06 -3.80976e-07
-5.81902e-07 1.28546e-07
-1.26379e-07 4.92821e-07
-7.02311e-07 4.1712e-07
2.09228e-07 -6.23298e-07
1.33667e-06 3.92501e-07
1.03542e-06 5.2924e-07
-8.17248e-07 3.6698e-07
-7.03749e-07 4.99668e-08
1.09966e-07 6.3286e-08
-2.82396e-07 6.42396e-07
-7.85546e-07 -2.98462e-07
6.35219e-08 -4.83577e-07
-8.48892e-07 -2.33746e-07
-1.00067e-06 -2.30029e-07
-1.39048e-06 3.12935e-08
-1.06806e-06 4.73457e-07
9.03074e-07 5.16712e-07
-8.27272e-07 5.52859e-07
-1.44904e-06 2.09671e-07
-8.45626e-07 5.5801e-07
-9.02646e-07 2.4707e-07
-8.28921e-07 4.59322e-07
8.56374e-07 5.14257e-07
7.27507e-07 2.16448e-07
-3.38236e-07 1.93438e-07
-9.51237e-07 -3.72015e-07
-1.25943e-07 -3.29321e-07
-5.65697e-07 -1.00913e-07
1.05146e-06 3.5773e-08
1.14476e-06 5.00633e-07
-1.33214e-06 -6.70625e-07
-2.7274e-07 3.58036e-07
-4.17027e-07 -1.25269e-07
5.84982e-07 -8.63053e-08
1.43732e-06 3.18172e-07
1.16671e-06 1.82074e-07
-1.04798e-06 6.74252e-07
2.33797e-07 2.84777e-08
1.05644e-07 1.82048e-07
-2.75434e-07 -6.52446e-07
-5.60496e-07 -5.14568e-07
-6.39434e-07 2.60231e-07
1.00129e-06 -1.31514e-07
3.82322e-07 7.66846e-08
-1.15853e-06 6.23021e-07
-9.82219e-07 -6.1403e-07
-4.31504e-07 -6.54886e-07
-1.36179e-06 3.5107e-07
6.35879e-08 -2.38964e-07
1.3628e-06 1.77957e-07
7.30289e-07 1.92257e-07
-4.37842e-07 4.60797e-07
-4.79203e-08 -4.44132e-08
-1.04684e-06 5.35676e-07
-1.02741e-06 -3.97425e-07
-5.3954e-07 -5.70897e-07
3.80562e-07 -1.32909e-07
-6.20794e-07 8.70961e-08
1.30568e-06 -1.35508e-07
5.26183e-07 -6.65902e-07
7.45806e-09 3.14182e-07
3.25202e-07 -4.10608e-07
1.25447e-06 -5.26778e-07
4.56849e-07 -2.63939e-07
-1.37133e-06 -3.3871e-07
-5.8089e-07 -6.62128e-07
-1.44891e-06 -6.35826e-07
1.07742e-06 -2.15052e-07
6.71429e-08 -3.42329e-07
-8.29416e-07 -1.61718e-07
8.76563e-07 5.5299e-07
1.97067e-07 -6.75524e-07
8.93487e-07 2.11016e-07
-7.38725e-07 -2.80133e-08
-2.0102e-07 3.88248e-07
7.48367e-07 -4.03189e-07
-3.61646e-07 5.3626e-07
2.62956e-07 8.77336e-08
9.91452e-07 -4.07896e-07
-6.48647e-07 -3.52379e-07
-1.07959e-06 -2.14236e-07
7.45916e-07 -4.75991e-07
-3.50617e-07 -4.68496e-07
-1.34774e-06 -2.0482e-07
-5.03966e-07 -5.25109e-07
-1.16526e-06 -4.45175e-07
-9.64751e-07 -4.5758e-07
2.65572e-07 4.02242e-07
8.69224e-07 -4.04747e-07
8.40493e-07 -2.91279e-07
-1.24787e-06 2.35457e-08
-6.23387e-08 3.99325e-07
-6.66999e-07 -1.47575e-07
-1.10257e-07 -3.08672e-07
1.11736e-06 -6.978e-07
7.0937e-07 6.85477e-07
-5.12695e-07 -2.28346e-07
-1.37715e-07 5.60647e-07
1.63513e-07 1.54453e-07
6.88154e-07 5.8803e-07
1.23057e-08 -2.49799e-07
1.53894e-07 -5.00192e-07
-5.5961e-07 8.21409e-08
-1.04525e-06 3.73689e-07
1.40238e-06 -3.73019e-07
2.93766e-07 6.83113e-07
9.86911e-07 1.26633e-07
9.78046e-07 6.11199e-07
-3.11936e-08 4.05634e-07
-1.19352e-06 3.98049e-07
-3.36276e-07 -1.26805e-07
-1.43803e-06 -6.01364e-07
-5.57255e-07 3.95228e-08
-2.47451e-07 3.02021e-07
-2.5805e-07 -6.0728e-07
1.30017e-08 -1.07198e-07
1.317e-06 5.68764e-07
1.42365e-06 -1.44201e-07
-7.84328e-07 -6.29229e-07
-9.63778e-07 6.73333e-07
-6.02041e-07 5.96887e-07
6.29813e-08 -6.98595e-07
-1.17501e-06 -5.29248e-07
9.00737e-08 6.52041e-07
-6.3567e-07 5.08595e-07
3.41914e-07 1.55886e-07
-6.5594e-07 3.67226e-07
1.46197e-08 5.11934e-07
9.07915e-07 1.52109e-07
5.4144e-07 -4.92147e-08
-8.39276e-07 3.31915e-07
1.30858e-06 6.75528e-07
6.51977e-07 -6.68338e-07
1.17736e-07 1.30321e-07
1.25915e-06 2.05069e-07
-7.60189e-07 -3.48807e-07
-6.69661e-07 4.47382e-07
2.65842e-07 6.83431e-07
8.14797e-07 2.07071e-07
1.44954e-06 -6.51902e-07
-8.2284e-07 2.96504e-07
1.23552e-06 -3.45054e-07
-7.52407e-08 -6.62702e-07
-1.25026e-06 -2.23913e-07
2.95016e-07 6.52438e-07
-1.07879e-06 -4.80178e-07
5.7513e-07 3.51481e-08
7.65113e-07 3.23286e-07
7.50741e-07 -4.42397e-07
-3.39105e-07 -4.68804e-07
-6.46243e-07 1.245e-07
6.07289e-07 -1.31036e-07
-1.44165e-06 1.23775e-07
7.88183e-07 3.83823e-07
-1.27522e-06 6.92685e-07
-8.79177e-07 -6.13691e-07
-1.02544e-06 2.84878e-07
1.03743e-06 2.5414e-08
1.4073e-07 -5.34113e-07
4.80975e-07 2.09062e-07
7.62612e-07 3.91865e-07
8.42932e-07 6.16578e-07
-6.14499e-07 -5.73101e-07
-9.11143e-07 2.77542e-07
-1.19935e-06 -1.04275e-07
-9.60398e-08 3.39364e-07
1.04181e-06 2.14794e-08
-1.02837e-06 -6.57437e-07
1.35079e-06 5.17201e-07
1.32193e-07 -6.49891e-07
2.07935e-08 2.96826e-07
8.25853e-08 -3.62586e-07
1.38887e-06 -3.5522e-07
-5.98563e-07 6.46576e-07
-1.90246e-07 -5.97189e-08
6.32197e-07 -2.06169e-07
-1.23171e-07 5.37402e-07
8.13859e-07 -4.778e-07
1.24921e-07 1.99814e-08
-1.12955e-06 -4.83803e-07
9.85297e-07 1.91627e-07
-1.75867e-07 -6.37018e-07
6.47718e-07 -3.2002e-07
1.02342e-06 -2.71081e-07
9.23397e-07 -6.96092e-07
1.06002e-06 3.19961e-07
-1.79289e-07 4.51676e-07
-6.53059e-07 -2.77892e-08
-6.97419e-07 1.00157e-07
-8.8458e-07 -6.61927e-07
-9.41434e-07 -2.28426e-07
-1.40646e-06 2.04875e-07
-9.38039e-08 -5.05003e-07
-1.0274e-06 5.99079e-07
-1.03241e-06 3.24297e-07
4.6941e-07 5.1309e-07
1.18601e-07 -1.83599e-07
1.18754e-06 5.8464e-07
-1.1818e-07 -6.5795e-07
-6.55103e-07 -3.69699e-07
8.68531e-09 -5.50102e-07
1.07345e-07 5.71405e-07
-2.43634e-07 -3.74978e-07
1.66865e-07 -6.72958e-07
-8.53289e-07 -5.57001e-07
9.02167e-08 -3.03891e-07
-2.76188e-07 6.83459e-07
1.31556e-06 -6.29001e-07
-9.28061e-08 -5.29971e-07
-1.64834e-07 4.72589e-07
-2.59656e-07 -2.20565e-07
6.85591e-07 2.60923e-07
-1.05078e-06 -6.65747e-07
-3.71015e-07 3.25572e-07
-5.5297e-07 -3.80598e-07
5.18458e-07 -3.76771e-07
1.40911e-06 4.84071e-07
-1.41661e-06 -5.31293e-07
2.40378e-07 -4.9248e-07
4.79335e-07 -3.29117e-07
-1.43109e-06 1.83466e-07
-1.38433e-06 -1.70199e-08
-1.19382e-06 -3.82793e-07
-5.00514e-07 6.73884e-07
-4.78982e-07 -2.87315e-07
1.0752e-07 3.32724e-07
1.50715e-07 2.37968e-07
1.22149e-06 3.63927e-07
-4.63124e-07 -3.09725e-07
2.84293e-07 4.17803e-07
-1.01242e-06 -1.04136e-07
-9.68032e-09 -5.01008e-07
-9.51085e-07 -4.88324e-08
-1.20357e-06 -4.61604e-08
-1.06286e-06 -1.0885e-08
-1.36526e-06 -3.22001e-08
6.85683e-07 2.50167e-07
1.40096e-06 -6.84377e-07
-7.12101e-07 -6.32684e-07
6.32705e-07 -9.22013e-08
1.59078e-07 2.03198e-07
-1.2054e-06 1.40521e-07
8.92399e-07 6.56434e-07
5.1331e-07 -6.3363e-07
-4.84283e-07 6.47699e-07
4.46304e-07 2.11371e-07
-1.203e-06 2.19354e-07
8.59082e-07 3.14229e-07
-1.56749e-07 -6.44765e-08
-1.36093e-06 3.94035e-07
-1.10749e-06 -2.43712e-07
3.38108e-07 3.26379e-07
6.73943e-07 6.00251e-07
-6.32513e-07 -5.51725e-07
-1.18332e-06 4.50993e-08
-1.63364e-07 -3.05979e-07
-8.68148e-07 -6.0466e-07
-2.33003e-07 8.41357e-08
9.8147e-07 3.31358e-08
5.85685e-07 1.86013e-07
4.15183e-07 -1.76625e-07
1.07667e-06 1.93424e-07
-3.66859e-07 6.17878e-07
-1.33136e-06 1.18805e-07
-1.37181e-06 2.60261e-07
9.05171e-07 -6.02813e-07
4.68042e-07 -5.70093e-07
1.12864e-06 2.74954e-07
-3.28702e-07 -1.24439e-07
2.34578e-07 6.65141e-07
-6.61277e-07 -6.56475e-07
2.56512e-07 -1.54105e-07
-8.26742e-07 1.79771e-07
-4.06703e-07 6.00134e-07
1.26564e-06 1.87761e-07
-6.92379e-07 5.53825e-07
5.69189e-07 -5.91303e-07
-9.59114e-07 4.75789e-07
-8.27238e-07 2.29171e-07
-1.0322e-06 3.65941e-07
4.40018e-07 -6.54453e-07
-4.26356e-07 -3.46462e-07
7.23912e-08 4.30482e-07
4.09443e-07 -6.45923e-07
6.28851e-07 -1.26799e-07
-7.75304e-07 -4.01729e-07
-6.96903e-07 2.44102e-07
-1.34144e-06 -4.51923e-07
3.28245e-07 6.26858e-08
1.31829e-06 -3.90557e-08
-5.27622e-07 -6.88304e-07
1.1618e-06 4.21097e-07
-6.21648e-07 4.09318e-07
-1.90225e-07 5.79312e-07
-6.44338e-07 3.84064e-07
1.3214e-06 -5.22237e-07
-2.54513e-07 -3.04702e-07
1.19302e-06 3.41592e-07
-6.71614e-07 5.6755e-07
9.79925e-07 -3.79132e-07
-5.42466e-07 6.33142e-07
1.39248e-06 -4.44771e-07
1.18129e-06 -5.60326e-07
-1.17727e-06 -3.33203e-07
5.76159e-07 -5.29413e-07
9.86444e-07 -3.86428e-08
-9.65218e-07 -4.2254e-07
4.24804e-08 4.54578e-07
8.09254e-07 -5.39613e-07
2.94344e-07 6.06604e-07
5.78704e-07 2.44748e-07
4.86397e-07 6.33344e-07
-1.00203e-06 6.84405e-07
5.01509e-07 -5.04157e-11
-2.49519e-07 9.42675e-08
1.07603e-06 -4.03906e-07
3.20376e-07 -2.20293e-07
-9.35918e-07 -2.30907e-07
6.23993e-07 4.06897e-08
-8.4849e-08 1.76579e-07
-7.03209e-07 7.82689e-08
-6.50799e-07 -5.1331e-07
-1.388e-06 5.84227e-07
1.29397e-06 2.5026e-07
-9.97203e-07 -1.0531e-07
2.8566e-08 -1.91082e-07
1.2024e-06 -3.95018e-07
8.92091e-07 4.7622e-07
5.08436e-07 2.65791e-07
-9.78658e-07 6.96613e-07
7.89801e-08 5.94392e-08
-5.93921e-08 -2.38871e-07
-4.61519e-07 -6.39032e-07
-1.15798e-06 -3.24233e-07
-9.79125e-07 5.63955e-07
-1.34301e-06 5.37692e-07
-2.52037e-07 -4.25105e-07
1.71721e-07 -6.25139e-07
5.82879e-07 -3.48116e-08
2.54898e-08 -6.21877e-08
6.52748e-07 1.49591e-07
3.10751e-09 -5.03997e-07
5.7812e-07 -5.43566e-07
-1.13269e-06 -2.31944e-07
1.23587e-06 5.14479e-07
-5.06951e-07 4.63631e-07
6.41646e-07 4.95712e-07
4.70697e-07 -6.25532e-07
-1.08937e-06 9.78203e-08
3.00998e-07 -5.60142e-07
7.94023e-07 7.48903e-08
6.29779e-07 1.97544e-07
3.82743e-07 6.01413e-08
2.11672e-07 3.77254e-07
7.12088e-07 1.11646e-07
-1.00645e-06 -2.99339e-07
-2.8288e-07 1.19091e-07
2.73727e-07 -6.50874e-07
-6.63273e-07 4.5032e-07
2.19594e-07 -6.27464e-07
-1.16645e-06 -3.74467e-07
-2.11256e-07 -4.19185e-07
1.11173e-06 -4.23318e-07
1.016e-06 -6.11958e-07
-6.64556e-07 1.66516e-07
-1.08636e-06 -4.36349e-07
4.9315e-08 6.94701e-07
-1.33414e-06 3.26779e-07
1.04088e-06 2.76486e-07
1.269e-06 -2.61883e-07
-1.21003e-06 1.18869e-07
-2.609e-07 -6.36749e-07
-1.99299e-07 -6.43102e-07
8.52794e-07 -4.18251e-07
-1.81216e-07 1.18966e-07
-2.40066e-07 -4.71582e-07
-5.21634e-07 -5.63979e-07
1.43374e-06 -5.42061e-07
-4.82663e-07 -1.44012e-07
1.36991e-06 -4.48797e-07
1.29511e-07 -4.99524e-07
2.73505e-07 -4.18233e-07
3.84572e-07 -1.53186e-07
1.26964e-06 -1.89833e-07
1.93057e-07 1.65651e-07
7.91166e-07 -8.48614e-08
-1.22122e-06 6.17101e-07
-3.54282e-09 -2.8046e-07
-1.38263e-06 -5.1649e-07
1.42454e-07 -3.1182e-08
-4.99103e-07 -5.94783e-07
-1.13058e-06 -4.4359e-07
-1.26406e-06 -5.16493e-07
1.22091e-06 -5.70662e-07
1.15585e-07 -4.82471e-07
1.31238e-06 4.80435e-07
7.07487e-07 -2.03044e-07
-1.00322e-06 -2.81116e-07
1.04126e-06 5.85976e-08
1.42883e-06 4.61424e-07
5.93717e-07 -1.12931e-09
-1.02211e-06 -1.69191e-08
2.37376e-07 4.15832e-07
-1.04334e-06 1.06523e-07
-3.12987e-07 1.6772e-07
-4.09544e-07 5.82989e-07
3.1394e-07 -9.22472e-08
1.0206e-06 -6.54303e-07
-8.79264e-07 -7.68424e-08
-1.39604e-06 2.40424e-07
-1.38793e-06 2.18128e-09
5.54702e-07 5.69335e-07
7.86729e-07 -6.52974e-08
1.39977e-06 -3.01478e-07
6.26302e-07 -5.84082e-07
6.11e-07 -9.83279e-08
1.0228e-06 -6.63049e-07
-7.46293e-07 1.49396e-07
-9.24241e-08 3.36581e-07
-1.14702e-06 3.6403e-07
1.25424e-07 3.77513e-07
-7.69886e-07 5.87618e-07
6.40098e-07 6.26736e-07
6.68901e-07 -8.78838e-08
-1.35651e-06 -5.30253e-07
1.08691e-06 1.72508e-07
4.97642e-07 -4.57167e-07
1.21882e-06 1.32696e-07
-4.41774e-07 3.98879e-07
3.3052e-07 -6.55239e-07
-5.77207e-08 4.0136e-07
1.43657e-06 -4.3563e-08
-1.11392e-06 -2.85659e-07
-8.99061e-07 -6.27082e-07
-1.33502e-07 6.83536e-07
4.3192e-07 3.7044e-07
-4.989e-07 -4.62816e-08
2.2897e-07 -5.4123e-07
-7.05305e-07 5.68174e-07
-4.55401e-07 5.67319e-07
-1.23701e-06 6.67263e-07
-1.30825e-06 6.37049e-07
-7.43191e-08 -5.82557e-07
2.1786e-07 -1.46964e-07
8.9569e-07 5.85065e-07
1.35502e-06 -4.10385e-07
-4.71301e-07 -4.71666e-07
-1.0431e-06 -2.36251e-07
-7.24648e-07 5.17208e-07
1.13641e-06 2.28192e-08
-4.15746e-07 1.61094e-07
-1.73393e-07 -4.5153e-07
7.23006e-07 -1.73462e-07
-2.90439e-07 4.62317e-07
1.43476e-06 -3.84894e-07
-1.44498e-06 -6.60827e-07
5.21209e-07 -5.54995e-07
1.07544e-06 -9.50551e-08
-1.22923e-06 4.44625e-07
1.2059e-06 -4.09573e-07
1.08065e-06 -7.69092e-08
1.04737e-06 4.20728e-07
6.00388e-07 3.03496e-08
-9.83144e-07 -6.55118e-07
-9.42583e-07 2.63887e-07
1.19363e-06 2.23935e-08
-1.08686e-06 -4.53399e-07
-8.27362e-07 1.24255e-07
-7.58703e-07 1.84466e-07
-3.37828e-07 -6.85161e-07
6.56055e-08 -4.24508e-07
1.32228e-06 -5.20545e-07
-1.02433e-06 9.01522e-08
1.07816e-06 -5.06647e-07
-1.35598e-06 6.60368e-07
-1.33859e-06 6.38632e-07
-1.27741e-06 4.90914e-07
-1.43918e-06 -2.08602e-08
9.78791e-07 4.85911e-08
-6.00008e-07 4.03812e-07
4.48134e-08 3.82721e-07
1.35869e-06 6.35711e-07
8.41863e-07 -5.32421e-07
1.24794e-06 7.85016e-08
5.80933e-07 4.28238e-07
-1.29072e-06 6.24721e-07
-4.32029e-08 4.98141e-07
9.71404e-07 -6.94639e-07
-1.27386e-06 1.62744e-08
-1.57716e-07 3.72498e-07
-3.05099e-07 3.57077e-07
-1.12632e-06 -2.51523e-07
1.12651e-06 -3.43539e-07
-1.10684e-06 2.23366e-07
8.6031e-07 -3.90474e-07
-1.35768e-06 -6.85583e-07
-1.18676e-06 -1.22552e-08
5.74233e-07 7.99879e-08
1.91699e-07 -5.54591e-07
-1.4683e-07 -5.66289e-07
-7.91943e-07 -4.16402e-07
9.71757e-08 3.89469e-07
5.66473e-07 6.94999e-07
-1.18617e-06 5.87316e-07
5.56346e-07 2.76988e-07
-6.48842e-07 -4.6328e-07
8.7928e-07 1.88524e-07
-2.00749e-07 -2.05262e-08
-6.6284e-07 -6.10811e-07
3.02076e-07 1.86823e-07
-6.35312e-07 4.81566e-07
5.99079e-07 1.28248e-07
-9.29261e-07 3.75423e-07
1.19102e-07 -6.80913e-07
-9.2739e-07 2.93342e-07
7.63501e-07 4.09211e-08
-1.23687e-06 5.87864e-07
-1.1639e-06 2.36132e-07
1.44459e-06 -1.69639e-07
-4.23416e-07 -1.58681e-07
1.21664e-06 6.4664e-07
6.85665e-07 -5.68638e-07
-2.13741e-07 -1.91171e-07
5.05441e-07 -6.7075e-07
2.7637e-07 -4.89214e-07
1.23029e-06 -5.22826e-07
9.86332e-07 -1.56505e-07
9.55209e-07 5.71221e-07
2.61775e-07 3.65687e-07
-6.52343e-07 -2.11192e-07
5.51925e-07 4.57556e-07
-1.32264e-06 3.50967e-07
1.17923e-06 6.09967e-08
1.21308e-06 -8.39663e-09
-1.38309e-06 5.66839e-07
1.79859e-07 -3.16348e-07
-1.29329e-06 5.97412e-07
-8.97463e-07 4.46248e-08
2.20717e-07 6.1504e-07
-1.97616e-08 -6.82304e-07
1.05273e-07 4.28038e-07
-6.01347e-07 4.2739e-07
-8.46854e-07 -1.44262e-07
1.05813e-06 6.38778e-08
1.43135e-06 6.50968e-07
7.0992e-08 -2.83552e-08
1.44845e-06 5.50836e-07
-8.95845e-07 -2.6368e-07
3.22276e-07 -1.28992e-08
-1.87921e-07 -5.95356e-07
5.74573e-07 3.5081e-07
-2.8181e-07 4.91801e-07
2.6038e-07 4.29815e-07
-1.25522e-06 -5.07153e-07
-1.38679e-06 -5.64011e-07
3.78922e-07 1.83701e-07
-2.35166e-07 -3.15619e-07
3.12326e-07 3.02259e-07
-1.16869e-06 -2.53604e-07
-1.21457e-06 2.92187e-07
3.30503e-08 1.39633e-07
-6.54671e-07 -1.6973e-07
8.32154e-07 5.8512e-07
9.9356e-07 6.53064e-07
1.19927e-08 6.19008e-07
-4.02123e-07 4.14845e-07
-2.22504e-07 6.68241e-08
-2.23548e-07 -3.15258e-07
-5.86455e-07 -8.73994e-08
6.21691e-07 4.15884e-07
-1.36527e-06 -1.54553e-07
-1.38687e-06 3.26602e-08
8.9586e-07 -2.29171e-07
-1.11069e-06 -5.02792e-07
8.91129e-07 -6.54349e-07
1.05589e-06 -4.02506e-07
-4.16908e-07 5.95105e-07
-1.24402e-06 -5.32264e-07
-5.03072e-07 -2.20055e-07
-1.06719e-06 -3.16105e-07
9.18213e-07 -4.99101e-08
1.31332e-06 -6.80193e-07
-1.21452e-06 2.04076e-07
-1.14541e-06 2.33419e-07
-1.38826e-06 1.28654e-07
8.22977e-07 -4.42692e-07
-2.16628e-07 -6.33354e-07
1.15625e-06 -6.71486e-07
-2.17424e-07 -3.01234e-07
-1.06599e-06 2.43283e-07
9.3227e-07 -5.20645e-07
4.70546e-07 3.80714e-07
-1.26602e-07 6.36266e-07
-7.828e-07 -6.00333e-07
-1.13731e-06 6.08359e-07
-5.98752e-07 6.23295e-07
-3.47419e-07 -3.55441e-07
8.55793e-07 3.91415e-07
-1.04541e-06 1.71554e-07
-9.15513e-07 -5.89088e-07
1.37847e-06 3.92607e-07
-6.79434e-07 6.02841e-07
1.41251e-06 3.16687e-07
-4.82313e-07 4.06645e-07
3.23718e-07 5.90766e-07
-8.142e-07 -2.10731e-07
8.52143e-08 -1.02443e-08
-9.04212e-07 -5.18118e-08
-5.55914e-07 -2.1452e-07
8.03358e-08 3.67241e-07
-6.33686e-07 -6.91965e-07
-7.75615e-07 9.89398e-08
-3.62647e-07 3.37458e-07
6.0452e-07 1.19503e-07
-6.52042e-07 -3.1589e-07
-1.11946e-06 -1.058e-07
1.15973e-06 5.83143e-07
-4.43912e-07 3.46082e-07
-5.10758e-07 2.40198e-07
5.06807e-07 4.25589e-07
3.05602e-07 -1.08874e-08
1.19711e-06 2.35755e-07
-7.8462e-07 -1.04743e-07
1.44415e-06 8.73976e-08
-7.43087e-07 -3.11562e-07
8.97849e-07 6.81928e-07
1.19935e-06 -2.92712e-07
3.62682e-07 5.78731e-07
1.2662e-06 4.96687e-07
-4.13075e-07 -4.84006e-07
1.03127e-06 1.33926e-07
6.24968e-07 4.01999e-07
1.03145e-06 2.00465e-07
1.07456e-06 4.64488e-08
-1.54786e-07 -6.26503e-07
-5.58482e-07 4.28174e-07
6.24462e-07 -6.71826e-07
4.74976e-07 -5.56455e-07
1.06712e-06 -6.45784e-07
2.20033e-07 -2.43208e-07
-8.13174e-07 -2.64818e-07
-1.4482e-06 3.03447e-08
-1.28954e-06 -6.25278e-07
-9.38992e-07 5.37106e-07
-8.57806e-07 9.07015e-08
-1.88027e-07 5.92787e-07
-8.83729e-07 -6.5427e-08
-1.05431e-06 5.36957e-07
-3.23039e-07 -4.09947e-07
-1.39398e-06 4.72309e-07
-4.7926e-07 4.30096e-07
9.94836e-07 -3.6586e-07
1.11922e-06 -5.79911e-07
2.01844e-07 5.23945e-08
2.4942e-07 3.26224e-07
6.11264e-07 -1.13738e-07
8.03602e-08 2.99517e-07
1.0092e-06 6.76252e-07
-3.29917e-07 6.25516e-07
-3.40705e-07 -1.65285e-07
-1.02621e-07 8.74264e-08
-5.55108e-07 -6.39201e-07
1.8513e-07 6.93698e-07
-2.99743e-07 -3.13945e-07
1.10643e-06 -5.3329e-07
-1.06683e-06 4.51723e-07
1.38658e-06 -2.4504e-08
-6.83032e-07 -5.04794e-08
-1.18543e-06 6.64297e-07
-1.01627e-06 3.89512e-07
-7.3678e-07 -1.20613e-07
1.40013e-06 -6.94897e-07
4.15993e-07 5.97579e-07
9.1448e-07 1.91125e-07
2.90848e-08 -1.95853e-07
-2.02987e-07 2.06717e-07
-5.35495e-07 -6.50783e-07
-1.15901e-06 4.06992e-07
9.12685e-07 -5.88337e-07
-1.30197e-06 -1.64856e-07
-8.6907e-07 -8.80446e-08
1.25353e-06 1.85857e-07
6.83947e-07 -4.6757e-08
-6.86091e-07 2.89476e-07
-1.2987e-06 -5.17483e-07
9.29749e-08 -4.72812e-08
-5.4603e-07 3.7801e-07
1.20544e-06 -2.62077e-07
-2.05505e-07 9.42152e-08
7.54341e-07 -3.10096e-07
-2.13235e-08 8.85341e-08
-1.11909e-06 -3.03627e-07
5.50258e-07 6.40522e-07
4.06299e-07 6.40435e-07
-4.15677e-08 2.42325e-07
-8.43829e-07 3.76213e-07
2.28087e-07 4.85086e-08
5.69021e-07 -1.48012e-08
8.5508e-07 -3.57205e-07
-8.45378e-07 -6.94617e-07
1.17178e-06 -1.31789e-08
6.51709e-07 -3.33573e-07
-4.51074e-07 -6.42805e-07
5.65308e-07 6.96428e-07
-5.95035e-07 -3.89083e-08
-6.85312e-07 -7.93937e-08
2.70193e-07 3.81622e-07
5.13642e-07 4.08686e-07
8.15336e-07 4.22416e-07
-1.62719e-07 3.0784e-07
2.36919e-07 5.00709e-07
1.01965e-06 -1.32428e-07
-4.64166e-07 -3.34447e-08
-1.3474e-06 5.64479e-07
-1.44475e-06 3.51009e-07
1.24309e-08 -6.14052e-07
-1.41851e-07 1.78241e-07
1.42899e-06 -5.87039e-08
2.98671e-07 -6.12861e-07
1.10795e-06 2.10014e-07
-8.62521e-07 -3.72591e-07
-2.37589e-07 2.44487e-07
4.49755e-07 4.06535e-07
1.44818e-06 -4.10118e-07
7.04716e-08 4.84381e-07
-4.33918e-07 -2.6223e-07
7.66338e-09 -5.66765e-07
5.11937e-07 -3.29994e-07
1.1044e-06 3.09033e-07
1.38211e-06 1.48247e-07
-1.36526e-06 5.09703e-07
1.00994e-06 7.48674e-09
8.075e-07 6.50857e-07
-1.24773e-06 4.30055e-07
3.19826e-07 5.46332e-07
1.01602e-07 -3.03978e-07
8.43728e-07 -6.91228e-07
-1.31187e-06 6.61524e-07
5.0045e-07 -2.15228e-07
-8.85955e-07 3.16859e-07
2.77321e-07 -1.86835e-08
-8.84766e-07 -2.15837e-07
-4.17023e-07 2.07874e-08
5.156e-07 5.56898e-07
-1.034e-06 4.72805e-07
9.6774e-07 -3.96082e-08
5.48329e-07 7.44328e-08
1.1723e-06 2.78087e-07
-7.07208e-07 5.26492e-07
-3.28201e-07 1.76489e-07
-1.37651e-06 -6.80651e-07
9.88885e-07 3.17994e-07
-1.07612e-06 -6.99193e-07
-1.0808e-06 -2.19165e-09
4.32564e-09 5.52793e-07
2.32085e-07 4.06564e-07
1.40285e-06 1.11066e-07
-1.15736e-06 4.46365e-07
8.98461e-07 1.77956e-07
-2.85479e-07 -4.5283e-07
-1.07125e-06 3.18829e-07
6.12484e-07 -2.78257e-07
4.04663e-07 7.81799e-08
1.3593e-06 1.49692e-07
-5.88235e-07 7.71255e-08
1.10971e-06 1.16375e-07
6.26168e-07 -4.95993e-07
1.41196e-06 -3.60524e-07
9.69185e-07 -3.25891e-07
5.94409e-07 6.90289e-07
-6.8314e-07 -6.93533e-07
-6.4055e-07 -6.55766e-07
-7.84513e-07 -5.55419e-07
-9.40812e-07 3.67477e-07
-1.39871e-06 -5.05545e-07
8.99168e-07 4.61856e-08
1.31615e-06 3.03769e-07
5.01135e-07 7.56203e-08
-1.79739e-07 -5.64883e-07
-1.43862e-06 1.16753e-07
-1.14566e-06 4.44453e-07
-5.4356e-07 3.99775e-07
-1.11172e-06 -2.86971e-07
-7.79778e-09 4.50521e-07
7.80435e-07 -5.34361e-07
-8.75755e-07 9.20069e-08
3.90177e-07 6.4547e-07
-1.33803e-06 -2.81639e-07
7.03992e-07 2.29075e-07
-1.0616e-06 2.7258e-08
-1.14786e-07 -7.08072e-08
1.18447e-07 -3.38855e-07
2.23971e-07 6.10831e-07
1.07245e-06 -5.79057e-07
3.90189e-07 1.47601e-07
3.58394e-07 5.55612e-07
-3.02282e-07 3.77893e-07
6.39761e-07 2.64046e-07
-1.24298e-07 5.49871e-07
-1.26752e-06 5.43291e-07
3.22462e-07 -5.50827e-07
7.10711e-07 5.35989e-07
-1.00254e-07 -4.48896e-07
1.56413e-07 -2.0345e-07
4.52589e-07 -1.34564e-07
1.13998e-06 -5.52538e-07
-5.88211e-09 6.9302e-07
5.88886e-07 -9.05163e-08
-9.88465e-07 6.21306e-07
-6.21342e-08 -1.8265e-07
-1.26822e-06 -1.41447e-07
-6.14494e-07 9.7059e-08
-1.4478e-06 -5.42123e-07
-7.92763e-08 3.21576e-07
4.99982e-08 1.8295e-07
-2.36866e-07 2.44271e-07
1.43839e-06 -6.67195e-07
7.11541e-07 -1.09821e-07
6.95212e-07 -2.13427e-07
2.07011e-07 -4.91224e-07
9.17496e-07 -4.02984e-07
7.74351e-07 5.45887e-07
-8.79296e-09 -5.06883e-09
4.24789e-07 1.31436e-07
-1.31354e-06 5.43123e-07
-5.66173e-07 -3.75819e-07
-1.40658e-06 -8.30059e-08
-8.10394e-07 3.87201e-07
-2.90311e-07 -5.20799e-07
4.04124e-07 -3.87099e-07
-6.21545e-07 7.14057e-08
-3.47366e-07 -3.04665e-07
1.27807e-06 -6.20482e-07
6.03785e-08 2.0891e-07
3.44209e-07 -6.17121e-07
-2.58411e-10 -3.43607e-07
8.63809e-07 1.14581e-07
-2.6356e-07 -1.38767e-07
-8.83316e-07 4.32307e-07
-8.96519e-07 6.48872e-07
-1.06673e-06 -3.6686e-07
4.57679e-08 2.46084e-07
5.65396e-07 5.54048e-07
-9.41889e-07 1.88126e-07
6.98853e-07 2.93054e-07
-7.71526e-07 4.54687e-09
-8.90772e-07 2.10006e-07
-1.09002e-06 3.71308e-07
1.05869e-06 -5.49311e-08
1.01088e-06 -1.4371e-07
2.21031e-07 -9.70732e-08
-1.00394e-06 -1.90542e-07
1.34978e-06 2.49638e-08
-6.76862e-07 5.92559e-07
2.06515e-07 -6.62543e-07
-7.12594e-07 -9.11512e-08
1.2494e-06 5.10685e-07
4.88953e-07 -1.53067e-07
2.76517e-07 -1.00813e-07
-6.74862e-07 -5.96155e-07
-5.05136e-07 5.37573e-07
-4.24441e-07 4.21155e-07
3.79218e-08 1.15441e-07
-1.03027e-06 -3.14574e-08
-5.17125e-07 -4.66503e-07
-1.24571e-06 -1.6718e-07
7.71854e-08 -5.76074e-07
-1.04667e-06 -3.18254e-07
-6.9601e-07 2.527e-08
-1.2949e-06 -5.19671e-07
1.91065e-08 -3.77107e-07
-7.41101e-07 -3.83461e-07
-1.3244e-06 -4.2204e-08
-6.24144e-07 6.41843e-07
1.19148e-06 5.129e-07
3.61569e-07 2.84283e-07
-8.31507e-07 2.90151e-08
-3.63132e-07 -3.78438e-07
-9.43717e-07 -2.46585e-07
6.74675e-08 2.83937e-07
4.98806e-07 -7.31598e-08
1.16043e-06 -4.25744e-08
6.82283e-07 3.60944e-07
-2.09442e-07 -5.18209e-07
-6.08302e-07 -4.3227e-08
-4.1436e-07 -4.62392e-07
-6.72848e-07 -3.10658e-07
6.89796e-08 -5.57571e-07
-4.76206e-07 -1.02598e-07
5.66742e-07 -1.36644e-07
1.41527e-07 2.97858e-07
1.43029e-06 -6.04046e-07
-6.64892e-07 4.79274e-07
5.17034e-07 -2.9077e-08
-1.18527e-06 -6.99803e-08
8.85985e-07 -5.54764e-07
2.89858e-07 4.57967e-07
-1.14361e-06 -1.96443e-07
-3.72015e-07 -5.38512e-07
-1.73732e-07 -2.80388e-07
3.83165e-07 -6.8568e-07
8.12801e-07 5.0782e-07
-2.05536e-07 2.14279e-07
4.95872e-07 -8.84822e-08
-1.43076e-06 -3.85081e-07
9.5982e-07 4.33053e-07
5.16456e-07 4.1004e-07
-8.84081e-07 1.61726e-07
4.33802e-07 -4.6955e-07
-8.03753e-07 -9.22419e-08
1.39234e-06 3.77728e-07
1.65202e-07 2.10413e-07
3.93029e-07 6.18702e-07
-9.23893e-07 -4.37907e-07
-4.7559e-07 -6.9603e-07
1.16851e-06 -6.12051e-07
2.7269e-07 -6.99059e-08
9.06594e-07 -3.10454e-08
-2.21076e-07 -5.88095e-07
5.85762e-07 3.59955e-07
-3.96134e-07 4.43031e-07
-5.46715e-07 5.22133e-07
3.36015e-07 2.609e-07
-8.48972e-08 -4.00666e-08
1.2196e-06 -2.04427e-08
4.15817e-07 4.40018e-07
-1.07236e-06 -3.67522e-08
1.25915e-06 -6.34407e-07
4.3434e-07 -4.19423e-07
9.97517e-07 -3.68785e-08
-8.48285e-07 -5.34479e-07
8.41559e-07 1.58981e-08
-3.32764e-07 3.64258e-08
-6.90047e-07 2.19875e-07
1.12787e-06 1.74052e-07
4.56251e-08 -4.12709e-08
4.86782e-07 4.57803e-07
-1.3357e-06 7.28751e-08
8.30279e-07 -4.6691e-07
2.72707e-07 -6.62557e-07
1.12763e-06 -4.23196e-07
6.41143e-07 -5.72711e-07
-1.30558e-06 -4.10797e-07
-1.02917e-06 6.50418e-07
-7.11831e-07 4.52346e-08
6.75881e-07 -6.5824e-07
-4.51737e-07 6.49559e-07
-2.59954e-07 5.92671e-07
-4.42635e-07 6.48982e-07
-9.28837e-07 -2.30892e-07
-1.3682e-06 -3.28456e-07
6.61411e-07 4.58383e-08
7.85217e-08 -5.36556e-08
3.56283e-07 2.80544e-09
-7.00118e-07 -9.64389e-08
1.02431e-06 6.44462e-07
-5.30376e-07 2.03432e-07
-8.58497e-07 -5.60582e-07
8.70751e-07 6.55006e-07
5.57731e-07 6.31891e-07
-9.48087e-07 1.27601e-07
-1.16223e-06 1.1483e-07
8.97411e-07 3.76209e-08
2.54393e-07 -5.75485e-07
-5.7827e-07 -1.00361e-08
7.24746e-07 -1.10502e-08
6.95385e-07 6.83986e-07
9.12318e-07 6.28274e-07
1.52321e-07 4.08726e-07
5.9739e-07 3.64651e-07
1.40854e-06 5.89754e-07
-1.08906e-06 4.28923e-08
-1.00679e-06 -1.67388e-07
-8.17202e-07 4.14932e-07
1.13747e-06 5.17122e-07
-1.21965e-06 1.3559e-07
-6.11774e-07 2.63957e-08
-5.0282e-07 -5.53934e-07
1.92969e-07 1.04876e-07
-9.85593e-07 -2.93238e-07
-2.73622e-07 -4.62299e-07
-7.38033e-07 3.57289e-07
-6.71039e-07 -3.73797e-07
-1.188e-06 1.20951e-07
-8.07098e-07 6.54652e-07
5.85155e-07 4.52215e-07
-2.11913e-08 -1.13372e-07
1.26895e-06 -1.52229e-07
6.16328e-07 3.10127e-08
1.36042e-06 -4.75381e-07
1.3888e-06 4.04912e-07
1.25103e-06 2.59014e-07
1.04763e-06 1.54621e-07
7.45937e-07 4.92324e-07
3.95112e-07 5.90469e-07
1.01241e-07 -2.75376e-07
-1.01942e-06 -2.71698e-07
9.78413e-08 3.54711e-07
-5.3657e-07 -6.85259e-07
-1.44347e-06 2.71295e-07
-1.26241e-06 -6.83884e-07
-1.06768e-06 -3.92364e-07
-9.84535e-07 -2.03572e-07
6.50467e-07 4.79617e-08
-1.36597e-06 1.98109e-07
3.24415e-07 -1.8843e-07
-2.59144e-07 8.04449e-08
2.23411e-08 -1.71251e-07
3.21954e-07 5.69233e-07
-7.15824e-07 -4.91993e-07
1.33503e-07 2.74708e-07
-1.3579e-06 4.18869e-07
-1.1773e-06 5.1576e-07
1.87532e-07 -1.23531e-08
-8.89012e-07 -1.87035e-07
-4.60892e-07 3.38414e-07
-1.00122e-06 -3.85244e-07
-5.92856e-07 -3.29377e-07
-9.95739e-07 -1.10941e-07
-1.19662e-07 2.67386e-07
4.43152e-07 -1.24105e-07
9.00011e-07 4.84302e-07
1.37681e-06 6.30436e-07
9.03101e-07 -5.38361e-07
8.40457e-07 -9.6596e-08
-1.15993e-06 -4.64916e-07
6.53604e-08 2.42537e-07
1.37625e-06 4.23412e-07
-6.33446e-08 -4.99054e-07
-1.27875e-06 6.8747e-07
2.28434e-07 -5.43353e-07
4.45158e-07 4.86979e-07
4.04559e-07 8.04393e-08
8.10394e-07 1.88799e-08
-1.34335e-06 6.94793e-07
-1.27531e-06 4.31138e-07
-7.64084e-08 2.75191e-07
1.01218e-06 -2.28105e-07
5.67826e-07 -1.87953e-08
-2.63237e-07 6.72843e-07
-5.3614e-07 -6.21906e-07
-5.98998e-07 -6.82851e-07
-2.19997e-07 -6.72051e-09
-2.13243e-07 3.1718e-07
-1.04793e-06 -5.98068e-07
-1.19081e-06 -4.18655e-07
6.87559e-07 -1.32174e-07
3.61563e-07 -2.27298e-08
7.40919e-07 -1.31021e-07
-2.07248e-07 2.09459e-07
-9.39917e-07 1.46353e-07
9.31047e-07 -1.19495e-07
1.37003e-06 -3.41888e-08
4.60044e-08 2.50045e-07
-1.11548e-06 1.1567e-07
4.20148e-07 2.75567e-07
7.18219e-07 1.01315e-07
-2.48868e-07 6.96365e-07
-6.21565e-08 -3.63942e-07
4.57206e-07 1.25876e-07
2.97359e-07 3.5794e-07
-6.05781e-07 7.58497e-08
6.99018e-07 -4.69193e-07
-3.31553e-07 -1.34268e-07
-1.28577e-06 1.58305e-07
-3.67588e-07 1.95733e-07
-5.86412e-07 -2.41186e-07
7.46981e-07 5.51832e-07
-1.42707e-06 -5.83128e-07
-2.422e-07 4.82799e-07
-9.2446e-07 2.77586e-07
2.44728e-07 -4.06019e-07
1.28084e-06 -4.77823e-07
5.13765e-07 6.26564e-07
5.67497e-07 6.86162e-07
1.44852e-06 3.35901e-07
-6.29845e-07 -7.52823e-08
2.22712e-07 1.97521e-07
-5.53032e-07 5.22691e-07
1.32769e-06 4.63446e-07
1.35756e-06 -2.58752e-07
1.25141e-06 -6.67012e-07
-5.56505e-08 -4.27366e-07
-3.19006e-07 2.4476e-07
-1.3184e-06 2.26727e-08
3.91762e-07 9.31681e-08
1.35642e-06 3.72346e-07
4.7852e-07 -6.32874e-07
5.58167e-07 2.77939e-07
-2.02847e-07 -5.94673e-07
-1.37821e-06 -6.24736e-07
-7.9116e-07 -2.50209e-07
1.04631e-06 3.65168e-08
-1.42177e-07 -5.99241e-07
1.28351e-06 -2.36291e-07
1.44312e-06 -2.14772e-07
5.88514e-08 -4.77311e-07
1.17929e-06 -1.5074e-07
8.27871e-08 -2.26825e-07
-4.50931e-07 -1.27225e-07
1.08397e-07 -5.27821e-07
2.46417e-07 1.78108e-07
3.09108e-08 -4.2501e-07
1.07774e-06 -1.41679e-07
7.23116e-07 -5.05851e-07
-1.39453e-06 -5.73193e-07
-1.42627e-06 4.98555e-07
9.57959e-07 7.85239e-08
-9.65053e-07 -2.58505e-07
-1.0253e-06 -2.86765e-07
5.79526e-07 -2.30512e-07
-1.41193e-06 -5.60219e-07
-7.19069e-08 -4.0998e-07
9.02735e-07 3.66283e-07
3.64503e-07 2.33199e-07
-1.13252e-06 1.25918e-07
6.4634e-07 3.4299e-07
3.07127e-07 -3.33199e-07
1.08864e-06 5.97327e-07
9.53288e-07 5.27976e-07
-4.82755e-07 4.51303e-07
1.18941e-06 -5.90778e-07
-1.43282e-06 3.02288e-07
1.12768e-06 6.87621e-07
8.06989e-07 -2.22721e-07
1.28322e-06 3.18095e-07
7.69171e-07 2.59348e-08
7.57345e-07 -1.83438e-07
-4.08849e-07 -2.57059e-07
-5.08257e-08 -7.63212e-09
-1.14088e-06 1.51495e-07
-3.53196e-07 6.48755e-07
4.78119e-07 -5.39786e-07
-7.76736e-07 2.35323e-07
-7.35783e-07 3.3181e-07
-2.85288e-07 1.72505e-07
1.09838e-06 2.59099e-07
-1.1482e-06 -5.01884e-08
4.7986e-08 1.73052e-07
1.15325e-06 -6.09011e-07
8.12203e-07 6.36284e-07
6.30613e-07 4.48995e-07
-1.28854e-06 6.12596e-07
-3.5551e-07 3.1769e-07
7.2575e-07 -4.32091e-07
-5.73819e-08 -4.88417e-08
-7.03617e-08 2.82795e-07
4.11039e-07 -6.63592e-08
5.71994e-07 -5.91226e-07
-1.2744e-06 -6.6066e-07
-2.24555e-07 4.03453e-07
-1.22021e-06 -3.93912e-07
8.67733e-07 -1.56788e-07
1.12742e-06 -4.71686e-07
1.18422e-06 2.07578e-07
7.50228e-07 6.72053e-07
1.00509e-06 8.29155e-09
-1.29039e-06 -3.62018e-07
5.22946e-07 -4.94217e-07
4.06797e-07 4.5266e-09
-1.03022e-06 -3.20147e-08
-3.38173e-07 -1.98104e-07
1.13875e-06 -6.38904e-07
1.07016e-06 -6.5938e-07
4.66221e-07 -5.44746e-07
-6.61352e-07 -4.99567e-07
-1.38042e-06 6.39861e-07
4.44464e-07 5.46528e-07
-3.19794e-07 -5.4599e-07
-1.2869e-06 5.05647e-07
-7.99914e-07 4.51376e-07
-6.55632e-08 -4.29994e-07
8.15367e-07 -6.57361e-07
-1.33591e-06 -4.85852e-07
-9.38094e-07 1.68238e-07
6.72726e-08 -6.11272e-07
-3.6323e-07 4.61655e-07
3.73116e-07 1.02744e-08
-1.33448e-06 -2.80636e-07
-1.01063e-06 4.42871e-07
-1.21375e-06 -3.98216e-07
-7.55751e-07 -1.79767e-07
1.12645e-06 -4.47203e-07
-4.77145e-07 -3.58166e-07
2.61876e-07 5.75714e-07
5.34805e-07 -5.69228e-07
-1.40658e-06 8.32458e-08
4.01119e-07 3.90949e-07
8.42529e-07 -1.28341e-07
-8.40688e-07 -3.59146e-07
-1.44264e-06 5.87503e-07
1.38998e-07 -1.66264e-07
-1.85284e-07 5.1815e-07
8.97444e-07 6.36045e-07
1.18422e-06 -6.36795e-07
-8.90782e-07 6.7464e-07
-1.41209e-06 7.81306e-08
6.15238e-07 -4.05261e-07
6.00674e-07 3.67653e-07
-3.16169e-08 2.65445e-07
-3.41525e-07 5.52546e-07
1.3648e-07 -3.66358e-07
1.23845e-06 5.15291e-07
-5.51926e-07 2.62404e-07
-9.54269e-07 -5.40704e-07
1.32901e-06 -3.32372e-07
-1.29065e-06 1.49372e-07
9.19952e-07 -1.40228e-07
3.12109e-07 6.66136e-07
-8.32525e-07 -1.34405e-09
-6.49234e-07 -5.24347e-07
-1.29837e-06 -3.23677e-07
-1.01588e-06 5.48474e-07
-5.52395e-07 -2.14418e-08
3.30156e-08 -2.59659e-07
-8.69695e-07 -5.32691e-09
6.26542e-07 -6.97411e-07
7.2071e-07 6.35931e-07
-1.07458e-06 -5.04453e-07
-4.29759e-08 -6.01795e-07
-1.06428e-06 -2.2238e-07
4.06823e-07 1.60014e-07
-6.68154e-07 6.9656e-07
8.82824e-07 2.83226e-07
1.15843e-06 5.12758e-07
-3.0061e-07 2.8803e-07
-6.97999e-07 5.65408e-07
1.34931e-07 1.31802e-07
-3.35252e-07 6.73233e-07
1.28465e-06 3.423e-07
6.90067e-07 -5.92449e-07
6.21536e-07 4.00114e-07
1.37789e-06 -3.4058e-07
1.08658e-06 -4.99749e-08
1.2985e-06 5.10504e-07
5.50508e-07 -6.8183e-07
2.44422e-07 -9.65378e-08
8.06155e-07 -2.96686e-07
-5.06833e-07 -2.96533e-07
-1.18675e-06 -2.04985e-07
-1.05017e-07 -4.93244e-08
-8.44801e-07 1.10088e-09
-3.3244e-07 -3.82821e-07
-4.81458e-07 1.87733e-07
1.25898e-06 -5.12349e-07
1.17041e-07 -5.43499e-07
3.58452e-07 -3.40529e-07
-1.40359e-06 4.6726e-07
-1.03661e-06 -1.25883e-07
7.97101e-07 5.77732e-07
-9.44009e-07 3.23741e-07
-1.19366e-06 -4.82896e-07
1.16205e-06 6.17336e-07
1.19164e-06 -2.5833e-07
-1.2528e-06 6.17263e-07
-3.63553e-07 -6.79897e-07
-1.37407e-06 5.81069e-07
1.39989e-06 6.11626e-09
9.4984e-07 4.02178e-07
1.20551e-06 -2.23812e-07
1.028e-06 -5.3735e-07
4.59627e-07 1.96821e-07
-2.75484e-07 -1.13518e-08
5.52051e-07 -4.42532e-07
-3.15024e-08 -5.40834e-07
-1.00919e-06 1.8602e-07
6.86556e-07 2.43367e-07
1.28491e-06 -6.51689e-07
6.77073e-07 2.05034e-08
1.29058e-06 6.75826e-07
8.86165e-07 3.67156e-07
-1.01682e-06 4.39277e-07
-1.35671e-06 3.85963e-07
3.51386e-07 -5.07892e-07
1.41713e-06 -6.80431e-07
-1.459e-07 3.20733e-07
6.93325e-07 5.82616e-07
1.80205e-07 -9.94521e-08
3.60586e-07 -3.54042e-07
-8.98253e-07 -2.00651e-07
-1.13008e-06 6.63568e-07
1.41195e-06 4.31991e-07
1.44122e-08 3.78828e-07
7.38628e-07 -9.83262e-08
4.9646e-07 7.90562e-08
-8.34746e-07 3.41033e-08
8.99383e-07 -3.45268e-07
1.02847e-06 -3.70677e-07
1.27532e-06 3.2701e-07
-6.50215e-07 -4.62231e-07
-6.93702e-07 4.4364e-07
-1.54913e-07 -5.35065e-07
4.49079e-07 2.32506e-07
-1.10282e-06 -6.32514e-07
3.20495e-07 4.03147e-07
-3.18141e-07 -6.635e-07
2.08596e-07 3.79522e-07
-4.6282e-07 -5.39176e-08
2.13524e-07 -4.88763e-07
8.99302e-07 3.41284e-07
-3.24746e-07 4.64293e-07
-4.00359e-07 6.0381e-07
-8.05785e-07 4.23103e-07
-4.11617e-07 -2.76359e-07
8.58487e-07 1.04086e-07
-2.63526e-07 -2.73681e-07
-1.01639e-06 -4.49861e-07
-8.74572e-07 -6.92012e-07
-6.46764e-07 -3.51993e-07
5.67596e-07 -2.39614e-07
-3.53811e-07 -5.95682e-07
-1.04526e-07 -2.43751e-07
-1.94787e-07 -1.61491e-07
-3.69623e-07 -2.82081e-07
1.43279e-06 -2.00738e-07
-9.14296e-07 -5.54161e-07
-1.09341e-06 -3.96158e-07
7.02324e-07 4.28505e-07
-6.32482e-07 -4.60935e-07
1.32794e-06 -2.68548e-07
-7.59718e-07 -2.11107e-07
-3.32689e-07 -1.09335e-08
-1.38901e-06 5.26315e-07
1.12603e-06 6.31577e-07
2.06433e-07 -1.68561e-08
1.22839e-06 -1.79102e-07
2.02799e-07 -3.45304e-07
-1.40275e-06 -1.55426e-07
-6.62615e-08 -2.93774e-08
-2.09084e-07 2.34391e-07
-9.98982e-07 -5.60105e-07
-2.04986e-07 5.82447e-07
-2.3474e-07 1.10213e-08
1.58111e-07 6.52993e-07
1.35845e-06 5.02719e-07
2.56642e-07 -5.88223e-07
-1.23259e-06 -1.04531e-07
3.05279e-07 -5.64394e-07
2.77479e-07 9.74139e-08
5.66208e-07 6.46884e-07
-4.1529e-07 9.25076e-08
1.25099e-07 1.86475e-08
6.71256e-07 5.21654e-08
1.0375e-06 6.67603e-07
-6.4117e-07 2.1812e-07
6.40324e-08 2.43421e-07
-2.51929e-07 -2.25932e-07
6.46869e-07 -3.87809e-07
6.5989e-07 2.68745e-07
4.78885e-07 -5.02957e-07
1.18632e-06 5.33222e-07
1.37029e-06 -9.38088e-08
7.27052e-08 -3.55446e-07
1.51599e-07 -5.25275e-07
-1.3589e-06 5.6518e-09
6.12428e-07 -5.04986e-07
-8.49539e-07 -4.36357e-07
1.3412e-06 -1.08181e-07
1.0872e-06 6.35192e-07
4.49152e-07 2.21911e-08
4.68362e-07 -6.17604e-07
-1.24565e-06 4.13275e-07
-2.76556e-08 8.96752e-08
-4.18311e-07 1.7871e-07
-1.35318e-06 -3.44086e-07
1.1727e-06 -4.54348e-07
2.59303e-07 -4.7096e-08
1.29137e-06 1.151e-07
-9.69961e-07 6.1639e-08
1.88037e-07 -6.58303e-07
-2.74617e-07 6.71486e-07
1.14739e-06 1.58206e-07
-1.37498e-06 5.00569e-07
6.44812e-07 -4.73655e-07
9.91864e-07 4.40576e-07
-1.27012e-06 5.42674e-07
-3.22489e-07 -5.73535e-07
-4.68261e-07 4.49433e-07
-1.3399e-06 -3.8186e-07
-1.12241e-06 5.78235e-07
-1.06704e-06 -4.49457e-07
-1.10371e-06 -5.59395e-07
-9.81138e-07 6.78728e-07
-1.02952e-06 -6.96776e-07
-9.80756e-07 -5.50011e-07
-1.27958e-06 -1.17724e-07
3.81122e-07 2.15556e-07
-1.17026e-06 8.97627e-09
-1.41561e-06 6.38495e-07
-5.44815e-07 -2.56372e-07
6.06329e-07 3.24467e-07
2.07476e-07 -4.51223e-07
4.45632e-07 5.51211e-07
1.1334e-06 -4.59426e-07
1.86846e-07 1.33199e-07
8.12251e-08 -6.93697e-07
-1.58898e-07 9.50316e-08
-8.66802e-07 5.39643e-07
-1.01563e-06 -4.82363e-07
-1.31505e-06 -4.01601e-07
1.17337e-06 6.72437e-07
1.08156e-06 6.71353e-09
-1.04893e-06 -2.92986e-07
-5.51648e-07 3.00539e-07
-2.63433e-07 3.842e-07
3.5467e-07 -2.28552e-07
6.74965e-07 1.09736e-07
1.20583e-06 2.96053e-07
5.57406e-07 -3.62654e-07
4.30564e-07 -2.03311e-07
-1.01902e-06 -3.52284e-07
1.15351e-06 5.01077e-07
6.9108e-07 -4.19103e-07
7.65996e-07 2.85144e-07
-7.9809e-07 -4.19873e-07
1.31533e-06 6.47785e-07
-9.80197e-07 2.32699e-07
8.96381e-07 -3.09844e-07
3.13599e-07 -3.58265e-07
-7.91149e-07 -5.92789e-07
-1.24425e-06 -3.25247e-07
1.29319e-06 1.60757e-07
-1.39589e-08 5.99091e-07
-3.7943e-08 2.02238e-07
1.06351e-06 -2.45195e-07
-9.40938e-07 7.19876e-08
-1.26307e-06 2.48308e-07
-1.25882e-06 1.54719e-07
4.06335e-08 -5.1251e-07
5.87433e-08 -6.80068e-08
-8.75878e-07 -5.32859e-07
-7.71987e-07 -1.55459e-07
5.84056e-07 -5.23141e-07
3.2136e-07 -2.81732e-07
1.24447e-06 6.88596e-08
-1.32837e-06 5.76726e-07
-1.37694e-06 6.72202e-08
7.70061e-07 5.44013e-07
-1.36248e-06 5.26726e-07
-3.17127e-07 5.18448e-07
-1.11848e-06 -3.94083e-07
-2.08898e-07 -4.47145e-07
1.32056e-06 -4.71722e-07
-1.36578e-06 -2.82593e-07
9.74606e-07 -5.73529e-07
1.39498e-06 9.25766e-08
5.81513e-07 2.13326e-08
4.57436e-07 4.92769e-07
-3.26062e-07 3.72865e-07
-1.39525e-06 -7.0978e-08
1.38936e-06 -6.31155e-07
5.61404e-07 1.04981e-07
1.11224e-06 3.50847e-07
1.15737e-06 -5.72129e-07
-4.56594e-07 -5.13366e-08
-1.4339e-06 1.60314e-07
3.77468e-07 4.54802e-07
1.11069e-06 -2.04722e-07
1.33127e-06 5.15946e-07
1.02888e-06 6.39873e-08
-8.52335e-07 -3.83433e-07
1.39916e-06 -3.24744e-07
9.27988e-07 4.03519e-08
-5.05392e-07 5.09188e-07
-6.71922e-07 4.32589e-08
1.33106e-06 -5.27785e-07
-7.25916e-07 5.7278e-07
-5.83511e-07 -3.91066e-07
1.13491e-07 -4.92302e-07
-8.78897e-07 -6.85857e-07
-1.01521e-06 -1.21077e-08
-1.13893e-06 4.5175e-07
-2.29081e-07 3.34287e-07
-1.02693e-06 3.18105e-07
3.64866e-07 5.46804e-07
2.22587e-07 -3.22925e-07
-1.36511e-07 -2.19331e-07
1.27789e-06 -1.40253e-07
-1.29577e-06 1.15462e-07
1.17881e-06 -5.80307e-07
-7.77228e-08 6.78072e-07
-1.44394e-06 3.47829e-07
5.58807e-07 -5.22234e-07
1.68555e-07 6.31245e-07
-7.62332e-08 -1.82601e-07
-1.17626e-06 6.05353e-07
3.19538e-07 2.70452e-07
6.67473e-08 4.62369e-07
-9.12385e-07 1.91657e-07
9.03565e-07 -6.52873e-07
1.02572e-07 -6.0386e-07
-6.45298e-07 -6.03089e-07
9.55352e-08 -2.70641e-07
-1.02711e-06 3.46096e-07
-1.11565e-06 -1.52282e-07
4.05332e-07 -5.23104e-07
3.2717e-07 -2.57199e-07
1.06406e-06 -1.10898e-07
-8.01505e-07 4.71249e-07
-3.50155e-07 3.09377e-07
-1.25849e-06 5.17794e-07
2.06396e-07 1.80269e-07
1.09864e-06 4.24248e-07
1.28826e-06 -2.97718e-07
1.38231e-06 5.62966e-07
-8.15228e-07 -1.89037e-07
-9.01357e-07 -1.96749e-07
-7.7541e-07 4.57323e-07
-6.86188e-08 1.41185e-07
3.51638e-07 -5.50961e-07
1.42435e-06 -2.86153e-07
-5.66237e-07 -2.18309e-07
-1.17325e-06 -2.91854e-07
8.6721e-07 4.63368e-07
1.27446e-06 -4.79959e-07
-6.7518e-07 2.60236e-07
6.51435e-07 -4.11504e-07
-8.31014e-08 1.49727e-07
3.94389e-07 6.2944e-07
8.82521e-07 -2.93665e-07
-7.79056e-07 -6.8611e-07
-1.28272e-06 -4.596e-07
-7.3384e-07 -4.39114e-07
-1.42042e-06 1.93482e-07
-9.05808e-07 4.35501e-08
8.84467e-07 2.4528e-07
-1.05503e-06 3.1282e-08
-9.06031e-08 -2.4163e-07
1.2186e-06 -5.89153e-07
-3.85006e-07 6.81792e-07
3.9119e-07 7.8297e-08
1.1392e-06 4.97003e-07
-7.5093e-07 -1.52296e-07
2.31868e-07 -3.93066e-07
8.17105e-07 -6.0395e-07
1.07965e-06 -5.28847e-07
-1.07232e-06 2.16144e-07
-8.2776e-07 -6.35818e-07
-1.16765e-06 2.33705e-07
6.9631e-08 2.91608e-07
4.1163e-07 -2.55287e-07
7.8958e-07 6.36462e-07
1.27187e-06 -4.92532e-07
1.31374e-06 -3.29589e-07
3.87909e-07 3.52186e-07
-1.28785e-06 -2.32542e-07
-4.84052e-07 5.57266e-07
6.06746e-07 2.93042e-07
-1.09845e-06 6.39841e-07
-4.25422e-07 4.01676e-08
-1.1146e-06 1.61128e-07
1.0095e-06 5.94204e-08
6.80459e-07 -6.03329e-08
8.08287e-07 1.07999e-07
1.14554e-06 5.68606e-07
-9.64956e-07 4.4541e-08
1.03181e-06 -3.74513e-07
6.12994e-07 -2.17066e-07
-1.53849e-07 -5.71615e-07
-8.27952e-08 1.63307e-07
1.07585e-06 1.84841e-07
-3.20903e-07 -4.63872e-07
6.05187e-07 -3.79988e-07
7.32161e-07 -1.03878e-07
-8.18732e-07 -6.42321e-07
-1.06115e-06 1.99056e-07
4.6308e-07 -1.24071e-07
-4.5977e-07 2.16969e-07
5.77958e-07 1.08839e-07
1.24444e-06 -4.34836e-07
-5.5351e-07 5.22891e-07
-1.06762e-06 6.56383e-07
1.01034e-06 5.75613e-07
8.52286e-07 1.81666e-07
-7.12864e-07 -4.30793e-07
9.08904e-07 5.98206e-07
4.27366e-07 3.86141e-07
-1.44453e-06 -3.17596e-07
-1.16162e-06 5.5354e-07
1.19916e-06 5.8983e-07
6.46378e-07 1.07552e-07
9.53589e-07 -1.25855e-07
-1.23587e-06 -1.32083e-07
-1.22797e-06 -6.6222e-07
-5.17441e-07 6.9608e-07
8.91241e-07 -6.66253e-07
1.13537e-06 7.35089e-08
-5.67531e-07 -6.64646e-07
-8.20241e-07 1.88326e-07
1.29505e-06 4.18974e-07
-1.37928e-06 3.3623e-07
2.99331e-07 -3.49248e-09
-1.35729e-06 3.09415e-07
3.1454e-07 6.27931e-07
1.03515e-06 4.89079e-07
-8.75924e-07 -2.94711e-07
-1.38395e-06 -8.76736e-08
-1.99721e-07 -3.53293e-07
-7.37833e-07 -2.42672e-07
1.05748e-06 2.79589e-07
1.33148e-06 -4.10729e-07
-8.83879e-07 4.29163e-07
9.45652e-07 6.90309e-07
5.86967e-07 -4.27197e-07
8.89092e-07 -5.70644e-07
-1.7327e-07 -1.72027e-07
1.78746e-07 1.7646e-07
-4.80307e-07 6.31229e-07
-8.02056e-07 1.2273e-07
1.24241e-06 4.06545e-07
9.53739e-07 8.9142e-08
1.2427e-06 -1.57878e-07
-5.22953e-07 -3.80477e-07
-1.17573e-06 1.15094e-07
5.56926e-07 2.32749e-07
-7.2401e-08 2.11008e-07
1.13368e-06 1.90112e-07
-3.49947e-07 9.58556e-08
-7.08268e-08 -6.21561e-07
-2.47657e-07 2.47158e-07
7.34625e-07 1.92169e-07
-2.32897e-07 3.62527e-08
1.05441e-06 6.49907e-07
-6.70418e-07 -4.51342e-07
-1.21173e-06 -2.55753e-07
1.08093e-06 2.4398e-07
7.30142e-07 3.20769e-07
1.10405e-06 -3.21292e-08
-8.13898e-07 1.34406e-08
1.04846e-06 3.4956e-07
-5.95343e-07 5.92738e-07
-1.29275e-06 5.04833e-07
-2.92426e-07 -2.46796e-07
-9.47896e-07 6.79317e-08
8.68655e-07 -6.82302e-07
-1.25065e-06 -1.04022e-07
1.32694e-06 2.1423e-08
1.09026e-06 -5.10181e-07
9.48849e-07 -5.9015e-07
-4.72339e-07 -2.55696e-07
4.05094e-07 8.30919e-08
9.44752e-07 -3.5518e-07
-2.07528e-07 2.76509e-07
6.90542e-07 4.10691e-08
8.11039e-07 6.65887e-07
4.14271e-07 2.42904e-07
6.48724e-07 6.06516e-07
2.72865e-07 6.36088e-07
6.05804e-07 6.25357e-07
5.56835e-07 -4.63933e-07
9.75639e-07 -1.93613e-07
-4.23289e-08 -9.58859e-08
-1.17203e-06 -8.57991e-08
-1.19868e-06 -6.13464e-07
8.55172e-07 2.42731e-07
1.1521e-07 4.70724e-07
-1.20971e-06 -5.01808e-07
-8.89754e-08 5.61438e-07
-3.00949e-08 2.54554e-07
7.30151e-07 -3.70213e-07
-9.74522e-07 7.03265e-08
1.04817e-06 -8.00496e-08
-2.17575e-07 4.66036e-07
-3.78529e-07 -2.92153e-07
-4.35877e-07 -2.31265e-07
-3.23668e-07 -6.29264e-07
-6.05744e-07 3.63355e-08
8.86159e-07 -2.01071e-09
-1.0125e-06 5.76806e-07
9.79623e-07 4.50711e-08
-1.24578e-06 6.91964e-07
-8.87298e-07 4.51427e-07
1.14463e-06 -4.77927e-08
-4.49837e-07 -3.31149e-07
8.58028e-07 -2.04771e-07
-1.04704e-06 2.37513e-07
1.37437e-06 -6.96789e-07
-1.32207e-06 1.45442e-07
3.15993e-07 3.6287e-07
-1.27506e-06 -1.39084e-07
3.55443e-07 3.32152e-07
-1.41817e-06 -5.46667e-07
-7.46046e-07 -6.35698e-07
1.06377e-06 -1.90496e-08
-4.74695e-07 1.21623e-07
-3.29132e-07 -8.26498e-08
1.25925e-06 1.34416e-07
1.7173e-07 -4.40988e-07
1.42426e-06 -4.36605e-07
-5.61777e-07 -3.80481e-07
1.93997e-07 -4.23082e-07
-2.10874e-07 -3.90039e-08
1.13702e-06 -3.15877e-07
-1.1824e-06 -1.95337e-07
1.3279e-07 -5.57306e-07
-2.13471e-07 -6.2658e-07
1.86158e-07 5.90027e-07
-1.39159e-06 1.50397e-08
8.26722e-07 -5.57375e-07
-9.53025e-07 2.024e-07
1.266e-06 -1.24668e-07
7.51741e-07 -4.45052e-07
6.26044e-07 -1.52939e-07
-8.21197e-07 -1.20205e-08
2.99653e-07 -1.55719e-07
6.91866e-07 1.52208e-07
-1.1078e-06 3.85554e-08
-7.56007e-07 -7.20127e-08
6.58806e-07 -3.85826e-07
-3.36167e-07 -2.186e-07
-1.33816e-06 5.26703e-07
7.99179e-07 5.47577e-07
8.56873e-07 5.27402e-07
1.41702e-06 -5.07793e-07
-5.06011e-07 4.19775e-07
-1.02498e-06 4.26745e-07
3.7362e-07 3.14831e-07
-1.26176e-06 2.58789e-07
-9.24753e-07 -5.39437e-07
7.65898e-07 -8.9853e-08
-1.16485e-06 -4.94093e-07
1.13143e-06 -4.63828e-07
-4.7073e-07 -4.82444e-07
-1.35094e-06 -5.14272e-08
7.11662e-08 -5.0641e-07
-1.29675e-07 -3.71934e-07
-5.31708e-07 3.60528e-08
1.43663e-07 9.83302e-08
9.12315e-09 4.3433e-07
-7.71377e-08 3.98871e-07
-1.42903e-06 5.30221e-07
2.1427e-07 -4.56154e-07
-6.1442e-07 -9.84669e-10
3.23243e-07 -1.24266e-07
-8.36946e-07 -3.66029e-08
-7.46145e-07 9.17557e-08
1.4082e-06 -5.94918e-07
1.07838e-06 2.07284e-07
-1.31066e-06 -2.00827e-07
-8.48945e-07 3.10024e-08
-1.34181e-06 1.0188e-07
1.44066e-06 4.06252e-07
8.83858e-07 -5.95498e-07
-1.38745e-06 4.70004e-07
-2.45724e-08 8.9729e-09
2.73797e-08 -4.02247e-07
6.33774e-08 -5.10741e-07
-8.10868e-07 -5.25884e-07
9.40603e-07 4.56388e-07
-8.51479e-07 5.69342e-07
-1.34465e-06 3.46658e-07
-2.82733e-07 6.20091e-07
5.34579e-08 -3.95854e-07
4.67232e-08 3.8055e-07
9.1885e-08 -5.35434e-07
-1.39713e-06 3.32113e-07
-8.81981e-07 -2.90147e-07
3.50545e-08 4.58845e-07
3.43857e-07 5.75227e-07
3.36456e-07 4.00286e-07
5.36685e-07 -2.53239e-07
-1.33082e-06 -6.08924e-07
4.78622e-07 5.87133e-07
-1.42826e-06 6.04945e-07
4.63921e-07 -2.70999e-07
-1.40578e-06 1.90021e-07
-2.23861e-07 4.33995e-07
-2.70417e-07 -2.62311e-07
1.17742e-06 1.38615e-07
-1.38317e-07 -4.9831e-07
9.22998e-07 -3.22899e-07
6.38646e-08 1.8831e-07
2.16025e-07 -6.77199e-07
6.60875e-07 -6.33407e-07
-1.37833e-06 3.3203e-07
1.05845e-06 -6.70462e-07
6.51351e-07 5.75032e-08
-1.41189e-06 -2.55412e-07
-7.90021e-07 -1.98674e-08
8.97614e-07 -1.47511e-07
-1.40523e-06 9.87983e-08
-1.43856e-06 -2.24096e-07
2.11138e-07 2.52097e-08
1.39013e-06 3.57959e-09
-6.32979e-07 4.03453e-07
2.8312e-07 -5.4876e-07
1.25051e-06 2.42364e-07
-9.46576e-07 1.60519e-07
1.21457e-06 -2.36295e-07
