1.26126e-06 6.22677e-07
3.92241e-07 -1.84791e-07
-2.55317e-07 -4.27313e-07
5.74897e-07 -6.5324e-07
5.40102e-07 4.5885e-07
4.28652e-07 -2.40099e-07
1.34979e-06 -6.57087e-07
5.72748e-07 -4.10003e-07
1.37428e-06 -3.30892e-07
-6.19572e-07 4.5721e-07
1.27807e-06 3.90995e-07
2.74927e-07 5.79919e-07
-5.24283e-07 -3.50309e-07
-3.63591e-07 2.0778e-07
-1.04176e-06 3.74117e-07
-9.6133e-07 2.43984e-07
-1.0051e-06 3.91036e-07
5.22805e-07 1.79109e-07
-8.01481e-08 -5.66466e-07
-7.09792e-08 -5.06366e-07
2.4786e-08 -3.12506e-07
5.01199e-09 3.4632e-07
-6.34511e-07 4.98197e-07
-1.74593e-07 -5.76986e-07
-1.00331e-06 -6.79599e-07
-6.76956e-07 3.49624e-08
6.99139e-07 1.88491e-07
3.55623e-07 -5.22361e-07
1.09062e-06 -6.65918e-07
5.9855e-07 -6.37309e-08
-8.81582e-07 5.65723e-07
-5.37325e-07 -3.46396e-08
7.22086e-07 -6.9687e-07
-7.4288e-07 1.33386e-07
-1.00953e-06 -1.53458e-08
5.39378e-07 -6.98691e-08
7.18848e-07 3.45138e-07
1.08735e-06 3.20086e-07
6.84765e-08 5.35674e-07
-1.31984e-06 -3.62914e-07
1.06052e-06 -4.88038e-07
8.37526e-07 -1.20788e-07
-1.94975e-07 -6.2228e-07
-9.89824e-08 8.195e-08
-9.34292e-07 2.22257e-07
2.32683e-07 -6.23202e-07
1.01598e-06 1.49847e-07
9.41755e-08 3.44806e-07
7.45442e-07 4.38408e-07
-1.32877e-06 3.77992e-07
-1.11904e-06 2.8854e-07
-1.01803e-07 -5.6437e-07
1.30942e-06 2.11322e-07
-6.50529e-07 -5.13954e-07
-2.31618e-07 4.07122e-08
7.88753e-07 4.46297e-07
9.80603e-07 -4.58409e-07
-1.07834e-06 5.27852e-07
-1.31705e-06 6.73274e-07
-6.71813e-07 -6.9517e-07
5.4577e-07 1.59954e-07
6.89962e-07 -4.81973e-07
-5.86437e-07 2.16675e-07
-1.86069e-07 -5.14893e-07
-1.06455e-06 6.49845e-07
1.36286e-06 -3.46677e-07
1.22164e-06 1.2442e-07
1.23707e-06 -6.51101e-07
1.19723e-06 6.19353e-07
-9.13452e-07 -6.97982e-07
8.84534e-09 -3.20798e-07
1.07828e-06 1.4654e-07
7.02811e-07 -6.33324e-08
-4.17674e-07 -5.51916e-07
5.97067e-07 2.74674e-07
4.08262e-07 -5.45811e-07
-1.01039e-06 -4.07838e-07
8.5123e-07 3.59532e-07
4.7801e-07 -3.2991e-07
6.30756e-07 -6.32417e-07
1.04432e-06 -1.57036e-07
-9.24457e-09 6.47574e-07
-6.86889e-07 -2.84394e-07
1.0946e-06 4.71621e-07
1.37683e-06 4.5761e-07
3.57206e-07 -7.66251e-08
-5.7266e-07 -3.0028e-07
-1.2651e-06 -6.60087e-07
1.17566e-06 -5.65402e-07
-8.85546e-08 1.23171e-07
-1.20865e-06 -1.78411e-07
-8.92468e-08 4.0023e-07
-3.03454e-07 2.47258e-07
-1.37669e-06 -5.68191e-07
3.31909e-07 -6.99465e-07
5.57408e-07 5.53103e-07
-7.04812e-07 2.19718e-07
-1.8179e-07 -3.38324e-07
9.51628e-07 -5.364e-07
-1.5759e-07 -1.59502e-07
1.14208e-06 -7.25069e-08
-8.07493e-07 2.79042e-07
1.1004e-06 4.26422e-07
-4.59191e-07 -2.86095e-07
-5.40006e-07 -4.53827e-08
1.33486e-06 3.00202e-07
1.34707e-06 -5.80611e-07
1.13668e-06 5.1766e-07
-9.48104e-07 -4.20541e-07
9.92369e-07 -4.4422e-07
9.07689e-07 -2.76266e-07
-1.10066e-06 -4.02613e-07
-6.27957e-07 5.8709e-07
6.15308e-07 2.50965e-07
-6.29865e-07 6.93533e-07
9.66369e-07 6.28721e-07
1.21029e-06 1.77886e-07
8.17027e-07 -3.3568e-07
-1.30205e-06 6.02064e-07
6.65254e-07 9.45795e-08
-4.51524e-07 -1.71097e-07
-1.05238e-07 2.64028e-08
1.10113e-06 3.50702e-07
5.51081e-07 -9.14669e-08
1.12308e-06 1.22247e-07
1.26574e-06 4.45829e-07
-1.29945e-07 3.5137e-07
1.23448e-06 -5.58449e-07
-1.42327e-07 3.18021e-07
-1.38387e-06 5.56535e-07
7.1486e-07 -5.16771e-07
-6.45812e-07 -5.65056e-07
1.21694e-06 -1.60717e-07
-7.89211e-07 -2.75309e-07
9.20308e-07 -4.73365e-07
1.11982e-06 3.2611e-07
1.19823e-06 5.94196e-07
2.06204e-07 -6.05689e-07
1.84831e-07 2.61167e-07
1.4492e-06 1.25038e-08
4.44386e-07 -1.4937e-07
1.19169e-06 -5.05794e-07
7.21577e-07 1.08407e-07
-4.87237e-07 2.0011e-07
1.04809e-06 -4.98698e-07
3.09447e-07 -3.15418e-07
3.13389e-08 3.3242e-07
4.00256e-07 -4.35426e-07
1.11014e-06 -6.41016e-08
1.60484e-07 3.60041e-07
3.77482e-07 -5.95254e-07
6.61172e-07 5.82218e-07
3.50154e-07 3.82815e-07
-1.05926e-06 -2.44644e-07
-1.10616e-06 -1.31457e-07
-2.74268e-07 4.26502e-07
3.33347e-09 6.28755e-07
-9.42184e-08 6.0841e-07
-5.62689e-07 -6.92103e-07
1.03804e-06 -6.10057e-07
6.78223e-07 -9.08165e-08
-4.70801e-07 -3.76614e-07
-1.11822e-06 -1.03327e-07
-1.18727e-07 -5.24623e-07
-1.22129e-06 2.80054e-07
4.58452e-07 3.60416e-07
-2.24884e-07 5.19877e-07
1.05693e-06 7.89513e-08
1.34381e-06 -3.25961e-07
7.35175e-07 -4.74886e-07
-1.18427e-06 -5.25939e-07
6.89122e-07 1.14205e-07
8.57479e-07 6.83659e-07
4.30341e-07 -1.72399e-07
5.20423e-07 -1.35275e-07
1.04913e-06 2.43006e-07
-1.05552e-06 -4.36245e-07
1.21514e-06 -3.63347e-07
-8.4807e-07 3.81897e-07
1.13045e-06 -2.37894e-07
6.65981e-09 3.81369e-07
9.4143e-08 -2.11474e-07
6.60199e-07 4.64269e-07
1.31683e-06 2.47851e-07
1.26732e-06 -4.32231e-08
3.95773e-07 4.02366e-07
-1.10089e-06 -4.31391e-07
-6.5795e-07 -1.33849e-07
1.20193e-06 6.1787e-07
1.42157e-06 1.2263e-07
-5.73982e-08 1.2562e-08
-1.34389e-06 -5.52341e-07
-6.6092e-07 2.70305e-07
-2.76187e-08 -1.55201e-07
-4.17147e-07 2.27612e-07
8.08515e-07 1.32102e-07
-7.89951e-07 6.85799e-08
-6.17498e-07 -3.47364e-07
-1.23061e-06 5.48359e-07
-6.70355e-07 -9.38025e-08
1.22079e-06 -6.91461e-07
1.60287e-07 5.93091e-07
-4.45709e-07 -1.68959e-07
-1.14612e-06 -6.08004e-07
-1.1565e-06 5.1972e-07
-1.32677e-06 -4.74547e-07
-6.42239e-07 -3.49526e-07
-8.60914e-07 -5.94243e-07
2.52722e-07 -1.74052e-07
-2.11116e-07 4.30336e-07
-6.58534e-07 4.83521e-07
-4.83599e-07 -6.28122e-07
1.24427e-06 6.85154e-07
4.85075e-07 1.34876e-07
-1.72825e-07 6.63133e-07
1.42564e-06 -4.25767e-07
2.5328e-07 -3.77406e-07
-8.99733e-07 -3.60663e-07
-9.33198e-07 2.95768e-07
1.4463e-06 1.42126e-07
1.05657e-06 -5.76774e-07
3.79722e-07 6.75095e-07
1.2315e-06 -2.89721e-07
-1.14154e-06 9.91326e-08
1.01416e-06 4.46709e-07
-1.35526e-06 -4.3304e-07
4.36811e-07 6.83479e-07
1.31992e-06 1.52767e-07
-6.36434e-07 4.69303e-07
1.12521e-06 5.962e-07
9.56704e-07 -5.39207e-07
-1.16599e-07 4.1437e-07
3.68046e-07 -8.36435e-08
-2.8019e-07 6.65514e-07
6.50147e-07 1.75573e-07
-2.83821e-07 -2.90771e-07
6.46071e-07 -4.96804e-08
-1.00064e-06 2.33851e-07
1.48683e-07 2.64299e-07
1.22193e-08 -2.08141e-07
-1.80932e-07 -2.90166e-07
-5.71474e-07 6.76508e-07
-1.43551e-06 -6.88742e-07
1.34519e-06 6.98281e-07
-4.30006e-07 -5.51993e-07
-1.43983e-06 2.50612e-07
-7.60742e-07 -4.13601e-07
7.08164e-07 2.39493e-07
1.00208e-06 -6.47241e-07
1.00921e-06 -2.9464e-07
-4.03906e-07 -5.56731e-07
-2.48824e-07 -3.38229e-07
6.29486e-08 -2.3546e-07
-2.31345e-07 3.05475e-07
2.67114e-07 6.73302e-07
3.52231e-07 -1.65419e-07
-2.87765e-07 -3.04374e-07
8.22491e-07 1.56259e-08
1.44857e-08 -6.33469e-07
-6.15816e-07 3.48622e-07
-1.02104e-06 6.19529e-07
9.26949e-07 -6.06353e-07
2.06409e-07 -3.12192e-07
2.65525e-07 -3.86866e-07
1.66054e-08 -5.57265e-07
2.5585e-07 -5.48731e-07
4.11462e-07 -3.97745e-07
-1.83663e-07 2.04313e-07
-2.24487e-07 -2.08368e-07
-1.03959e-07 -1.38068e-07
7.08226e-07 -2.89139e-07
-1.04336e-06 -2.10718e-07
8.99413e-07 -5.43511e-07
1.07282e-07 3.8947e-07
-4.49823e-07 -1.49055e-07
5.43092e-07 6.02286e-07
3.89308e-07 3.53606e-07
-4.30937e-07 9.49392e-08
-6.68507e-08 4.11931e-07
-3.738e-07 -4.98298e-07
1.08282e-06 -2.66046e-07
-6.66715e-08 -6.13315e-07
-1.14128e-06 -6.4936e-07
-4.99152e-07 -6.79893e-07
-1.18436e-06 1.40787e-08
1.4367e-06 2.12926e-07
-4.11155e-07 -1.28745e-07
-2.43534e-07 9.63874e-09
1.43236e-06 -2.90337e-07
-8.38966e-07 -6.98157e-07
9.98423e-07 -6.04669e-07
-7.93802e-07 3.27604e-07
2.46028e-07 1.20289e-07
1.4499e-06 9.42804e-08
1.43409e-06 -5.13581e-07
2.51863e-07 5.57515e-07
1.09756e-06 -2.27834e-07
-2.32815e-07 1.93695e-07
5.6452e-07 -1.73281e-07
-3.46135e-07 -2.92403e-07
6.7365e-07 1.97789e-07
1.02284e-06 4.91884e-07
-7.20231e-07 6.34818e-08
-1.44019e-06 -3.52908e-07
-1.11818e-07 1.41301e-07
9.03987e-07 -2.69758e-07
-1.48281e-08 2.79112e-07
1.44083e-06 -2.49788e-07
1.25798e-06 -5.27158e-07
-8.93191e-07 -3.63928e-07
4.17895e-07 3.82701e-07
1.08388e-06 2.78566e-07
-1.35041e-06 6.31194e-07
9.08565e-07 -6.23785e-08
-7.91051e-07 2.08519e-07
1.12665e-06 3.58644e-07
-1.20704e-06 1.88722e-07
-3.24852e-07 5.60917e-07
1.41026e-06 -5.99497e-09
-1.04474e-06 4.74318e-07
2.57245e-07 5.48591e-07
-2.01927e-07 6.53938e-08
-1.11317e-06 2.55432e-07
-1.24977e-06 -2.07526e-07
1.41013e-06 -3.87816e-07
4.66837e-07 -1.7291e-07
-8.22279e-07 -4.83856e-07
1.15886e-06 3.28479e-07
3.20885e-07 6.68213e-07
1.42397e-06 4.74948e-08
-1.3935e-06 -5.70312e-07
7.92913e-07 -3.49141e-07
-1.22832e-06 1.02183e-07
-5.34826e-07 2.1634e-08
5.246e-07 6.18406e-07
1.40434e-06 -2.33679e-07
1.39879e-06 -5.52534e-07
8.52034e-07 3.50089e-07
-9.83785e-07 6.85421e-07
-3.46349e-07 6.21533e-08
9.21074e-07 1.03995e-07
3.44588e-07 -4.09829e-07
-6.15493e-07 -2.6563e-07
-6.21207e-07 -5.5255e-08
1.21272e-06 -6.08912e-07
4.19516e-07 -4.15933e-07
-7.73686e-07 1.76767e-07
1.18263e-07 -6.08016e-07
8.14901e-07 -7.80225e-08
1.19803e-06 4.46808e-07
-2.8479e-07 -6.13523e-07
-1.38981e-06 -1.03695e-07
1.0781e-06 5.94256e-07
1.00058e-06 1.69572e-07
1.06266e-06 -1.6804e-07
-1.0024e-06 4.08415e-07
-3.43032e-07 -2.33903e-07
1.56347e-07 -3.41752e-07
5.64498e-07 -2.86524e-07
-5.09186e-07 1.29046e-07
-1.15711e-06 1.17241e-07
1.20148e-06 4.71555e-07
-8.52218e-07 -4.2861e-07
-7.5827e-07 5.08288e-07
9.32479e-08 1.29502e-07
6.60357e-07 3.08117e-07
5.12124e-07 -2.21341e-07
1.24878e-06 -5.82541e-08
8.68867e-07 -5.47772e-07
8.53068e-07 1.97915e-08
-1.15664e-06 3.10692e-07
-6.03306e-07 6.70236e-07
-1.14648e-06 -2.27935e-07
6.42457e-07 -2.5706e-07
-9.8959e-07 -1.71853e-07
-2.44974e-07 -3.74415e-07
1.35745e-06 4.75581e-07
7.48031e-07 5.86721e-07
-8.41254e-08 -1.63552e-07
-5.62412e-07 2.87732e-07
-4.39347e-07 -6.02361e-07
-1.67064e-07 3.33924e-07
-6.54598e-07 3.66604e-07
-8.72431e-08 5.80046e-07
1.44048e-06 -6.18548e-08
7.3086e-07 1.98669e-07
6.13648e-07 4.9547e-07
-1.11279e-06 -3.65107e-07
1.10823e-06 -4.51167e-07
1.14463e-06 -3.77831e-07
1.92067e-07 4.79714e-07
-8.30724e-07 3.19796e-08
-1.44938e-06 -5.98273e-07
1.22602e-06 5.01567e-07
-1.18907e-07 4.40427e-07
-1.19834e-06 -3.62357e-07
4.33547e-07 -6.86436e-07
1.44066e-06 -5.96737e-07
-1.26047e-06 -1.38106e-07
1.10618e-06 6.51123e-07
-4.32999e-07 -3.16353e-08
-1.12099e-08 2.88579e-07
4.26712e-07 -2.54369e-08
2.63145e-07 -5.62085e-07
1.18781e-06 4.90522e-07
-5.42215e-07 -6.90314e-08
7.46433e-07 6.91655e-07
-9.16942e-07 6.64645e-07
6.64531e-07 4.96043e-07
1.13701e-06 4.16432e-07
-1.00408e-06 -2.95177e-08
5.49644e-07 2.45763e-07
1.0314e-06 -4.39305e-07
-4.06783e-07 -6.89115e-07
4.77844e-07 3.39953e-07
-3.48972e-07 -1.44273e-07
-2.14786e-07 6.87295e-07
1.37185e-06 4.68071e-07
-8.37375e-07 4.7538e-07
-1.40902e-06 3.64991e-07
-1.24833e-06 -6.24489e-07
-4.29617e-07 1.66519e-08
1.14569e-06 3.34289e-07
1.34649e-06 -6.55024e-07
-1.37054e-06 5.99836e-07
9.81694e-08 -9.49822e-08
1.19127e-06 5.04763e-07
1.26235e-06 -5.59894e-08
-3.0156e-07 -2.99926e-07
-4.48228e-07 -3.68864e-07
-2.76737e-07 3.26678e-07
-6.63796e-07 -6.83024e-07
3.54134e-09 -9.61633e-10
-3.37944e-07 -2.81727e-07
1.1396e-06 -5.24166e-07
-1.16849e-06 6.80962e-07
-8.77475e-07 -1.94737e-07
-8.43364e-07 2.78389e-07
8.61235e-07 5.67816e-07
-1.14179e-06 -3.51253e-07
-5.09616e-07 5.66384e-07
4.41077e-07 -5.82112e-08
2.48431e-07 -5.13203e-07
9.40658e-07 1.21611e-07
1.12152e-06 -5.57084e-07
1.03837e-06 4.44714e-07
-1.38972e-06 -6.60988e-07
7.02566e-07 -6.4768e-07
9.5431e-07 -3.63086e-07
-3.28434e-07 6.92193e-07
3.80909e-07 -6.29334e-07
7.85671e-07 -4.77512e-08
-1.09003e-06 -9.94724e-08
4.43392e-07 -2.69737e-07
-7.92465e-07 -3.75626e-07
1.33514e-06 -3.67019e-07
-1.39254e-06 1.24755e-07
1.23525e-06 -5.66775e-07
7.16509e-07 6.72301e-07
-1.28342e-06 1.77893e-07
-3.68734e-07 -2.17869e-07
1.04785e-06 3.60295e-07
3.64224e-07 1.12074e-08
-1.32745e-06 3.67738e-07
-7.90825e-07 -2.82442e-07
6.58909e-07 -4.82124e-07
-1.10589e-06 5.37236e-07
1.02191e-06 -1.67797e-07
9.95922e-07 -3.37824e-07
-9.94531e-07 4.23098e-07
9.97004e-07 -2.39184e-07
6.29378e-07 -2.89317e-07
-1.02565e-06 5.14184e-07
6.84516e-07 -1.70096e-07
7.66635e-08 2.36761e-07
2.88345e-07 -2.28996e-07
-8.36962e-07 2.96315e-07
3.92731e-08 -6.51914e-07
-1.16358e-06 4.55572e-07
-8.51871e-07 -3.22035e-07
-1.09573e-06 -8.15582e-08
7.56956e-07 5.48052e-07
-1.38786e-06 -6.67212e-07
-6.16819e-07 3.35273e-07
-1.4206e-06 -1.31307e-07
-9.15238e-07 -1.84104e-07
2.49073e-07 2.99205e-07
-6.67344e-07 6.30796e-07
6.65403e-07 -5.92976e-07
7.43985e-07 3.86221e-07
1.26743e-06 -2.20961e-07
1.32446e-06 1.37298e-07
-1.354e-06 5.08221e-07
-6.02671e-08 -5.53037e-07
1.33932e-07 1.25727e-07
-1.39886e-06 -4.59266e-07
1.43796e-06 6.34201e-07
4.68062e-07 -5.11517e-07
1.69739e-07 -3.84837e-08
8.15599e-08 3.69317e-07
-1.01671e-07 -3.63879e-08
7.36725e-07 -2.11675e-07
1.29322e-06 -5.42353e-07
1.44347e-06 4.29214e-07
-2.5272e-07 -6.21977e-07
9.05026e-07 -2.65787e-07
6.08373e-07 3.3829e-07
8.81556e-07 3.19011e-07
3.85795e-07 4.58682e-08
-6.27627e-07 -3.6443e-07
1.25718e-06 -3.84675e-07
-8.88644e-07 1.2929e-07
4.11513e-07 -5.89296e-07
1.19286e-06 2.2843e-07
-7.91882e-07 4.75871e-07
-3.52275e-07 3.1392e-07
-8.41918e-07 -5.09747e-07
1.38986e-06 -5.88588e-07
-1.28919e-06 6.22826e-07
-8.42806e-07 -4.87681e-07
-1.26227e-07 5.2737e-07
-7.57108e-07 -4.619e-07
6.51117e-08 -2.05448e-07
1.07733e-06 6.62839e-07
3.31665e-07 -4.8245e-07
6.22285e-07 -2.55519e-07
5.3385e-07 1.39013e-07
-4.6202e-07 6.1625e-07
-1.13994e-06 5.57268e-07
7.18165e-07 -4.90559e-07
-8.88325e-07 5.55862e-07
-6.6022e-07 -2.76513e-07
2.86312e-07 -1.97803e-09
-7.48567e-07 -2.53457e-07
1.05009e-06 -8.36241e-08
3.51198e-09 -8.34456e-08
1.24082e-06 6.55629e-07
7.77409e-07 2.15186e-07
-1.12709e-06 -2.3876e-07
1.22155e-06 4.67691e-08
-3.67919e-07 -8.78314e-08
4.82876e-07 1.61838e-07
-1.15558e-06 6.04093e-07
-8.76476e-07 3.64906e-07
1.33005e-06 1.65818e-07
-7.94499e-08 -2.24728e-07
-5.2791e-07 3.32866e-07
1.20559e-06 -6.01147e-07
1.45046e-07 -6.73508e-09
1.0461e-06 4.03333e-07
-8.50201e-07 -5.82744e-07
2.91926e-09 -1.14547e-07
-1.20096e-06 2.07647e-07
1.17725e-07 1.38444e-07
-7.60969e-07 -3.57751e-07
-6.90354e-07 -6.59534e-07
-1.37505e-06 3.66699e-07
-2.05572e-07 -4.94276e-07
-1.21353e-06 -1.09986e-07
-2.13205e-07 -4.12913e-07
-6.40762e-07 2.21073e-07
8.29961e-07 -2.9266e-07
5.7697e-07 -5.29234e-07
-3.0405e-07 3.6952e-09
5.63488e-07 2.46277e-07
6.37475e-07 2.34118e-08
-6.29565e-07 4.31643e-07
1.21132e-06 6.00678e-07
-1.37516e-06 5.30948e-07
-5.60488e-07 3.94592e-07
-5.74477e-08 5.53509e-08
-9.57828e-07 -1.65882e-07
2.31566e-07 5.88588e-07
8.42526e-07 4.67028e-07
1.19176e-06 -6.94297e-07
-4.56154e-07 -4.58093e-07
8.56003e-07 -2.56683e-08
9.60306e-07 -5.25466e-07
2.97353e-08 6.55596e-07
8.7298e-07 1.67573e-07
-1.32914e-06 -1.51972e-07
-9.36175e-07 5.99719e-07
-2.79138e-07 2.93557e-07
9.85161e-07 -5.22365e-07
1.71741e-07 1.92133e-07
1.40248e-06 -1.55768e-07
-1.43379e-06 6.1299e-07
-4.00608e-07 -3.43864e-07
-7.89808e-07 -1.00225e-07
-1.13783e-06 -1.30951e-07
2.72269e-07 -6.64657e-07
1.97982e-07 -3.4248e-07
5.58153e-07 -4.62833e-07
6.24797e-07 1.56383e-07
-1.43097e-06 -1.15176e-07
3.94469e-08 -2.76954e-07
-4.793e-08 5.99944e-07
-1.33182e-06 1.94501e-07
1.12442e-06 2.58181e-07
-3.58045e-07 5.83985e-07
-1.05933e-06 6.83965e-07
8.89781e-07 -5.36833e-07
-2.10841e-07 -5.7929e-07
9.39314e-07 3.01431e-07
-6.2885e-07 -4.2588e-07
-8.02875e-08 2.05559e-07
-1.29697e-06 1.40937e-07
3.98664e-10 3.64088e-07
-1.09456e-06 5.29445e-08
1.34098e-06 4.8512e-08
-4.40866e-07 4.9243e-07
-6.12132e-07 -5.08649e-07
-1.14935e-06 2.83385e-07
-5.91711e-07 -6.88074e-07
-1.35357e-06 9.04514e-08
2.79342e-07 -2.04944e-07
1.22569e-06 -6.63909e-07
-9.62111e-07 -2.88797e-07
-1.05907e-06 -6.40659e-08
6.79066e-07 1.73354e-07
-1.43168e-06 6.44422e-08
7.96436e-08 1.68272e-07
-4.88922e-07 3.33372e-07
5.45323e-07 -5.56178e-07
1.21e-06 -4.09235e-07
-6.16319e-07 5.67373e-07
1.0589e-06 6.31381e-07
-1.19065e-06 -1.43757e-07
-8.59146e-07 5.09912e-07
-5.01698e-07 2.34481e-07
3.36539e-07 -5.02501e-07
-3.35221e-08 -5.51227e-07
-1.11222e-07 4.47352e-07
-1.44036e-06 -2.96143e-07
-6.40214e-08 2.16309e-07
-4.16181e-07 5.19011e-07
-5.25907e-07 -5.05978e-07
8.67036e-07 -2.34425e-08
-2.65326e-08 -4.43487e-07
2.07344e-07 6.32424e-07
1.23047e-06 -6.72031e-07
6.49598e-07 -6.64666e-07
1.41981e-06 -6.92328e-07
5.23771e-07 -4.51635e-07
-1.32062e-06 -6.80083e-07
-4.12948e-07 -3.10057e-07
-4.36502e-07 -3.00744e-07
1.12664e-06 4.94401e-07
-3.26115e-07 5.64712e-07
8.89163e-07 3.61738e-07
1.04422e-06 -2.9996e-07
-7.76909e-07 1.53077e-07
-1.01565e-06 6.68068e-07
1.18063e-06 -1.64836e-07
-1.19094e-06 -6.31237e-07
1.80965e-07 -5.92816e-07
5.16316e-07 -5.82789e-07
-8.51547e-07 2.13414e-07
3.67237e-07 8.12907e-08
-1.07684e-06 -2.69596e-07
-8.38233e-07 -6.77987e-07
-5.12306e-07 -1.29695e-07
-1.04349e-06 1.37494e-07
5.14433e-07 -1.56196e-07
1.1336e-06 7.7455e-08
4.24108e-07 -2.15332e-07
9.2451e-07 -8.92403e-08
1.44227e-06 8.97636e-08
1.58481e-07 -6.66058e-07
-2.60404e-07 2.17808e-07
5.60927e-07 -3.23982e-07
-1.13432e-07 -5.82167e-07
2.69787e-07 -3.93206e-08
-7.87512e-07 -1.16977e-07
-1.35179e-06 -4.30842e-07
3.69045e-07 -4.9417e-07
-1.00395e-06 3.88665e-07
1.11817e-06 6.96727e-07
4.44659e-07 4.83165e-08
9.2385e-07 -2.96379e-07
-5.44137e-07 -1.26467e-08
-1.31987e-06 -6.28844e-07
1.34467e-06 6.47558e-07
4.36865e-08 -2.9774e-07
-4.95787e-07 -3.74859e-07
-2.45485e-08 -2.36995e-07
7.66715e-07 -5.88216e-07
-2.12354e-07 6.29414e-07
3.02991e-07 -3.524e-07
5.62985e-07 6.88896e-08
-8.99886e-08 2.8844e-07
3.78913e-07 1.18887e-07
2.71364e-07 -5.23324e-07
7.38015e-07 -4.28809e-07
6.45878e-07 4.02439e-07
1.60954e-07 1.67994e-07
2.96925e-07 2.20862e-07
-3.13362e-07 2.36175e-07
2.60743e-07 5.24993e-07
-5.68073e-07 4.39539e-07
-1.2193e-06 -3.52872e-07
5.50554e-07 1.31706e-07
1.13728e-06 1.36566e-07
-8.79003e-07 4.7211e-07
1.61451e-07 -5.22399e-07
3.35793e-07 3.3084e-07
3.30449e-07 -1.69363e-07
1.33672e-06 3.44532e-07
4.19899e-07 4.42157e-07
1.18849e-06 2.18361e-07
1.16681e-06 3.05455e-07
5.92974e-07 -3.38296e-08
1.40403e-06 6.56835e-07
-1.93623e-07 2.68924e-07
5.54285e-07 -5.82264e-07
-7.26611e-07 2.5489e-07
4.85989e-07 -4.79126e-07
-8.79968e-07 -5.90143e-07
1.36014e-06 6.47047e-07
-1.11064e-06 -3.06515e-08
3.16507e-07 -1.60325e-07
1.21126e-07 5.19011e-07
3.29269e-07 7.96129e-08
8.28508e-07 3.5683e-07
-1.09136e-06 -2.60753e-07
1.39096e-06 4.65541e-07
-7.44857e-07 -2.50853e-07
4.91544e-07 1.92382e-07
-1.22e-06 5.50178e-07
-1.01587e-06 2.86097e-07
1.04079e-06 -3.65224e-07
-2.99337e-07 6.37438e-07
4.40819e-07 5.31351e-07
2.35825e-07 -6.21543e-07
1.14934e-06 3.7082e-07
-1.34741e-06 -3.35892e-07
5.70791e-07 1.75421e-07
1.3158e-06 -4.82219e-07
7.50652e-07 -5.40895e-07
2.80877e-07 2.5889e-07
1.25419e-06 4.98441e-07
-1.1987e-06 5.91258e-07
-1.05838e-06 3.05257e-07
-9.81441e-07 2.59959e-07
9.85044e-09 -5.9966e-07
1.26656e-06 5.12427e-07
-5.25327e-07 -3.4101e-07
1.06819e-06 -4.03299e-07
1.35916e-06 -5.63082e-07
-6.48096e-07 4.02273e-07
4.21635e-08 -1.53468e-07
-1.13468e-06 -7.54702e-09
7.15901e-07 2.50883e-07
-1.11897e-06 -5.884e-07
-9.6453e-07 1.63315e-07
-7.6049e-07 -6.71963e-07
1.08827e-06 -2.77389e-07
1.42949e-06 -1.06343e-07
-8.97336e-07 -3.89757e-07
-6.79414e-07 -8.25985e-08
-8.1454e-07 5.06639e-07
-9.33461e-07 6.91775e-07
6.07551e-07 -2.46542e-07
-1.88084e-07 4.08712e-07
8.00685e-07 -5.15412e-07
5.34825e-07 -2.39025e-07
-5.14357e-07 6.78706e-07
-8.03341e-07 2.62305e-07
-8.45807e-07 2.04997e-07
1.1388e-06 -4.51019e-07
-1.08932e-06 3.53253e-08
9.78892e-07 -4.00512e-08
1.08359e-06 -4.13354e-08
6.45313e-07 -8.94116e-08
-2.77569e-07 -5.66887e-07
-2.49497e-07 1.26286e-07
1.39822e-06 4.73006e-07
-9.50316e-07 -6.20413e-07
1.44117e-06 -3.57025e-07
-4.07058e-08 -6.08436e-07
-1.30464e-06 -6.54185e-07
-1.25463e-06 -1.15428e-07
5.18137e-07 -4.93031e-07
-5.08387e-07 1.19981e-07
-9.20749e-07 6.18862e-07
1.42765e-06 -5.77095e-07
8.50943e-07 -4.87635e-07
1.91759e-07 6.8034e-07
7.06791e-07 5.91733e-07
1.3645e-06 -5.71828e-07
1.35965e-06 2.52633e-07
-4.56087e-07 6.4654e-07
-1.73839e-07 4.58444e-07
-1.07945e-07 -3.07516e-07
1.15608e-06 6.7455e-07
-6.3213e-07 -7.29501e-08
1.19269e-07 5.65789e-07
1.0814e-06 -1.35532e-07
-3.78747e-07 1.47263e-07
8.05268e-07 -6.04661e-07
-8.09904e-07 2.15526e-07
-1.38313e-06 -4.00407e-07
1.25564e-06 2.11894e-07
1.08173e-06 5.23097e-07
3.08669e-07 -1.0707e-07
-5.97314e-07 1.52875e-07
8.26908e-07 -3.36216e-07
3.24854e-07 -6.68244e-07
-1.03828e-06 6.8266e-07
-1.12825e-06 -6.99798e-08
9.62153e-07 -5.0691e-08
-1.31526e-06 6.9146e-08
-1.31205e-06 5.57675e-07
-5.82764e-07 1.04242e-07
6.6772e-07 -3.78979e-07
1.24615e-07 -2.01289e-07
1.49859e-07 -6.88018e-07
-1.16643e-07 6.4433e-07
-7.8696e-07 -1.36907e-07
-9.71171e-07 1.67367e-07
-2.07229e-08 4.89664e-07
1.41385e-06 -2.0498e-07
-8.6519e-07 6.76451e-07
-4.05733e-07 -5.66641e-07
1.1464e-06 5.44496e-07
-4.4303e-07 6.23467e-07
-1.17376e-06 -5.43249e-08
1.25053e-07 -5.45639e-07
-9.64731e-07 -3.52529e-07
-3.21188e-08 1.63179e-07
6.92671e-07 5.40705e-07
-6.01332e-08 -1.98307e-07
1.39424e-06 6.58756e-07
2.48117e-08 1.94062e-07
1.23851e-06 5.87579e-07
9.37244e-07 6.45067e-07
3.69423e-07 -1.76161e-07
-9.66343e-07 2.51758e-07
1.2537e-06 4.41141e-08
7.59889e-07 2.43562e-07
1.08321e-06 -3.52192e-07
6.28729e-08 5.73607e-07
6.80349e-07 -5.77832e-08
-1.01017e-06 -4.0635e-07
8.75375e-07 3.20773e-07
-1.3682e-06 -4.13202e-07
5.60279e-07 6.82454e-07
-1.34382e-06 1.62986e-07
-6.9383e-08 1.10197e-07
2.66248e-07 -1.26874e-07
9.75029e-07 2.61045e-07
-3.17789e-07 -3.45033e-07
1.23081e-06 -6.13033e-07
1.02931e-06 -6.59487e-07
-5.0123e-07 4.05771e-07
8.16448e-07 2.44104e-08
7.89401e-07 4.88395e-07
-1.39577e-07 -4.91514e-07
-1.24518e-06 -3.48454e-07
5.231e-07 -6.25731e-07
-5.14169e-07 -6.09576e-07
-1.09353e-06 3.64301e-07
-4.44264e-07 4.79641e-07
-5.58538e-07 1.7612e-07
1.40083e-06 1.40817e-07
8.41433e-07 -4.8611e-07
-1.31525e-06 -2.35703e-07
4.47067e-07 4.7039e-07
-1.18967e-06 -2.79873e-07
1.10357e-06 7.57343e-08
-3.88065e-07 2.46178e-07
2.12661e-07 6.44212e-07
-8.9945e-07 4.41655e-07
-5.33521e-07 4.66116e-07
-1.03421e-06 -5.38415e-07
-9.69709e-08 -7.29425e-08
-7.75036e-08 5.25493e-08
-1.29145e-06 -4.57072e-07
1.49389e-07 3.14546e-07
2.60356e-07 -1.63914e-07
1.24729e-06 1.41897e-07
1.1555e-06 4.64279e-07
7.38622e-07 -4.23929e-07
5.08296e-07 -2.46086e-07
-1.21744e-06 -1.47572e-07
1.25161e-06 5.70009e-07
-1.07319e-06 4.30936e-07
-4.14526e-07 -2.42959e-07
5.11486e-07 5.54065e-07
1.31336e-06 -2.94809e-07
1.22943e-06 5.43769e-07
1.18841e-06 -2.07994e-07
9.1348e-07 -4.83727e-07
-1.65488e-07 5.9767e-07
-1.16528e-06 2.10907e-07
-3.29048e-07 3.99737e-07
3.31177e-07 -6.79595e-07
7.97369e-07 1.31755e-09
-1.22925e-06 5.36526e-07
-9.11177e-07 4.73123e-07
1.41411e-07 5.48796e-08
-1.44596e-06 -2.29973e-07
1.17457e-06 -1.17586e-08
-1.24858e-06 -5.46618e-07
-2.72879e-07 -2.28716e-07
8.89883e-07 -2.16751e-07
1.38718e-06 -5.82433e-07
8.5333e-08 6.8078e-07
-1.0066e-07 -2.23104e-07
-1.06469e-06 -2.60543e-07
3.4881e-07 6.23864e-07
-1.8238e-07 -5.57306e-07
1.27945e-06 5.73821e-07
1.15543e-06 5.66387e-07
-4.81426e-07 -5.86666e-07
8.56332e-07 1.23909e-07
8.57585e-07 6.75653e-08
2.55065e-07 -8.11578e-08
5.73294e-07 -3.53253e-07
1.40045e-06 -3.87203e-07
-1.09472e-06 -2.96694e-07
1.04236e-06 -5.73395e-07
8.82173e-07 6.7469e-07
9.81875e-08 6.02588e-07
-5.62924e-07 -4.21754e-07
-1.24109e-06 3.39526e-07
-1.14398e-06 -6.73686e-07
9.47433e-07 -2.13296e-07
5.82665e-07 -2.99912e-07
5.27006e-07 6.83103e-07
5.76588e-07 2.97002e-07
4.46481e-07 5.28064e-07
-1.00978e-06 4.08547e-07
1.21871e-07 -5.93644e-07
1.16914e-06 3.85926e-07
5.91788e-07 3.41029e-07
1.31811e-06 6.26584e-07
-1.3932e-06 2.67598e-08
1.39466e-06 1.84746e-07
6.80322e-07 -1.86369e-07
-1.07142e-06 -2.03545e-07
3.70662e-07 5.95677e-07
-6.35035e-07 -1.01293e-07
1.57327e-07 6.34849e-08
7.97035e-07 4.46755e-07
1.09843e-06 -1.28065e-07
1.22574e-06 -6.82442e-07
9.05554e-07 -6.63804e-07
-8.55799e-08 -6.78878e-07
1.1873e-06 -3.81583e-07
-5.76212e-07 -5.21881e-07
5.61773e-07 3.03483e-07
3.14285e-07 6.40095e-07
3.86899e-07 1.50851e-07
-3.02969e-07 -2.55662e-07
7.22643e-07 -7.18663e-08
-5.02759e-07 2.13902e-07
-1.96566e-07 -4.69874e-07
-1.00815e-07 3.60343e-07
-2.98069e-08 4.98246e-07
1.16558e-06 6.34902e-07
-9.80921e-07 -1.14712e-07
6.58817e-07 2.7801e-07
-8.83829e-07 -1.04082e-07
-1.00117e-07 -6.06692e-07
1.0619e-06 1.98213e-07
2.10691e-08 -5.74216e-07
1.99295e-07 1.92232e-08
-1.35125e-06 -2.16542e-07
-1.02521e-06 -6.13365e-08
1.14746e-06 2.28377e-09
-6.51673e-07 -5.1845e-07
-7.11498e-07 -1.15452e-07
-1.04676e-06 -9.47421e-08
-1.37881e-07 -1.54784e-07
-5.65012e-08 -2.97731e-07
5.1188e-07 -6.21659e-07
1.31469e-06 4.85456e-07
4.07396e-07 4.55094e-09
-9.8161e-07 3.06687e-07
1.03149e-06 -6.436e-07
-3.68452e-07 6.06438e-07
1.178e-06 -6.64502e-07
-2.54764e-07 -1.59079e-08
5.45537e-07 -6.97225e-07
-9.36038e-07 -2.73673e-07
-7.14099e-07 6.69084e-07
2.35091e-07 1.09457e-08
-7.41861e-07 -3.7834e-07
-1.79394e-07 -4.55191e-07
-6.81312e-08 -6.08698e-07
-2.72924e-07 -1.18585e-07
-1.18202e-06 3.66077e-08
1.28296e-06 -3.441e-07
-3.53169e-07 -6.13755e-07
5.06079e-07 -6.84658e-07
3.75706e-07 2.5128e-07
-7.43687e-07 -3.29624e-07
1.21763e-06 -2.12493e-07
-1.08855e-06 2.22497e-07
-5.55222e-07 -4.42338e-07
1.03399e-06 -1.30966e-07
7.38546e-07 3.24804e-07
5.82062e-08 -5.27821e-07
8.2583e-07 -2.49958e-07
-1.27265e-06 4.69072e-08
-6.84116e-07 6.20925e-07
-9.38366e-07 -5.48403e-07
-1.02579e-06 1.81656e-07
-4.26638e-07 -3.56532e-07
-1.01786e-06 3.78335e-07
-4.04761e-07 -3.02188e-07
3.76551e-07 -4.91736e-07
-1.40594e-06 -5.71232e-07
-1.91624e-07 2.29611e-07
-1.2357e-06 3.77205e-07
1.20008e-06 -1.35065e-07
-8.16285e-07 5.7086e-07
-5.94191e-07 -2.3455e-07
9.86481e-07 2.52759e-07
-5.68741e-07 1.86467e-07
8.73152e-07 -6.25755e-07
-9.74293e-07 -2.33246e-07
8.10726e-07 -6.05339e-07
6.02267e-07 2.78477e-07
1.33491e-06 -6.47931e-07
2.9795e-07 -5.04846e-07
1.91328e-07 2.85794e-07
5.40207e-08 6.15634e-09
-1.65615e-07 -1.79387e-07
-1.97064e-08 -2.16478e-07
-7.93782e-07 3.60399e-07
5.49834e-07 6.28939e-07
8.22685e-07 -4.67861e-07
9.56467e-07 -5.48765e-07
-1.04814e-06 4.40296e-07
-9.80724e-07 4.05829e-07
1.16569e-06 5.45885e-07
-1.15772e-06 2.21351e-07
8.68112e-07 -6.07294e-07
1.03293e-06 2.31513e-07
1.09084e-06 -6.92415e-07
-8.20755e-07 -1.04827e-08
1.0344e-06 4.97556e-07
-1.34721e-06 1.83745e-07
-9.1188e-07 -4.4268e-07
1.28068e-06 1.90906e-07
2.75403e-07 -3.61932e-07
-5.85284e-09 -2.35265e-07
1.29469e-06 -5.28757e-07
7.94994e-08 -5.13728e-07
1.02785e-06 2.15032e-07
-2.21538e-07 6.8789e-07
-1.26972e-06 4.6816e-07
1.1938e-06 -3.39166e-07
-5.54354e-07 -1.42475e-07
-1.44964e-06 -3.96484e-07
1.01967e-06 6.34755e-07
6.41292e-07 -4.88618e-08
-7.18708e-07 5.82351e-07
-2.60145e-07 2.33196e-08
-2.28041e-07 -4.27169e-07
1.14491e-06 2.16394e-07
6.50354e-07 3.25131e-07
-1.21453e-06 5.18317e-07
-1.39758e-06 3.88587e-07
8.65431e-07 -3.98227e-07
9.97062e-07 -2.76349e-07
-7.50425e-07 -6.43486e-07
-1.26218e-06 -3.06347e-07
1.65545e-07 -1.02964e-07
1.12864e-06 5.75147e-07
1.85007e-07 2.77708e-07
-3.49559e-07 1.07938e-08
-6.24317e-07 -5.34555e-07
3.91489e-07 2.4215e-07
2.35108e-07 -6.96101e-07
6.06613e-07 -3.6293e-07
1.2384e-06 -2.35797e-07
1.232e-06 -9.00587e-08
1.35951e-07 4.71519e-07
4.37871e-07 3.79985e-07
-1.1843e-06 -6.11977e-07
4.44519e-08 2.18724e-07
1.21644e-06 -9.56937e-08
8.59038e-07 -4.46881e-07
1.32238e-06 -1.80863e-07
-6.46941e-07 2.70373e-07
-1.09339e-06 5.36132e-07
-3.22832e-07 3.11029e-07
1.2282e-06 4.03157e-07
-1.37771e-06 -6.12408e-07
7.51127e-07 -5.9688e-07
-3.30556e-07 -1.01881e-07
-1.36726e-06 -1.23218e-08
-1.33967e-06 -6.3287e-07
-2.39652e-07 2.32999e-07
-6.44608e-07 1.15534e-07
1.17668e-06 -6.24445e-08
4.3102e-07 6.16135e-07
-3.74054e-07 -4.155e-07
-3.27562e-07 -4.04422e-07
-2.6452e-07 -1.69827e-07
-2.94712e-07 1.50442e-07
-7.97823e-07 -4.85213e-07
5.04971e-07 -3.06995e-07
-6.42904e-07 5.49815e-07
4.84828e-07 2.26661e-07
9.47421e-07 -1.41278e-07
-3.76003e-07 5.13633e-07
1.24417e-06 -3.44376e-08
-6.4463e-07 -3.3186e-07
-8.8853e-07 6.61853e-07
7.57362e-07 -3.70196e-07
9.12264e-07 -3.24804e-07
2.30305e-07 -3.47095e-07
-3.99308e-07 -5.60375e-07
1.36828e-06 -3.95341e-07
-5.60575e-07 -6.0988e-07
-1.36021e-06 4.17694e-07
-1.41769e-06 -6.89965e-07
1.05811e-07 -6.33184e-08
-4.81084e-08 2.32239e-07
-1.42388e-07 6.4245e-07
7.81192e-07 2.58372e-07
-1.23871e-06 5.31057e-07
-9.22433e-07 6.14573e-07
-2.63367e-07 -6.52347e-08
-1.40705e-06 -1.6058e-07
4.46594e-07 5.87799e-07
-4.1256e-07 -5.57543e-07
9.8834e-07 -2.55665e-08
7.96582e-07 4.23445e-07
5.83317e-07 -1.77514e-07
-4.29176e-07 -3.90515e-07
5.96937e-07 5.46781e-07
-1.1825e-06 -4.90257e-07
4.45324e-07 2.97698e-07
1.35369e-06 -1.50532e-07
9.80076e-07 9.33148e-09
1.17438e-06 6.8338e-08
-1.41191e-06 -1.6174e-07
-7.27674e-07 -2.39767e-07
1.01627e-06 -2.80282e-07
1.31705e-06 -6.51311e-07
-1.13796e-06 6.78561e-08
7.07774e-07 -2.87649e-07
-4.87887e-07 -2.80255e-07
-7.99265e-07 3.47443e-07
-1.09052e-06 2.93179e-07
-1.29718e-06 5.15959e-07
8.44409e-07 -5.37861e-07
-1.19595e-06 1.18528e-07
1.33828e-07 3.3033e-07
-1.22364e-06 1.87847e-08
1.18752e-06 -4.27258e-07
-2.54996e-07 -1.20384e-07
3.65552e-07 -4.44097e-07
1.02532e-06 2.7719e-07
5.66497e-07 -2.2169e-07
-5.8741e-07 -1.45674e-07
1.33625e-06 -4.96268e-07
8.56775e-07 -2.26768e-07
1.23e-06 3.18283e-08
-1.38756e-06 7.43336e-09
9.26227e-07 -5.63873e-08
9.06807e-07 -1.25028e-07
-6.06668e-07 6.95849e-07
-3.67257e-07 4.07867e-07
1.19934e-06 3.4938e-07
1.06239e-06 -1.15228e-07
8.50448e-07 -5.97099e-07
8.01535e-07 -6.47228e-07
-3.12215e-07 -2.57116e-07
1.25491e-06 -5.48511e-07
9.85005e-07 2.08399e-07
-1.18511e-06 6.54775e-07
-9.18538e-07 5.98248e-07
-1.31786e-06 -5.66628e-07
-1.29637e-06 -2.41949e-07
8.53459e-07 5.41813e-07
1.00088e-06 6.09395e-07
5.75984e-07 6.60088e-07
-3.20744e-07 6.42739e-07
4.29214e-07 -5.93569e-07
2.16489e-07 -2.37914e-08
-1.08745e-06 3.79288e-08
1.12501e-06 -1.043e-07
-1.55742e-07 -1.68515e-07
-9.12423e-07 -6.27835e-08
-8.21331e-07 -6.46003e-07
8.48673e-07 -5.44291e-07
9.97984e-07 -4.21099e-08
-1.33503e-06 6.2437e-07
1.16154e-06 6.58963e-07
-1.35971e-06 -4.0653e-07
-1.05297e-06 -1.62873e-07
5.13991e-07 4.89143e-07
-1.28903e-06 1.0573e-07
2.29038e-07 3.79789e-07
-1.37718e-07 -4.01168e-07
9.66667e-07 3.6462e-07
-1.28852e-06 -2.366e-08
9.48532e-08 6.04534e-07
-1.91868e-09 -5.46786e-07
1.22799e-06 6.72326e-07
1.08498e-06 -1.44084e-07
-1.04898e-06 9.41418e-08
4.88198e-07 -4.49796e-07
4.72361e-07 -3.38139e-07
9.03113e-07 5.782e-07
3.61182e-07 -9.48765e-09
-1.44405e-06 -4.29603e-07
-8.66732e-07 5.49769e-08
1.44674e-06 -6.4171e-07
1.29259e-07 -8.23261e-08
1.07701e-07 -2.31671e-07
-1.19891e-06 2.40103e-07
1.39421e-07 -4.00664e-07
-1.67737e-07 6.24823e-07
1.02381e-06 1.14117e-07
-1.08134e-06 -4.30621e-07
2.58472e-07 -4.85522e-07
-8.19563e-07 3.63567e-07
-2.40269e-07 9.76411e-09
5.09886e-07 5.8699e-07
8.3121e-07 -2.73972e-07
7.60662e-07 3.26511e-07
-5.88588e-07 4.19192e-07
-1.09881e-06 -6.46476e-07
-8.70081e-07 -4.85708e-07
7.51012e-07 -4.47067e-07
7.03423e-07 -6.89208e-07
-1.35733e-06 -4.2212e-07
1.76913e-07 -1.61701e-07
-2.73686e-07 5.90085e-07
-4.63344e-07 2.7747e-07
-5.50168e-07 6.24879e-07
-8.27502e-07 -3.59489e-07
3.3656e-07 6.65211e-07
-5.8642e-07 5.02608e-09
-1.02883e-06 -4.96921e-07
-4.6387e-07 5.23933e-07
1.39258e-06 -6.84869e-08
6.52702e-07 6.40026e-07
6.43844e-07 4.49204e-07
-7.01497e-07 5.22672e-07
-4.82358e-07 6.08421e-07
6.24692e-08 -5.53097e-07
-4.72275e-07 2.88749e-07
-3.43557e-07 5.80529e-07
-7.06305e-08 -4.7048e-07
1.18351e-06 6.18886e-07
-1.29938e-06 1.90314e-07
4.51361e-07 -2.61889e-07
-6.92069e-08 3.53168e-07
1.39799e-06 2.93532e-07
-5.41718e-07 6.82344e-07
-5.03538e-07 6.8841e-08
-1.0748e-06 2.36286e-07
1.2769e-06 -5.7152e-07
9.19864e-07 2.0298e-07
2.75492e-07 7.22998e-08
5.22563e-07 -1.76981e-08
4.8606e-07 4.71544e-07
-4.42252e-07 4.79442e-07
1.01547e-06 -1.35665e-07
-5.63573e-08 1.6102e-07
-8.42349e-07 -3.87775e-07
-5.0072e-07 -5.28394e-08
-1.41012e-06 3.96203e-07
-8.66934e-07 -2.70544e-07
1.38166e-06 -5.37606e-07
-1.02079e-06 -3.0413e-08
-1.80533e-07 1.77028e-07
-1.23513e-06 -3.47217e-07
1.28765e-06 -5.21904e-07
3.65256e-07 1.67027e-07
-1.06247e-07 5.08427e-07
-4.45524e-07 -7.34135e-08
8.34342e-07 4.41208e-07
1.01825e-06 2.87642e-07
-8.67565e-07 3.6447e-07
5.08295e-07 -6.92077e-07
-4.14333e-07 5.93943e-07
-1.57423e-07 -6.96882e-07
5.98051e-07 3.09369e-07
6.54289e-07 -2.90261e-07
6.16544e-07 2.82738e-07
1.13006e-06 6.95181e-07
-1.32954e-06 -2.91262e-07
-9.04622e-07 -4.98392e-08
7.95622e-07 -4.83579e-07
1.0182e-06 -4.83869e-07
4.14188e-07 -3.36284e-07
-6.49151e-08 6.42601e-07
-4.76194e-07 -6.35116e-07
3.94656e-07 -3.9334e-07
8.50104e-07 -1.44519e-07
5.85648e-07 -9.60666e-08
-2.33188e-07 4.21292e-07
-8.12767e-07 -1.97532e-07
8.50716e-07 -4.72463e-07
-8.15351e-07 -5.49895e-07
-1.07861e-06 -1.61447e-07
-3.68511e-07 3.46291e-07
1.1718e-06 -1.56072e-07
7.80438e-07 -5.5919e-07
-1.40738e-06 5.31734e-07
1.25338e-06 -2.07084e-07
-3.20143e-07 4.66723e-07
-7.87086e-07 5.89335e-08
3.84216e-07 3.14544e-07
-5.82141e-07 -5.62709e-07
1.41035e-06 -3.44442e-07
-1.18412e-07 -4.56454e-07
8.69774e-07 5.17905e-07
2.03532e-08 4.8971e-07
5.61988e-07 8.7571e-08
3.72758e-07 4.32959e-07
1.93593e-07 -2.96293e-07
4.8067e-07 2.12028e-07
5.46605e-07 -6.78553e-07
2.01591e-07 4.66999e-07
1.44656e-06 5.49112e-07
-4.60474e-07 -4.08339e-07
-5.33289e-10 5.79464e-07
-4.2759e-07 3.09339e-07
-1.16862e-06 -6.42793e-07
1.18116e-06 -3.2843e-07
-6.04929e-07 3.44177e-07
2.35236e-07 5.43641e-08
-1.19554e-06 -1.30977e-07
-3.09241e-07 6.71239e-07
-1.43728e-06 -5.9566e-08
1.25419e-06 5.27741e-07
-1.31914e-07 4.77806e-07
1.25042e-06 -4.58814e-07
9.20827e-07 -6.90856e-07
-1.06802e-06 1.00735e-10
-1.29706e-06 -4.75337e-07
5.65766e-07 -8.40017e-08
-6.55228e-07 3.44597e-07
8.71638e-07 3.3428e-07
1.17064e-07 6.24535e-07
1.62016e-07 -1.33553e-07
-1.0151e-06 3.34977e-07
1.37729e-06 5.92261e-07
-1.02338e-06 5.83444e-07
-4.20755e-07 4.58016e-07
1.12359e-06 -2.1932e-07
-1.01383e-07 -2.74709e-07
-3.35704e-07 -6.33298e-07
1.24063e-06 -1.25205e-09
-1.79906e-07 -6.8787e-07
-1.91019e-07 6.87532e-07
-1.3038e-06 -2.64006e-07
-2.70155e-08 1.29405e-07
-1.75e-07 -5.30673e-07
1.25147e-06 -1.06193e-07
-7.80229e-07 3.89182e-07
-1.33268e-06 -3.97822e-07
-1.09273e-06 2.97428e-07
6.44957e-07 -6.28977e-07
-5.18069e-07 -4.85807e-07
1.30709e-06 7.52715e-08
4.99243e-07 -2.05007e-07
-2.91711e-07 9.12624e-08
3.84381e-08 4.88159e-07
6.33076e-07 6.46503e-07
5.13792e-07 1.49583e-07
-8.16565e-08 -4.69626e-07
4.16674e-07 -1.02652e-07
3.30837e-07 2.3194e-07
-1.04868e-06 6.12125e-07
4.90201e-07 3.1631e-07
3.59467e-07 -4.87549e-07
-2.49614e-07 -6.69458e-07
-1.28355e-06 4.46303e-07
-1.38699e-06 2.54333e-07
5.59306e-07 -7.99016e-09
1.36877e-06 -3.29365e-08
2.00341e-08 -4.9507e-08
7.19077e-07 1.25874e-07
-3.43676e-07 -3.30438e-07
1.32344e-06 2.99337e-07
4.35874e-07 4.24692e-07
4.24473e-07 1.2593e-07
-1.3153e-06 -2.98934e-07
1.21525e-06 1.23891e-08
-8.1078e-07 -5.58272e-07
-1.25028e-06 3.3761e-07
7.70288e-07 1.41196e-07
5.13083e-08 -4.53951e-07
-8.54506e-07 1.8463e-07
-6.02434e-07 -6.78591e-07
1.25785e-06 1.669e-07
2.0448e-07 5.63246e-08
5.18003e-07 1.4501e-08
6.60676e-08 3.962e-07
1.37659e-06 -3.57259e-07
4.09859e-07 -6.99534e-07
6.38528e-07 4.61777e-07
-8.28586e-07 8.63589e-08
-7.91101e-07 5.88767e-07
5.89743e-07 -6.19135e-07
-2.03285e-07 1.3921e-07
6.6517e-07 6.09798e-07
1.1644e-06 6.42077e-07
1.66723e-07 -2.50699e-07
-2.0968e-07 3.87647e-07
-1.14242e-06 6.43833e-07
1.09881e-06 -2.8765e-07
1.13557e-06 1.22086e-07
6.83473e-07 -2.9571e-07
4.80824e-07 5.61291e-07
6.95272e-07 -1.62753e-07
-4.04101e-07 2.29079e-07
1.26719e-06 -1.85644e-07
-6.1552e-07 -6.86584e-07
-1.41459e-06 6.72389e-07
-1.39152e-06 -4.81887e-07
9.80837e-07 6.42835e-07
-1.41333e-07 4.93075e-07
-1.37822e-06 3.40852e-08
-1.23241e-06 4.09671e-08
3.23409e-07 -2.28944e-07
9.26684e-07 6.49792e-08
1.35362e-06 -9.23715e-08
1.0082e-06 1.38543e-07
1.75997e-07 4.46144e-07
6.32485e-07 4.41669e-07
-1.05384e-06 -1.84057e-07
-1.1223e-06 -5.79726e-07
8.21998e-07 -4.12787e-07
1.25569e-06 -5.31166e-07
-3.89652e-09 5.31539e-07
1.05801e-06 -6.852e-07
-1.28388e-06 -2.97227e-07
1.09068e-06 3.869e-07
8.02008e-07 -3.07082e-07
-5.71625e-07 2.9321e-07
3.3177e-08 1.54274e-07
1.05078e-07 -3.25718e-08
-7.48631e-07 -6.04584e-07
1.01729e-06 4.57593e-07
8.97627e-07 2.82324e-08
-6.76609e-07 -1.81053e-07
1.07039e-06 -3.59676e-07
5.94843e-08 -3.93586e-08
1.33911e-06 6.38647e-07
-7.67875e-07 2.59613e-07
8.11155e-08 -4.23914e-07
-9.32295e-07 -4.34958e-07
-1.21256e-06 -6.65593e-08
-8.64519e-08 -1.68183e-07
8.31092e-07 -5.78436e-07
-7.06393e-07 4.82734e-07
1.04596e-06 4.1463e-07
6.18444e-07 1.65506e-07
-3.29486e-07 -1.57356e-07
-1.05157e-06 2.54471e-07
-1.13555e-06 1.20259e-07
1.03435e-06 6.50107e-07
-8.56641e-07 -4.58539e-07
9.69147e-07 2.3635e-07
7.83829e-07 -4.5772e-07
6.52067e-07 -3.85886e-07
1.11391e-06 5.88559e-07
-4.29151e-07 2.06107e-07
1.045e-07 -4.61623e-07
-6.64096e-07 1.15457e-07
3.19996e-07 6.46048e-07
-1.07139e-06 -2.46948e-07
1.51404e-08 -5.21216e-07
-3.91022e-07 3.64089e-07
-2.28336e-07 3.44783e-07
-8.98136e-07 4.6668e-07
1.13553e-06 1.3461e-07
-3.60777e-07 1.63157e-07
-1.70796e-07 6.82806e-07
5.18325e-07 -5.79662e-07
1.79109e-08 1.3022e-07
-7.73794e-07 -1.68888e-08
5.83351e-07 2.58045e-07
-1.35621e-06 6.51722e-07
1.2042e-06 -6.42794e-07
-1.22736e-06 5.97267e-07
1.9371e-07 -6.10541e-07
-2.08267e-08 2.01419e-07
1.23614e-06 -5.97446e-07
3.53522e-07 -6.60383e-07
3.0994e-07 -1.48855e-07
-2.35173e-07 9.02211e-08
4.82091e-07 -6.20238e-07
-1.34488e-06 2.36064e-07
5.04796e-07 4.7487e-07
-4.71596e-07 2.27236e-07
8.77771e-07 4.14907e-07
-6.24921e-07 3.73366e-07
9.51289e-07 6.12201e-07
2.00393e-09 -3.48752e-07
6.68712e-07 -4.92962e-07
-1.03423e-06 3.50415e-08
1.16357e-06 -6.59988e-07
7.21063e-07 -6.60897e-07
-1.29203e-06 -4.51809e-07
2.55655e-07 5.66832e-07
6.38276e-07 -4.55115e-07
-2.29112e-07 6.81815e-07
8.80604e-07 3.20048e-07
1.31907e-06 1.44705e-07
-8.39124e-07 6.38923e-07
-8.37847e-07 3.80079e-07
4.36024e-07 2.46181e-07
1.18016e-06 -6.81558e-07
-1.06279e-06 -5.24589e-07
-7.02359e-08 -3.16954e-07
2.29589e-07 7.55105e-08
8.27857e-07 -6.58728e-07
7.90332e-07 5.84466e-07
7.9674e-07 -2.16904e-07
-1.06777e-06 1.82571e-07
-3.81776e-08 -4.81658e-07
8.13418e-08 -5.25458e-07
9.36015e-07 6.20531e-07
-4.94215e-07 1.06425e-07
-5.95317e-07 -5.12318e-07
-1.42952e-07 5.30551e-07
7.6732e-08 1.84308e-07
-1.22094e-06 2.24793e-07
-1.31778e-06 6.86031e-07
-2.83161e-07 -4.63338e-07
6.57427e-07 6.25865e-07
-6.82906e-07 5.71345e-07
-8.82573e-07 6.50479e-07
-1.38904e-06 -2.76587e-07
-1.00076e-06 -1.27446e-08
-3.71786e-07 -5.46632e-08
-8.45204e-07 -4.9009e-07
-8.7366e-07 1.08011e-07
1.33275e-06 -1.59378e-07
-5.97162e-07 5.69923e-07
-1.36041e-06 5.01484e-07
2.68259e-07 -4.58188e-07
-2.49366e-07 6.60006e-07
8.50122e-07 -3.02184e-07
-4.1244e-07 -2.4644e-07
-6.86032e-07 1.87359e-07
-5.56949e-07 -1.70484e-07
-5.47125e-07 5.51215e-07
5.41869e-07 3.51896e-07
-1.40187e-06 -6.02579e-07
-7.9527e-07 -1.16767e-07
-9.94709e-08 3.66314e-07
-1.27816e-06 1.57545e-07
-1.30787e-06 -2.01157e-07
-5.23264e-07 -5.11516e-07
-5.28778e-07 -4.52767e-07
2.02758e-07 6.22066e-07
-9.32585e-07 -2.60006e-07
-1.00112e-06 -4.13393e-07
-1.2748e-06 -4.73072e-08
1.00381e-06 5.96421e-07
-7.91503e-07 9.72273e-08
-2.0648e-07 -2.97589e-07
-9.65437e-07 7.61747e-08
-8.84008e-07 4.81087e-08
-1.0413e-06 -2.14849e-08
5.91695e-07 -8.49269e-08
2.55612e-07 8.12789e-08
2.6399e-07 4.39021e-07
5.09623e-07 2.87434e-07
-1.15214e-07 -7.86832e-08
9.48531e-07 2.15975e-07
1.21246e-06 -3.91162e-07
-4.38517e-07 -6.45691e-07
-7.86047e-07 -1.4532e-07
5.54096e-07 -1.47219e-08
-1.13567e-06 2.84183e-07
9.7553e-07 6.94966e-08
-6.65822e-07 5.57429e-07
8.45656e-07 1.0033e-07
6.6233e-07 -2.04514e-07
-1.00533e-06 5.17003e-07
1.13378e-06 1.06612e-07
1.44232e-06 -3.19479e-07
8.25856e-07 4.21241e-08
1.44596e-06 -5.28645e-07
1.11032e-06 -4.00878e-07
-2.47744e-07 -1.73662e-07
-1.24833e-06 -1.14594e-07
-2.8981e-07 -6.35249e-07
6.82238e-07 -3.03185e-07
-9.47974e-07 -1.6601e-07
2.72943e-07 -3.39275e-07
1.31315e-06 -2.93425e-08
1.4066e-06 -1.09093e-08
-1.20842e-06 -6.07516e-07
-1.03404e-06 -2.17211e-07
9.49988e-07 -3.20339e-07
8.51776e-07 -4.45249e-07
-1.76343e-07 4.4656e-07
6.79076e-07 -3.15127e-07
1.34197e-07 5.12414e-08
-1.46845e-07 4.15034e-07
-6.08613e-08 3.08159e-07
3.13379e-07 -1.01923e-07
-8.92932e-07 3.26386e-07
-8.84741e-07 3.49915e-07
-2.81267e-07 6.09148e-08
2.19648e-07 -6.13057e-07
6.81399e-07 -2.22391e-07
-1.97174e-07 6.05132e-07
-3.77746e-07 -4.13138e-07
-6.21446e-07 -1.53194e-07
1.30052e-06 1.80987e-07
-9.35292e-07 -1.9218e-08
6.00747e-07 2.37281e-07
-1.35735e-06 -2.40673e-07
2.49191e-07 6.25663e-07
6.78648e-07 1.83114e-07
7.91882e-07 5.72949e-07
-6.60879e-07 6.16136e-07
-1.1015e-06 -1.4204e-07
-6.56973e-07 -4.88986e-07
7.0131e-07 -1.03126e-08
8.68318e-08 6.47248e-07
-1.28114e-06 4.76615e-07
5.59638e-07 1.42024e-08
-4.94249e-07 9.42429e-08
1.30034e-06 1.7929e-07
-7.96846e-07 -1.57584e-07
-4.68834e-08 -4.51368e-07
1.36116e-07 -6.11738e-07
-9.73122e-07 5.01572e-07
-7.41526e-07 -3.55954e-07
1.07745e-06 1.16563e-07
1.05833e-06 4.84793e-07
-3.44726e-08 -6.85667e-08
4.38882e-08 -1.02903e-07
4.21171e-07 -3.76429e-07
7.31425e-07 1.95111e-07
-9.30278e-07 3.29736e-07
-7.794e-08 -2.67098e-09
6.22154e-07 5.70486e-07
3.26599e-08 7.91153e-08
1.5272e-07 -4.54639e-07
-6.2385e-07 2.50712e-07
1.25555e-06 1.53617e-07
8.27555e-07 -8.20159e-08
5.49618e-07 9.539e-08
2.263e-07 6.06971e-07
1.56941e-07 -4.2341e-08
-6.35614e-07 -4.32519e-07
7.92547e-07 -6.2755e-07
-1.26668e-07 6.28929e-07
-2.89367e-07 1.10046e-08
-8.29547e-07 -5.16098e-07
2.90979e-07 -4.13961e-07
-4.70495e-07 -4.12712e-07
-8.63632e-07 2.63284e-07
-6.28625e-07 -4.74692e-07
7.17446e-07 -1.2814e-07
-1.01111e-06 2.47995e-07
9.55969e-07 -5.62461e-07
-2.41479e-07 5.46994e-07
7.55415e-07 -4.69037e-07
-7.96018e-07 4.16025e-07
-8.89248e-07 6.65686e-07
7.454e-07 -9.60554e-08
1.41863e-06 6.21913e-07
4.63621e-07 -5.39224e-08
1.42054e-06 8.48646e-08
4.47193e-08 -6.83193e-07
1.02486e-06 -3.87572e-07
-2.39649e-07 -6.30771e-08
-1.5016e-07 6.82837e-07
-1.25488e-07 5.44817e-07
-3.02831e-07 4.91767e-07
1.42581e-06 2.68174e-07
1.04329e-06 -6.62753e-07
4.85614e-07 6.10072e-07
8.66638e-07 -5.39756e-07
3.99088e-07 -1.77724e-07
-1.29439e-06 -4.90717e-07
-6.00522e-07 9.92963e-08
1.33895e-06 -6.53285e-08
8.51183e-07 9.62562e-08
-1.35752e-06 -6.43678e-07
2.2202e-07 5.02458e-07
-1.45648e-07 -7.70838e-09
-8.04993e-07 3.12665e-07
-3.10221e-08 2.02664e-07
1.63116e-07 -4.75563e-07
-1.1981e-06 2.47408e-07
9.23364e-07 -3.47915e-07
9.71959e-07 5.85123e-07
1.40064e-06 6.32927e-07
-3.57032e-07 6.29901e-07
-9.20504e-07 -6.81177e-07
3.60779e-07 -8.43167e-08
8.66626e-07 -6.50715e-07
-7.28463e-07 -1.43398e-07
3.49197e-07 1.25802e-07
-9.3352e-07 -1.7189e-07
-1.36739e-06 -5.6885e-08
8.6703e-07 -9.16499e-09
-9.88515e-07 -1.02385e-07
-9.28006e-07 1.19092e-07
3.36696e-07 5.25416e-07
1.4031e-06 8.28746e-08
-9.54223e-07 -1.64721e-07
-1.00373e-06 5.14652e-07
-1.11762e-06 -2.22738e-07
1.2081e-06 2.37869e-07
9.91692e-08 4.2399e-07
-4.54536e-07 -6.74366e-07
-6.35501e-07 5.63698e-07
5.82661e-07 6.08725e-07
-3.55253e-08 -6.90749e-07
-1.05265e-06 -1.85674e-07
-9.59824e-07 -4.30914e-07
5.7522e-07 -4.70633e-07
-1.25901e-06 6.67587e-07
6.96193e-07 2.25061e-07
1.27795e-06 2.79013e-07
3.75169e-07 2.09926e-07
5.10583e-07 -8.25804e-08
1.44633e-06 2.94848e-07
-4.35388e-07 -1.18435e-07
-8.16471e-07 3.64845e-07
-9.667e-07 -6.35475e-07
1.1141e-06 1.04585e-07
-5.41019e-07 3.5018e-07
-1.82274e-08 3.37018e-07
1.37723e-06 3.91811e-07
-7.17e-07 -5.45035e-07
1.10743e-06 -3.75275e-07
4.59934e-07 -1.17504e-07
1.06214e-06 -4.00738e-07
-9.03812e-07 -6.87562e-07
-3.6032e-07 -5.7275e-07
-2.91064e-07 1.94333e-07
-6.96217e-07 -2.4591e-07
6.88055e-07 -2.16331e-07
6.34905e-07 7.5196e-08
5.8449e-07 -3.53815e-07
1.38694e-06 2.0234e-08
2.44509e-07 -1.16267e-07
-5.25724e-07 -8.90772e-08
3.23137e-07 -2.6541e-07
1.19561e-06 1.8602e-07
-2.72698e-07 -4.4555e-07
-1.35654e-06 2.57611e-07
-7.80314e-07 2.47103e-07
-5.86094e-07 8.65947e-08
8.61234e-07 -9.46135e-08
1.35581e-06 3.2101e-07
7.54571e-08 4.60282e-07
-6.88313e-07 -3.70022e-07
7.26326e-07 6.08881e-07
-9.73207e-07 2.90258e-07
-9.63476e-07 -5.38317e-08
-1.41613e-06 -4.39509e-08
5.42977e-08 4.76561e-07
-4.08841e-07 1.57694e-08
7.07649e-07 5.57839e-07
-3.0822e-07 1.38235e-07
-1.21878e-06 -4.93755e-07
-1.36975e-06 5.07057e-07
-2.18976e-07 -3.3348e-07
7.14409e-07 3.71735e-07
-1.58453e-07 -4.36251e-07
9.3383e-07 1.06057e-08
-1.42291e-06 -6.74085e-07
-6.46822e-07 -1.15237e-08
-1.40513e-06 2.44801e-07
1.13814e-06 -6.9429e-07
-1.08908e-06 -7.78937e-08
-1.95685e-07 -1.28625e-07
1.60781e-07 -4.81214e-08
-1.00804e-06 -4.03808e-09
9.45122e-07 5.71546e-07
-1.8291e-07 1.00236e-09
4.12969e-07 -6.00005e-07
-1.29314e-06 -5.91787e-07
9.06796e-07 -2.53086e-07
9.58019e-07 1.99462e-07
4.01981e-07 1.09156e-07
3.01344e-07 4.5969e-08
1.29434e-06 -4.57159e-07
5.11968e-07 5.6486e-07
-8.76582e-07 4.3304e-07
-9.48079e-07 -2.20882e-07
-1.12852e-06 -2.20469e-07
1.01051e-06 1.98094e-08
7.07691e-07 -6.51903e-07
-1.0062e-06 6.65314e-07
-1.35591e-06 5.11352e-07
-9.94571e-07 -1.15728e-07
-8.59825e-08 6.38796e-07
-1.20048e-06 5.50327e-07
-7.63555e-07 3.29959e-07
4.72444e-07 5.09171e-07
2.25827e-08 -6.89936e-07
1.16474e-06 1.16905e-07
1.23933e-06 -6.96211e-07
-1.07238e-06 4.06783e-07
-1.06906e-06 -3.8647e-07
1.25232e-06 -1.921e-07
-9.71525e-07 6.85718e-07
2.09565e-07 -2.52027e-07
-5.88583e-07 4.53029e-07
-2.10102e-07 2.0563e-08
-3.93545e-07 -4.03335e-07
-7.72921e-07 1.28632e-07
-4.72293e-07 -7.83711e-09
-3.88181e-07 -3.39423e-07
-4.54574e-07 -1.10434e-07
-1.37818e-06 -4.98562e-07
-1.42179e-06 1.11737e-07
-5.51209e-07 4.4033e-07
1.30186e-06 -1.60672e-07
-7.44685e-07 -4.34658e-07
9.4579e-07 5.31272e-07
-8.78665e-07 6.58369e-07
1.30127e-06 -1.42195e-07
-4.32755e-08 3.39824e-07
6.91063e-07 5.08934e-07
1.29369e-06 6.18718e-07
1.14054e-06 -4.17857e-07
1.02626e-06 1.9948e-07
1.82705e-07 4.51538e-07
-9.68854e-07 2.85663e-07
7.8895e-07 1.43621e-07
-1.3583e-06 -5.3153e-07
9.86877e-07 -2.94689e-07
1.04306e-06 -3.59705e-07
1.41525e-07 5.13526e-07
-9.87197e-07 4.95866e-07
3.39657e-07 -6.47546e-07
3.79685e-07 1.33976e-07
-9.69039e-07 -2.84818e-07
-1.00673e-06 -5.35413e-07
1.30602e-06 -2.24208e-07
-1.29916e-06 -3.68735e-07
1.62485e-07 4.10976e-07
-1.24764e-06 5.78565e-07
1.30824e-06 -1.84687e-07
3.14372e-07 -4.45412e-07
8.42145e-07 -5.52769e-08
1.26799e-06 -2.46596e-07
3.38797e-08 -1.75504e-07
1.15356e-06 -6.02822e-07
4.03097e-08 5.9623e-09
1.34861e-07 7.57081e-08
7.99862e-07 -6.55968e-07
-2.95178e-07 5.69024e-07
-1.25069e-06 -7.66486e-08
1.40248e-06 1.701e-10
-2.62144e-07 -2.78444e-07
2.79429e-07 -3.34772e-07
5.38722e-07 -6.5368e-07
1.22638e-06 -5.52966e-07
5.69454e-07 4.0426e-07
-1.09164e-07 -5.11718e-08
7.5971e-07 -2.41563e-08
-5.2286e-07 -3.0256e-07
1.01827e-06 6.2424e-07
-6.21261e-07 -2.00751e-07
7.0942e-07 -1.25119e-07
4.75968e-07 -1.55894e-07
2.07642e-08 -3.39215e-07
1.56761e-07 2.29731e-07
-1.1536e-06 6.31556e-07
-1.33244e-06 5.17163e-07
1.22413e-06 2.74254e-07
4.10439e-08 -2.12822e-07
-1.17041e-06 -5.02158e-07
-1.22486e-07 -1.3419e-07
8.1618e-07 3.05533e-07
4.56883e-07 4.5435e-07
3.17446e-07 6.47011e-07
-1.21593e-06 -6.70863e-08
-7.29542e-07 -3.73394e-07
9.42888e-07 -2.15107e-07
1.43214e-06 -3.65118e-08
1.37095e-06 -5.09904e-07
1.85571e-07 2.8988e-08
1.22986e-06 2.82814e-07
8.50121e-07 -8.83551e-08
1.03796e-06 2.66943e-07
-5.92911e-07 -5.41926e-08
8.68539e-07 3.71598e-07
-4.44323e-07 5.96052e-08
-8.49144e-07 -6.36067e-08
-8.86648e-07 3.91266e-07
6.71989e-07 -1.59318e-07
1.02855e-06 -1.36528e-07
8.28403e-07 5.06256e-07
1.26079e-06 2.68571e-07
1.38277e-06 -3.38136e-07
9.43223e-07 2.10883e-07
-5.54171e-07 3.65876e-07
-7.16499e-08 -5.17089e-09
-7.5422e-07 3.38421e-07
6.47734e-07 1.91306e-07
6.3647e-07 -8.5708e-08
7.48863e-07 -3.68127e-07
7.97713e-07 -1.63406e-07
-8.02005e-07 -2.79052e-07
-4.76245e-07 4.56598e-08
9.16688e-07 5.19839e-07
-1.88896e-07 -3.79219e-07
-8.71342e-07 -9.48994e-08
-1.38921e-07 6.45968e-07
1.14599e-06 3.66901e-07
9.61543e-08 -1.16048e-07
-1.0346e-06 -2.69632e-07
5.12604e-07 -4.36007e-07
-2.24791e-07 -4.93699e-07
-6.9227e-07 -3.30715e-08
-3.05929e-07 1.00757e-07
-4.4595e-07 5.89243e-07
-7.8074e-08 3.052e-07
1.24836e-06 -3.06842e-07
1.31001e-06 -1.03485e-07
1.2804e-06 2.21442e-07
1.74298e-07 9.91007e-08
5.75638e-07 -3.41496e-08
9.84475e-07 4.66472e-08
-5.6528e-07 -1.48125e-07
-5.34201e-08 4.05337e-07
-3.44227e-08 1.64839e-08
-1.18125e-06 -5.14014e-07
-8.0937e-07 6.25954e-07
-1.2002e-06 -6.07498e-07
-6.50569e-07 -5.14624e-07
1.89345e-07 3.34834e-07
2.59866e-07 -5.36975e-07
-4.97426e-07 -1.32091e-07
1.32061e-06 -4.6211e-07
1.25458e-06 2.80208e-07
-6.15345e-07 1.21156e-07
3.87236e-07 -3.38104e-07
7.89957e-07 -5.16807e-07
9.80392e-07 -8.63859e-08
-6.78216e-08 -4.59148e-07
5.08624e-07 -6.48937e-08
-1.36182e-06 2.98186e-07
1.28261e-06 6.67125e-07
-6.71138e-07 6.09557e-07
9.40231e-07 -6.53337e-08
1.21154e-06 2.87904e-07
7.42318e-07 6.76054e-09
-1.12033e-06 -5.15665e-07
-7.70635e-07 5.78067e-07
8.97516e-07 3.26423e-07
-7.44238e-07 5.15213e-07
7.96425e-07 2.60286e-07
6.68058e-07 4.65292e-08
-2.43313e-07 1.02192e-07
1.87542e-07 1.26526e-07
7.63362e-07 5.70311e-08
-1.19575e-06 -6.25055e-07
-1.43837e-06 -5.86664e-07
-1.71954e-07 -2.7036e-07
9.62473e-08 -3.7221e-07
-1.54223e-07 -5.94301e-07
2.56562e-07 -5.49495e-07
4.82601e-07 -2.4445e-07
7.36551e-07 -6.34806e-07
9.35593e-07 5.01055e-07
-4.79146e-07 -3.4326e-07
4.78325e-07 2.33493e-07
-3.90163e-07 -4.15901e-07
1.44115e-06 5.41458e-07
6.6517e-07 3.94981e-07
-1.8744e-10 1.34882e-09
-1.224e-06 5.61072e-07
2.48391e-07 2.99734e-07
-8.65412e-07 5.72052e-07
2.03264e-07 -5.60284e-07
-5.04806e-07 -2.32498e-07
-3.72506e-07 5.38085e-07
-7.52968e-07 -6.83205e-07
-3.98586e-07 1.98189e-07
-5.51086e-07 -1.78273e-07
4.46397e-07 2.28542e-07
-1.40364e-06 6.8019e-08
8.80541e-07 2.82292e-07
1.17622e-06 -1.91626e-07
-7.17483e-08 6.79509e-08
-3.28454e-07 -6.90467e-07
9.40708e-07 6.30536e-07
-6.19971e-08 2.33159e-07
1.10877e-06 1.94234e-07
1.02052e-07 -2.23671e-07
-1.32074e-06 4.52532e-07
