4.65089e-07 -6.3534e-07
8.56482e-07 -5.56086e-07
6.65742e-07 -3.73558e-07
-1.79062e-06 5.21528e-07
-1.52323e-07 -5.17245e-07
-1.10403e-06 3.7755e-08
-1.69913e-06 6.62229e-07
1.19561e-06 1.56786e-07
1.62989e-08 6.43825e-07
-2.59369e-07 -4.74413e-07
1.67014e-06 -2.11917e-08
1.69195e-06 -6.68086e-07
3.3445e-07 -6.08118e-07
-1.2572e-06 6.97359e-07
-1.80992e-07 -2.80793e-07
-7.35999e-08 -6.2008e-08
-1.28911e-06 8.79949e-08
-8.46424e-07 -1.87743e-08
1.30497e-06 -3.29942e-07
1.13702e-06 3.46765e-07
9.30531e-07 8.75825e-08
-8.34922e-07 2.63526e-07
1.77807e-06 -6.6737e-07
-3.50845e-08 -4.81536e-07
-5.44552e-07 -6.08768e-07
-1.70551e-06 -3.39034e-07
-1.50086e-06 -3.31312e-07
4.89313e-07 5.57491e-07
1.61967e-06 2.91175e-07
-1.67034e-06 -4.51125e-07
5.94287e-07 6.18791e-07
-1.69564e-06 -5.30864e-07
1.66079e-06 -5.96498e-07
-1.58591e-07 5.91339e-07
1.40492e-06 4.0691e-07
-9.86402e-08 -2.81535e-07
8.81002e-07 5.10192e-07
-7.60111e-07 2.12236e-07
-6.74067e-07 -5.50931e-08
-9.07164e-07 -1.98084e-08
-9.93714e-07 -1.58615e-07
-1.43921e-06 -1.15364e-07
-1.57785e-07 -4.40738e-07
-6.09879e-07 -6.01945e-07
1.70969e-08 2.89097e-07
-2.55267e-07 -8.33833e-08
-1.82223e-06 3.06642e-07
1.241e-06 6.30346e-07
-4.20623e-07 -2.84512e-08
-9.87532e-07 -2.30101e-07
-1.78782e-06 8.03386e-08
8.89119e-07 -3.4295e-07
-8.51162e-07 3.01566e-07
1.91584e-07 -2.99585e-08
-1.2824e-06 3.71821e-07
-1.6088e-06 -6.544e-07
2.87789e-07 6.581e-07
-4.5465e-08 -2.00211e-07
-1.70192e-06 3.94959e-07
7.67384e-07 3.03345e-07
1.37595e-07 -3.0207e-07
1.39321e-06 -3.81166e-07
1.34054e-06 2.65998e-07
-1.21189e-06 5.01061e-07
-1.7211e-06 1.46816e-07
1.64052e-06 1.5927e-07
-1.55206e-06 -6.02601e-07
7.0625e-07 -3.55875e-08
-1.16638e-06 2.81811e-07
-7.5018e-07 5.19073e-07
-7.49653e-07 1.37159e-07
1.44245e-06 -1.19407e-07
-5.48565e-07 6.99173e-07
-1.69783e-06 6.42937e-07
-1.58839e-06 -6.24119e-07
-1.40022e-07 5.53241e-07
2.78624e-07 8.61705e-08
5.53207e-07 -4.82073e-07
-3.31961e-07 5.1798e-07
2.45498e-07 -4.7904e-07
-1.73441e-06 -1.59746e-07
5.13507e-07 -2.1901e-07
1.81767e-06 -8.23685e-08
-4.45134e-07 -1.90631e-07
-1.15194e-06 -6.24033e-07
-9.62705e-07 4.48778e-07
-1.31334e-06 3.02298e-07
1.70948e-07 -2.75797e-07
-1.2064e-06 5.63498e-07
1.07823e-06 -4.67209e-07
1.22052e-06 3.72187e-08
2.19491e-07 -4.50357e-07
1.24529e-06 -4.52082e-07
-1.0019e-06 -5.5983e-07
-2.107e-07 6.96794e-07
-3.13487e-07 2.09029e-07
-1.80786e-06 9.55321e-08
8.17347e-07 -4.05538e-07
1.19538e-06 -6.98593e-07
6.58817e-08 -6.79447e-07
7.97182e-07 3.72064e-08
5.74994e-07 -2.46069e-07
-1.23024e-06 -4.81038e-07
-2.54782e-08 9.30137e-08
-4.95753e-07 5.28394e-07
-1.72798e-06 7.85078e-09
3.28354e-07 4.54634e-08
1.90655e-07 -5.48849e-07
1.66497e-06 -4.38871e-07
-1.50776e-06 2.88271e-07
-2.71334e-07 1.48189e-07
3.33192e-07 -6.96119e-07
-7.26142e-07 -4.96762e-07
-8.83167e-07 9.92477e-08
1.65105e-06 3.2013e-08
1.12355e-06 5.99984e-07
1.06162e-06 -5.3396e-07
9.46025e-07 1.79115e-07
1.44295e-06 -5.45055e-07
2.99657e-07 2.56258e-07
-1.02645e-06 5.55987e-07
-1.10497e-06 9.82186e-08
1.35764e-07 -4.11506e-07
-2.06104e-07 2.21494e-07
1.82045e-06 1.77204e-07
-2.26032e-07 7.04343e-08
-1.26058e-06 6.99415e-07
1.07931e-06 2.7653e-07
7.70428e-08 3.47729e-07
-1.25797e-06 -1.83349e-07
2.99546e-07 2.41032e-07
1.5916e-06 -1.60971e-07
1.49599e-06 5.99571e-07
-6.68553e-07 3.80723e-08
4.21157e-07 -1.77405e-07
-1.13946e-06 -1.98875e-07
9.46662e-07 1.73638e-07
9.82591e-07 -4.74318e-07
-1.66479e-06 2.08682e-07
1.63655e-06 -8.61728e-08
9.02884e-07 6.08254e-07
1.31293e-06 2.55126e-07
4.92444e-07 -1.70844e-07
8.27028e-07 -6.54879e-07
-1.58174e-06 2.89837e-07
-3.29318e-07 3.8771e-07
-1.42777e-07 6.09482e-07
1.1933e-06 3.57918e-07
-1.32454e-06 5.28662e-07
-1.19821e-06 -2.71124e-07
5.68558e-07 -2.07962e-08
1.58167e-06 6.89979e-08
1.15479e-06 5.48708e-07
-1.48464e-06 -5.05245e-07
2.35548e-07 1.95949e-07
-6.60538e-07 -4.68067e-07
-1.66979e-06 5.49478e-07
5.97048e-08 4.02737e-07
1.39411e-06 6.02037e-07
-1.57181e-06 3.32735e-07
-7.33311e-07 3.01168e-08
1.32583e-06 -2.43772e-07
-1.63393e-06 3.56074e-07
1.55694e-06 3.43545e-07
-1.46871e-06 1.45924e-07
-1.12068e-07 1.48303e-07
1.65067e-06 2.2256e-07
7.27295e-07 6.99157e-07
1.18104e-06 4.977e-07
-5.74837e-07 -6.33063e-07
1.44002e-06 -2.81129e-07
3.41586e-07 3.55343e-07
-7.56408e-07 -5.4584e-07
-8.11957e-07 -2.27503e-08
5.62373e-07 -5.17561e-07
1.59495e-06 2.79605e-07
-6.7602e-07 5.83145e-07
-1.67712e-06 2.67543e-07
4.81379e-07 -2.12274e-08
1.35477e-06 2.58254e-07
1.76544e-06 6.63142e-07
-5.69581e-07 5.77173e-07
7.5186e-07 5.10884e-07
-4.48494e-07 -1.13019e-07
1.07351e-07 -6.42808e-07
-1.78571e-06 -3.45355e-07
-1.35765e-06 1.35773e-07
7.99205e-07 1.14635e-08
1.60322e-06 5.85515e-08
2.22295e-07 -2.26302e-07
-1.19306e-06 5.14316e-07
1.8018e-06 -8.95917e-08
-8.79242e-08 -2.12699e-07
-1.05773e-06 -1.89845e-07
1.39598e-06 -5.64979e-07
-1.57794e-06 -1.94557e-07
1.1578e-06 -7.19544e-08
-6.25404e-08 5.63122e-07
-2.22982e-07 -5.94109e-07
-8.79665e-07 -3.85913e-07
2.544e-08 4.88301e-07
-5.40259e-08 4.30214e-07
1.28169e-06 -6.63975e-07
1.31513e-08 3.53874e-08
-2.00925e-07 -4.64093e-07
-3.31086e-07 4.74795e-07
8.53038e-07 2.14153e-07
-5.30396e-07 2.9858e-08
7.66975e-07 3.92642e-07
6.61689e-07 -3.65168e-07
6.16644e-07 -2.53511e-07
1.66753e-06 1.47207e-07
-5.49917e-07 -1.17983e-07
-1.63296e-06 6.21046e-07
-5.89677e-07 -1.09319e-07
1.128e-06 -6.70957e-07
-1.12865e-06 6.91343e-07
-1.72153e-07 -3.84111e-07
9.08202e-07 1.31049e-07
4.95922e-07 -3.00241e-07
-1.29309e-06 3.05478e-07
-1.52204e-06 -5.8672e-07
-4.2299e-08 -5.1132e-07
-7.15334e-07 -9.30999e-08
-2.49653e-07 -5.30581e-07
-3.39613e-07 -3.3576e-07
4.99516e-07 3.20272e-07
1.0393e-08 6.37529e-08
1.31917e-06 4.40654e-07
-5.78872e-07 4.27022e-07
-3.35105e-07 -2.52698e-07
1.06585e-07 3.04129e-07
-1.08973e-06 -6.46869e-07
-8.26438e-07 2.97897e-07
-2.39581e-07 1.92545e-07
3.98314e-07 3.55277e-07
5.71853e-07 4.38007e-07
1.73802e-06 1.88113e-07
8.96762e-07 -5.96743e-07
2.26343e-07 3.92927e-07
-4.22593e-07 -2.97742e-07
1.921e-07 7.85754e-08
-4.00025e-08 -6.38351e-07
7.91702e-07 -1.13748e-08
6.2766e-07 -7.54783e-08
-1.33359e-06 -5.36978e-07
3.95946e-07 -8.63138e-08
1.34325e-06 2.44082e-07
-2.52356e-07 1.37548e-07
7.94094e-07 2.74618e-07
8.92985e-08 2.59029e-07
1.10766e-06 -2.03499e-07
-9.70557e-07 6.93696e-08
-4.78834e-07 -3.23526e-07
-3.12285e-08 1.03283e-07
6.68619e-07 -3.12261e-07
-8.74451e-07 -4.80234e-07
-1.70494e-06 1.74973e-07
-9.25322e-07 -6.07873e-07
5.09912e-07 6.98508e-10
6.0438e-07 4.39889e-07
-3.08931e-07 -2.99968e-07
-4.6917e-07 -3.24113e-07
1.3754e-06 4.74849e-07
1.47027e-06 -4.7951e-07
-1.62137e-06 -2.61451e-07
1.31934e-06 5.63667e-07
-5.82993e-07 -6.9775e-07
1.4155e-07 -4.17441e-07
1.52786e-06 -2.36604e-07
-1.01118e-06 -4.592e-07
-1.58767e-07 3.79169e-07
-1.00458e-06 1.87148e-07
-1.62068e-06 5.75019e-07
-1.38707e-06 3.40465e-07
3.3041e-07 6.46601e-07
1.4822e-06 1.84747e-07
-8.26608e-07 -6.66977e-07
-4.12508e-07 4.40166e-08
-5.73345e-07 -6.51078e-07
5.54853e-07 6.52964e-07
-8.51256e-07 -3.43585e-08
-1.0509e-06 -2.1032e-07
5.96571e-07 -4.19766e-07
6.69952e-07 -2.60187e-07
-2.03492e-08 6.16124e-07
-6.13765e-07 4.78392e-07
3.02455e-07 -5.39629e-07
8.21206e-07 -3.5871e-07
-1.30004e-06 5.75261e-07
-5.1074e-07 -3.28253e-07
-9.85629e-07 -2.92791e-07
-3.84453e-07 -3.43671e-07
-9.42654e-08 -4.87963e-07
-1.36241e-06 2.57919e-07
1.0166e-07 1.09159e-07
1.41082e-06 -4.71447e-07
3.39021e-07 2.98495e-07
9.98386e-07 -2.52235e-07
1.32674e-06 1.87124e-07
1.74513e-06 -4.50788e-07
-6.66017e-07 1.7231e-08
-1.47234e-06 4.89868e-08
9.60045e-07 -2.23301e-07
-3.13128e-07 -2.38839e-07
-7.96542e-07 -4.63217e-07
4.77333e-07 2.34722e-07
8.68359e-07 3.9882e-07
4.11202e-09 5.36618e-07
1.13177e-06 1.56326e-07
-5.64455e-07 -2.40616e-07
8.22766e-07 -5.47585e-07
1.65511e-06 -3.70702e-07
1.01161e-06 2.94798e-07
-3.96025e-07 3.86581e-07
-1.36597e-06 4.20979e-07
-1.35688e-06 -6.52957e-07
6.75641e-07 -5.1825e-07
7.01941e-07 4.32677e-07
5.74223e-07 6.35474e-07
1.64204e-06 5.92919e-07
-8.42599e-07 -3.27864e-07
6.48738e-07 -5.29977e-08
6.93212e-07 -4.02534e-07
3.99994e-07 3.60071e-07
6.28447e-08 -4.6727e-07
-1.42197e-06 2.08879e-07
1.55095e-06 5.01377e-07
-1.7759e-06 9.12776e-08
-9.51176e-07 -5.7732e-07
1.54362e-06 -6.24992e-07
-1.65083e-06 -3.87886e-07
3.45664e-07 4.82164e-07
-1.05882e-06 -2.26534e-07
-1.43856e-06 -6.17682e-07
1.70026e-06 6.22854e-07
-4.99902e-07 3.07077e-07
7.48517e-07 -1.84768e-07
1.78504e-06 -5.2062e-07
-1.36236e-06 1.19626e-07
-1.1985e-06 -4.51632e-07
5.73788e-07 -6.54796e-07
1.75652e-06 -1.9732e-07
6.41068e-07 -4.51734e-07
-5.76656e-07 4.42136e-07
-9.40965e-07 7.94173e-08
-3.96127e-07 3.89279e-07
1.75927e-06 2.41187e-07
-6.99752e-09 2.27823e-07
-9.54165e-07 5.37463e-08
-1.61845e-06 -8.7875e-08
5.70358e-07 -1.78523e-07
-4.11567e-07 -2.99737e-07
1.82489e-06 -2.64555e-07
3.27144e-07 5.22197e-07
1.68271e-06 2.64704e-08
-3.32007e-07 4.18999e-07
5.06918e-07 3.49076e-07
6.55527e-07 4.36744e-07
-1.45144e-06 2.83233e-07
1.59255e-06 -5.62187e-07
-1.30119e-06 6.38766e-07
9.96483e-08 -6.72874e-07
3.93257e-07 6.89818e-08
5.63326e-08 3.14821e-08
-4.95214e-07 4.75799e-07
-1.7959e-06 5.69849e-07
-3.8883e-07 5.92619e-07
-4.16334e-07 3.33744e-07
-8.74683e-07 -5.34856e-07
-1.75296e-06 -3.16734e-07
-6.01419e-07 -6.07444e-07
-6.82661e-08 -1.95077e-07
-1.00441e-06 -5.99979e-07
6.45934e-09 -2.07986e-07
1.29926e-07 -6.02942e-07
-1.78573e-06 -9.42713e-08
-7.92627e-07 5.27761e-07
-1.45338e-06 -6.76948e-07
-1.32351e-06 6.72816e-07
-1.65806e-06 1.43154e-07
7.9925e-07 2.89625e-08
-1.33888e-06 5.57078e-07
4.09298e-07 1.69673e-07
-3.05048e-07 -6.67441e-07
-1.31362e-06 -1.05787e-07
-9.76095e-07 -1.59768e-07
1.07452e-06 -3.13056e-07
3.16241e-08 -1.68151e-08
1.00775e-06 -4.18037e-07
1.99753e-07 6.02438e-07
-2.79777e-07 -5.58731e-07
-1.49754e-06 1.27515e-07
-1.78542e-06 -5.25212e-07
-1.05838e-06 2.81962e-07
8.43049e-07 -1.87525e-07
-2.81757e-07 -7.46443e-08
-1.38862e-06 2.08648e-07
1.47854e-06 -1.10125e-07
1.34535e-06 -4.61499e-07
1.07411e-06 -1.778e-07
1.07765e-06 3.7758e-07
1.37222e-06 -2.19727e-07
1.65932e-06 -6.5565e-07
1.02485e-06 1.29093e-07
1.10511e-06 -9.03332e-08
1.50126e-06 1.47015e-07
-1.08982e-06 5.24549e-07
-1.10194e-06 -1.90213e-09
1.439e-06 -1.40771e-07
1.42114e-06 1.21846e-07
-1.04649e-06 -3.66103e-07
-6.76289e-07 -9.49341e-08
-1.67325e-06 -4.93465e-07
-1.12161e-06 2.92499e-07
-6.54034e-07 -4.16144e-08
1.94107e-07 -5.47471e-07
1.20034e-06 3.39086e-07
9.16606e-09 -1.90949e-07
-7.38288e-07 3.39229e-07
-4.99827e-07 5.32552e-07
-8.38712e-07 -3.59307e-07
-1.12969e-06 -4.62451e-07
1.1011e-06 6.05225e-07
-5.79535e-07 -1.98193e-07
8.77271e-07 -6.13766e-07
-2.081e-08 1.70759e-07
-1.12605e-06 -3.43674e-07
-7.32983e-07 2.099e-07
1.09524e-06 6.05986e-07
-1.61154e-06 -4.98678e-07
-1.75616e-06 2.93543e-07
2.36681e-07 -1.1764e-07
-8.35381e-07 -6.65688e-07
7.67916e-07 -1.23264e-07
-1.39182e-07 -5.74825e-07
-1.14543e-06 -3.29292e-08
-6.24195e-08 1.62775e-07
7.61208e-07 6.25164e-07
1.01812e-06 -1.07e-07
1.50967e-06 -5.6005e-07
-6.35951e-07 -1.41062e-07
-1.53743e-06 3.8073e-07
-3.16826e-07 5.09461e-07
-5.35936e-07 -4.67365e-07
-1.19767e-06 1.2447e-07
1.44382e-06 5.2838e-07
-8.46997e-07 6.70716e-07
9.50045e-08 -5.71473e-07
8.96013e-07 5.99761e-07
6.36032e-07 1.55074e-07
-1.72925e-06 -4.8333e-07
-6.09925e-07 -4.52621e-07
-1.5075e-06 -8.81691e-08
6.36396e-08 5.32523e-07
1.45172e-06 -6.74203e-07
1.2225e-06 -2.45733e-07
-7.88399e-07 -5.05661e-07
1.93654e-07 1.53021e-08
2.85761e-07 2.72636e-07
-1.71242e-06 6.26469e-07
-6.48224e-07 -3.14525e-07
-1.56039e-07 -5.89577e-07
1.79431e-06 4.71802e-07
-1.36836e-06 -3.98765e-07
-3.44069e-07 -5.51504e-07
1.52276e-06 -1.73256e-07
-1.58027e-06 -6.74963e-07
-1.05275e-07 -3.65233e-07
-6.61767e-07 5.63939e-07
2.86789e-07 5.812e-07
-1.15439e-06 5.71565e-07
1.39458e-06 -5.95083e-07
-1.08684e-06 -5.88701e-07
1.36053e-06 -3.0766e-07
5.15369e-07 -4.35319e-08
1.28232e-06 -6.56491e-07
5.86637e-07 9.85099e-08
4.36658e-07 1.69637e-07
-4.09357e-07 -4.76749e-07
-1.80483e-06 -5.2717e-07
-7.03661e-07 3.89389e-07
1.56493e-07 -1.31197e-07
1.03969e-06 -4.12632e-07
1.12639e-06 -6.27992e-07
1.29321e-06 2.86362e-07
2.93766e-07 6.1846e-07
1.50154e-06 6.53669e-07
8.17777e-07 6.26831e-07
6.63889e-07 -5.98639e-07
-1.57151e-06 -1.73022e-07
1.23629e-06 3.65465e-07
1.84385e-07 -2.27222e-07
-1.70627e-06 1.64749e-07
8.09903e-07 -6.59409e-07
-1.06473e-06 -4.78476e-07
1.12296e-06 6.34278e-07
6.45071e-07 -5.01469e-07
9.96441e-07 6.173e-07
9.21449e-07 -6.53258e-07
1.26117e-06 4.29452e-07
-1.65679e-06 -1.01181e-07
-1.12399e-08 -2.46589e-07
6.60262e-07 5.53535e-08
-1.10565e-06 -1.11595e-07
-9.56719e-07 4.92337e-08
1.74831e-06 -2.41052e-07
-1.18992e-06 6.96024e-07
1.02954e-06 -4.80235e-07
-1.32164e-06 4.26846e-07
9.4432e-07 -4.678e-07
-9.93752e-07 4.39177e-07
1.71367e-06 6.91479e-07
1.86598e-07 -3.72739e-08
-1.30521e-06 -5.37006e-07
1.21681e-06 2.39882e-07
-1.61975e-07 8.95728e-08
9.76119e-07 4.37175e-07
9.63559e-07 -3.08264e-07
-1.68808e-06 2.81221e-08
-1.43356e-06 4.09385e-07
-1.0782e-06 4.00253e-07
-1.15708e-06 6.67675e-07
-8.16222e-07 3.22478e-07
1.17334e-06 -5.27594e-07
-1.10675e-06 2.3741e-07
1.20065e-06 -9.24501e-08
-8.55776e-07 -2.50028e-07
-4.24177e-07 -4.87587e-08
-1.12548e-06 -5.05996e-07
1.13959e-06 -4.03149e-07
-4.74045e-07 6.84296e-07
5.51608e-07 -4.11697e-07
5.04239e-07 4.15345e-07
-2.28525e-07 3.53234e-07
5.08296e-07 -6.2932e-07
1.639e-06 -2.67738e-07
-9.85332e-07 -6.7251e-07
-1.21327e-06 -2.56882e-07
-6.83252e-07 -7.73849e-08
3.19459e-07 -3.96664e-07
-1.53352e-06 2.31119e-07
-3.63524e-07 -5.29672e-07
-1.57773e-06 3.67119e-07
1.20513e-06 -9.93267e-08
1.0473e-06 3.93235e-07
-7.97304e-07 5.93402e-07
-1.44999e-06 1.66527e-07
1.17168e-06 -2.00409e-07
1.76915e-06 -3.94219e-07
9.97333e-07 5.02778e-07
7.68261e-07 -1.42192e-07
-1.13051e-06 2.23242e-08
-1.42638e-06 -1.2511e-07
-1.37484e-06 -4.11674e-07
1.19647e-06 -5.04781e-07
-3.63335e-07 3.738e-07
9.3289e-08 -4.67612e-08
5.56357e-07 4.48197e-07
-7.50351e-07 2.16499e-08
7.93062e-07 -1.49867e-07
9.03442e-07 -3.31995e-07
-3.65006e-07 1.46927e-07
-1.2478e-06 -1.55868e-07
6.49474e-07 2.96896e-07
6.10828e-07 -4.45038e-07
-1.61721e-06 2.29621e-07
-1.71738e-06 -3.84768e-07
5.86975e-07 3.00132e-07
1.08202e-06 4.38906e-08
-7.96616e-07 3.66322e-07
-1.45399e-06 -5.8748e-07
-1.09771e-06 6.42748e-08
8.30887e-07 3.67405e-07
-4.11996e-07 6.08126e-08
1.03583e-06 3.85144e-07
1.35697e-06 -2.3034e-07
-1.73166e-06 3.92174e-07
8.71315e-07 -1.96519e-07
6.34223e-07 -3.06035e-07
1.50741e-06 3.74168e-07
4.34599e-07 -2.79335e-07
-6.25557e-08 -4.51995e-07
1.55706e-06 -3.94604e-07
-9.09818e-07 -4.06079e-07
-6.6578e-07 6.61001e-07
-1.30828e-06 1.32598e-07
1.18037e-06 -6.17531e-07
-1.02914e-06 6.81207e-07
-4.81826e-07 5.29927e-07
1.16395e-06 6.69051e-07
2.80767e-07 -5.80866e-07
3.3537e-07 -4.32715e-07
1.16093e-06 -5.64699e-07
1.44618e-07 1.48111e-07
1.67657e-06 -3.52865e-07
4.75844e-07 -3.47902e-07
-1.40186e-06 -1.59639e-07
-1.1099e-06 6.18674e-07
2.3144e-07 3.49021e-07
-1.30656e-06 -1.1822e-07
1.35257e-06 5.05657e-07
-1.53353e-06 -6.11618e-08
1.41277e-06 -6.25203e-07
1.74043e-06 -5.382e-07
3.71925e-07 -2.92542e-07
-3.41615e-07 4.72487e-07
-7.92476e-07 6.19241e-07
3.20712e-07 1.09234e-07
8.67082e-07 -5.6054e-08
1.32645e-06 -2.74311e-07
1.06079e-06 3.15646e-07
1.06714e-06 4.98198e-07
-8.53211e-07 3.24422e-07
-1.49906e-06 -5.87604e-07
-1.21919e-07 1.83173e-07
5.64696e-07 -4.29546e-07
-1.19023e-06 -4.18142e-07
-1.26848e-06 -5.42465e-07
-1.77064e-06 3.47895e-07
-2.8396e-07 4.23652e-07
-9.2271e-08 -4.76456e-07
-1.09846e-06 2.49041e-07
1.348e-06 -4.2643e-08
-3.69354e-07 -1.99565e-07
5.82344e-07 5.68517e-07
2.19166e-07 1.42041e-07
-1.04402e-06 -1.46827e-07
-1.20231e-06 3.95308e-07
1.62575e-06 -5.19487e-07
2.62573e-07 6.8436e-07
1.20523e-06 1.02311e-07
-8.77736e-07 3.1509e-07
6.59326e-07 4.47291e-07
-1.69401e-07 4.65777e-07
-9.33649e-07 3.54276e-07
-1.04006e-06 5.98024e-08
1.84424e-07 3.70232e-07
-1.52032e-06 6.34454e-07
-3.15285e-07 6.38582e-07
1.45752e-06 8.01805e-08
-1.5169e-06 -4.12398e-07
4.10168e-07 -3.55089e-07
1.4718e-06 -5.48378e-07
6.23758e-07 -5.8034e-07
9.60266e-07 -3.54172e-07
3.29626e-07 -4.07255e-08
-5.2207e-07 8.62985e-08
-9.74861e-07 -1.76487e-07
1.52954e-06 -3.89317e-07
-1.22566e-06 -5.02953e-07
1.6501e-06 6.43627e-07
4.78289e-07 3.974e-07
-1.67521e-06 3.86622e-07
-1.74087e-06 3.60815e-07
-1.81088e-06 2.76077e-07
-1.03446e-06 -5.76981e-07
1.61196e-06 1.83432e-07
-6.39261e-07 -1.76296e-07
2.68766e-07 4.79525e-07
-5.5074e-07 5.07608e-07
5.71553e-08 -6.3605e-07
-5.56634e-07 6.84295e-07
1.47101e-06 5.71953e-07
-1.0798e-06 -4.0366e-07
-5.56748e-07 -1.09881e-07
-1.77458e-06 -4.30599e-07
-1.04808e-06 6.76454e-07
1.08474e-06 -4.85678e-07
1.31974e-06 4.36275e-08
1.68337e-06 5.10104e-07
-8.0961e-07 -6.18033e-08
2.35049e-07 -7.30661e-08
8.45871e-07 -4.11276e-07
3.3547e-08 3.61936e-07
2.15681e-07 5.39222e-07
-9.64267e-07 -2.79818e-07
-7.63952e-08 2.90358e-07
-1.80727e-06 -3.33682e-07
-2.92766e-08 -1.74031e-07
-1.78342e-06 2.77102e-07
1.6703e-06 1.90822e-08
-6.70611e-07 1.19968e-07
-1.74066e-08 -3.03083e-07
-8.84612e-07 2.14889e-08
-6.4685e-07 3.13462e-07
2.50068e-07 -8.00473e-08
1.52725e-06 -1.37086e-07
-4.15978e-08 -6.34097e-07
-4.00969e-07 5.38796e-07
-4.54364e-07 -6.16137e-07
4.4848e-07 -3.3304e-07
-9.19266e-08 9.84618e-08
-1.12451e-06 2.01735e-07
5.50746e-07 -4.57144e-07
-1.09725e-06 -6.40073e-07
-9.44669e-07 3.31095e-07
1.63605e-06 9.96582e-08
-7.19713e-07 4.04148e-07
-1.24137e-06 6.42782e-07
3.18742e-07 3.72954e-07
1.75436e-06 -1.44304e-07
-3.28676e-07 -3.90335e-07
-6.31881e-07 6.74252e-07
-1.68556e-06 4.58188e-07
-9.30285e-07 -1.2047e-07
-1.21355e-07 1.40956e-07
7.17369e-07 1.7519e-07
1.35245e-07 5.80238e-07
1.38334e-06 4.36493e-07
1.00863e-06 3.87286e-07
8.15844e-07 -4.46324e-07
-1.2517e-06 -5.7064e-07
1.40883e-06 -4.90035e-07
8.00057e-07 -5.13528e-07
-7.86311e-07 -2.5368e-07
-1.59649e-06 2.4373e-07
-8.34267e-07 3.47414e-07
-1.49472e-06 4.20411e-07
-8.57189e-07 1.58615e-07
6.72213e-07 5.4896e-08
6.67648e-07 -3.38447e-07
-8.49665e-07 6.0102e-07
6.53339e-07 -3.46629e-07
-1.10165e-06 3.0238e-07
-1.32819e-06 -4.48174e-08
-8.33628e-07 2.99232e-07
-1.01256e-06 5.26268e-07
-1.40239e-06 1.16226e-07
-6.13152e-07 2.40052e-07
-5.72905e-07 3.6404e-07
1.37295e-06 5.90357e-07
-1.69805e-07 -2.97568e-07
-9.69624e-07 -3.67988e-07
-1.20388e-06 -6.28927e-08
9.31238e-07 -2.06925e-07
-8.63773e-07 -4.18456e-07
6.82726e-07 -3.79626e-08
1.16747e-06 3.18864e-07
-4.98309e-07 -2.80145e-07
-1.43785e-06 -4.86323e-08
1.38953e-06 1.2563e-07
1.55273e-06 3.41622e-07
1.47323e-07 -4.53552e-07
7.07151e-07 3.59689e-07
1.18435e-06 5.16582e-07
-1.3524e-06 5.95025e-07
-1.5233e-06 -6.68896e-07
-1.54647e-06 -2.82117e-07
-1.18651e-06 -2.27994e-07
9.20552e-07 -2.57145e-07
-1.05568e-07 1.75709e-07
8.94851e-07 8.65847e-08
-1.72683e-06 2.6468e-07
-1.28014e-06 -1.89831e-07
4.77562e-07 6.76625e-07
6.96163e-07 -5.60276e-08
1.34402e-06 2.7438e-07
1.31292e-07 1.18061e-07
-1.04232e-06 1.46944e-07
1.30913e-06 3.91292e-07
-1.58743e-06 6.20241e-07
-1.56302e-06 -1.14925e-07
1.61984e-06 -3.27834e-07
-1.37142e-06 6.44162e-07
-8.41711e-07 -6.85131e-07
8.82637e-07 -3.15728e-07
-1.60238e-06 -4.97786e-07
3.23847e-07 -5.11569e-07
1.45581e-07 3.72424e-07
9.96886e-07 -3.94593e-07
-1.17412e-06 -2.64585e-07
1.6979e-06 -6.54414e-07
-1.49795e-06 4.47668e-07
-1.81931e-06 -6.79169e-07
1.13576e-07 -3.77961e-07
9.57013e-08 -5.95238e-07
3.24388e-07 5.5664e-07
1.70123e-06 6.05017e-07
2.43131e-07 -1.51126e-07
1.14039e-06 -1.15631e-07
7.04063e-07 6.33097e-07
3.93941e-07 -4.45911e-07
4.0655e-07 4.60782e-07
-2.57385e-07 -1.2758e-07
1.28887e-06 -3.78767e-07
5.30407e-08 4.26482e-09
-1.31529e-06 6.88325e-07
-6.57704e-07 -5.34176e-07
-1.20785e-07 -3.36364e-07
1.76772e-06 -6.35093e-07
1.02941e-06 7.20803e-08
9.03225e-07 -4.60183e-07
-2.5514e-07 -1.64013e-07
-1.0871e-06 -3.68698e-07
-1.71405e-06 -2.27002e-07
6.80552e-07 -4.6951e-07
4.50426e-07 4.81299e-07
1.29355e-06 3.14448e-09
9.40632e-07 4.67629e-07
-7.34415e-07 -4.96959e-07
3.36127e-07 -6.79699e-08
1.48778e-06 -5.16017e-07
-1.36831e-06 4.19479e-08
7.91903e-07 4.15959e-07
-2.88635e-08 -5.50987e-07
-4.93601e-07 -3.34331e-07
1.18875e-06 -1.68345e-09
-4.68157e-07 -1.5249e-07
1.30881e-06 5.43211e-07
1.82268e-06 5.36175e-07
-7.42175e-08 2.57047e-07
-5.23059e-07 -3.34476e-07
1.59349e-06 -8.8322e-09
-1.08147e-06 3.97258e-07
8.7575e-08 5.33901e-07
1.62461e-06 3.40338e-07
-1.1831e-06 -2.69727e-08
1.64621e-06 -3.72972e-07
-5.63832e-07 -8.55036e-08
2.1519e-08 -8.33251e-08
1.75246e-06 2.9828e-07
1.66892e-06 1.08915e-07
5.21888e-07 -1.4979e-07
-6.02792e-07 -5.13452e-07
-1.4262e-06 -4.37348e-08
1.82413e-06 -6.2905e-07
-1.15038e-06 6.28362e-07
-1.80481e-06 -2.10972e-07
-8.1307e-07 -6.31828e-07
7.37059e-07 1.03094e-07
4.81854e-09 2.94523e-07
1.36008e-06 -2.3379e-07
-3.86283e-07 -5.3252e-07
1.13176e-06 -3.60819e-07
1.00495e-06 5.79224e-07
1.74603e-06 -4.12449e-07
1.78445e-06 -6.77538e-07
-1.0155e-06 4.59484e-07
3.20872e-07 -5.09365e-07
1.37307e-06 -6.97947e-07
1.46828e-06 -1.40558e-07
1.67167e-06 -9.10716e-09
4.15905e-08 -6.18522e-07
-1.24366e-06 4.56187e-08
4.54721e-07 5.67827e-07
1.79929e-06 2.18637e-07
4.46554e-07 -2.52159e-07
-5.9452e-07 -6.40357e-08
1.67622e-06 3.73142e-07
-9.69237e-07 -3.09828e-07
7.60805e-07 5.78278e-07
1.20626e-06 2.77491e-07
2.74136e-07 6.18718e-07
2.11738e-07 -4.82626e-07
-1.34113e-06 -3.8234e-07
-7.31597e-07 -4.6376e-08
-1.00137e-06 4.03217e-07
6.07972e-08 5.55117e-07
1.14655e-06 6.35465e-07
1.24817e-06 1.09168e-07
8.63362e-08 -2.8664e-07
-1.31736e-06 5.32489e-07
-1.75297e-06 -1.59608e-07
9.56614e-07 -1.42995e-07
1.05519e-07 4.37816e-07
9.18067e-07 -6.35314e-07
1.66895e-06 1.61895e-07
-7.94634e-07 5.42002e-07
2.00292e-07 -5.09678e-07
1.24993e-06 4.19374e-07
-3.7334e-07 9.90942e-08
-7.78492e-07 -5.24577e-07
6.24985e-10 6.52713e-08
-5.51058e-07 -1.49471e-07
-1.30109e-06 2.5567e-07
1.48643e-06 -6.84962e-08
-1.4033e-06 5.16539e-07
1.54145e-06 -6.43655e-07
-1.48576e-06 6.99552e-07
-1.44178e-06 -1.94513e-07
3.74935e-08 -1.29831e-07
-1.26006e-06 2.44472e-07
-1.46204e-06 -6.73584e-08
1.0864e-06 -4.2815e-07
6.75729e-07 -6.63795e-07
1.43619e-06 3.35385e-07
-1.68621e-06 -2.10909e-07
1.09446e-06 -2.05954e-07
-1.61462e-06 -3.30577e-07
-5.2016e-07 2.20296e-07
1.79371e-06 -2.75386e-07
-1.08608e-06 1.08595e-07
-3.32112e-07 -4.52367e-07
-1.78889e-06 4.77239e-07
-1.51454e-06 -3.10207e-07
1.4237e-06 6.56769e-07
6.18426e-07 7.69149e-08
-1.1172e-06 2.9533e-07
8.62749e-07 4.67487e-07
1.53422e-06 5.48631e-07
1.15186e-06 -1.08284e-07
-6.37005e-07 1.72039e-07
-1.02476e-06 3.40343e-07
1.62604e-06 -3.50748e-07
-1.89e-07 5.16525e-07
-1.67945e-06 5.22218e-07
2.41359e-07 5.51142e-07
-1.77777e-06 6.29731e-07
8.1377e-07 -5.68684e-07
1.61561e-06 1.48752e-07
-7.05526e-07 1.24272e-07
1.19507e-06 4.00486e-07
-5.08284e-07 -2.7908e-07
1.28012e-06 3.81859e-07
-1.76535e-07 6.93654e-07
1.06438e-06 3.75946e-09
1.25876e-07 1.9877e-07
3.56261e-07 -2.11135e-07
-1.65924e-06 -2.55988e-07
1.15054e-08 6.34901e-07
-5.46618e-07 8.15541e-08
-1.61373e-06 5.39346e-07
3.00207e-07 -5.55543e-07
8.27427e-07 3.66521e-07
6.11993e-07 5.90672e-08
4.8633e-08 -2.02007e-07
1.01802e-07 -3.03619e-07
1.3638e-07 6.55742e-07
1.70753e-07 -1.19042e-07
-3.4547e-07 -2.37183e-07
-1.30769e-06 1.07758e-07
9.08997e-07 6.75625e-07
-1.37569e-06 -2.96049e-07
2.84568e-07 2.58403e-07
1.57078e-06 -6.20518e-07
1.24487e-06 -1.29815e-07
1.50053e-06 -3.46777e-07
9.07594e-08 3.6762e-07
4.51966e-07 -6.823e-07
1.64726e-06 5.40165e-07
9.02147e-07 -4.13331e-07
-1.01336e-06 1.65907e-07
-1.4819e-06 2.76865e-07
5.81397e-07 -2.18914e-07
5.64563e-07 5.39134e-07
-2.43225e-07 2.3916e-08
1.82455e-06 -6.99863e-07
1.58558e-06 6.00365e-07
-4.65398e-08 -3.66271e-07
1.47393e-07 -2.90682e-07
1.65136e-06 8.42756e-08
1.61551e-07 1.00025e-07
-7.5819e-07 3.40894e-07
-1.51717e-07 -3.97071e-07
-1.60518e-06 3.81164e-07
1.5409e-06 -2.90543e-07
8.77851e-09 -4.67577e-07
2.00351e-07 -1.94616e-07
2.97679e-07 -3.97842e-07
6.85593e-07 5.87766e-07
-1.20101e-06 3.32318e-07
1.386e-06 -4.33769e-07
3.4815e-07 -4.48905e-07
-1.08968e-06 -5.76701e-07
5.122e-07 2.29914e-07
7.65069e-07 1.96994e-07
-1.26654e-06 -5.69975e-07
9.54788e-07 5.16918e-08
7.37519e-07 2.33143e-07
7.07939e-07 -5.67955e-07
-1.06852e-06 5.22724e-07
5.15052e-07 -4.75754e-07
-1.78929e-06 -2.13269e-07
-2.45738e-07 5.72585e-07
4.92381e-07 -5.54136e-07
1.48548e-06 -4.63975e-07
1.54936e-06 -6.90467e-07
-1.05243e-06 -2.77203e-07
-8.44011e-07 3.01589e-07
1.39784e-07 5.59594e-07
1.37569e-06 -2.56946e-07
-6.65117e-07 5.97725e-07
3.30609e-08 1.82481e-07
-1.74627e-06 -3.36432e-07
6.35025e-07 -5.22429e-07
-1.02731e-06 -5.72731e-07
-9.93998e-07 -5.25975e-07
-3.78445e-07 6.55442e-07
-8.43122e-07 6.64997e-07
1.45973e-06 3.81302e-07
-5.96873e-07 4.41917e-07
-4.72188e-07 -1.22687e-07
1.67105e-06 1.98754e-07
-1.58156e-06 -3.64757e-08
1.52713e-06 -2.85633e-07
1.18911e-06 6.58405e-07
-1.09879e-06 -8.83172e-08
1.77906e-06 5.79932e-07
1.35001e-06 -2.21076e-07
1.55729e-06 -5.40763e-07
1.7695e-06 6.73539e-07
5.43076e-07 -2.02693e-07
-9.76893e-07 1.31468e-07
-1.1802e-06 3.4554e-07
1.08412e-06 -3.76885e-07
3.86444e-07 -6.52738e-08
-1.14401e-06 -6.79644e-08
1.00338e-06 -5.30729e-07
5.61579e-07 -5.37325e-07
4.52142e-07 4.04442e-07
-1.76532e-06 7.41242e-08
-1.02478e-08 -6.39851e-07
-1.59417e-06 1.50901e-07
1.81351e-06 1.81808e-08
-9.62629e-07 6.51678e-07
-2.16927e-07 -1.59098e-07
-2.63753e-07 1.7438e-07
-3.44507e-07 -4.11282e-07
-1.17215e-06 6.53044e-07
-7.52875e-08 5.92751e-07
1.44516e-06 -6.8152e-07
7.99028e-07 -3.01066e-07
-1.40159e-06 1.5463e-07
-1.11704e-06 -1.0331e-07
-4.30258e-07 -3.59081e-07
3.09144e-07 -1.87401e-07
-1.53058e-06 -6.29661e-07
-1.01325e-06 4.8151e-07
2.73768e-08 5.71342e-07
-6.21874e-07 1.01634e-07
5.49432e-07 1.04937e-07
1.81498e-06 1.77394e-08
-1.58657e-06 -6.65791e-07
-1.02855e-06 1.86589e-07
4.75808e-07 1.59334e-07
-1.38621e-06 -4.94413e-07
1.10565e-06 1.90975e-07
3.15127e-07 6.53123e-07
1.20587e-06 3.30387e-07
1.43048e-06 2.56161e-07
7.76355e-07 -3.57653e-07
-3.02046e-07 -7.33972e-08
2.02505e-07 -4.7931e-07
9.7971e-07 -5.13123e-07
-1.67617e-06 -5.41807e-07
-1.32146e-07 -4.14113e-07
1.21545e-06 5.53276e-07
-1.10668e-06 -1.31816e-08
-1.35662e-07 -6.42965e-07
-1.50316e-06 5.75237e-07
1.01559e-06 -4.6812e-08
-1.017e-06 6.46486e-07
5.80753e-07 5.07762e-07
6.66424e-07 4.09763e-07
4.61019e-07 3.74944e-07
-9.31215e-07 3.95941e-07
1.48686e-06 2.64307e-09
-4.69821e-07 -6.56222e-07
1.50441e-06 3.4196e-07
-9.17545e-07 1.8945e-07
1.07945e-06 5.09404e-07
-5.6157e-07 -4.73091e-07
8.41368e-07 6.70169e-07
9.8099e-07 -1.34876e-07
-1.40545e-07 6.23726e-07
-1.76063e-06 -2.66488e-07
1.36341e-06 5.86218e-07
-7.5182e-07 -5.06231e-08
1.35813e-07 -6.1028e-07
-1.47815e-07 -2.49633e-07
-2.60348e-09 -1.74155e-07
-1.59878e-06 5.17352e-07
-1.3998e-06 -5.55438e-07
6.27962e-07 -2.82311e-07
-2.93692e-07 -1.34803e-07
-1.74569e-06 6.18604e-07
2.4731e-08 1.5942e-07
1.21674e-06 3.73083e-07
-9.14556e-07 2.89507e-07
-2.64725e-07 -3.80094e-07
-2.47084e-07 -5.67686e-07
8.30685e-07 2.12725e-07
1.14107e-06 5.34571e-07
3.28828e-07 -6.11829e-07
7.6963e-07 -1.53978e-07
1.01524e-06 3.46947e-07
-7.15123e-07 3.95244e-08
-9.6663e-07 2.60095e-07
-5.4195e-07 1.35998e-07
-1.54028e-06 3.33925e-07
-8.1316e-07 9.97498e-08
-8.92738e-07 5.67695e-07
1.45585e-06 -5.02945e-07
1.19634e-07 -2.00852e-07
5.2737e-07 -2.19271e-07
-7.33252e-07 -1.31121e-07
1.61993e-06 -1.15991e-07
-1.66118e-07 6.25514e-07
-8.67732e-07 5.38447e-08
9.13213e-08 -1.23166e-07
-1.48655e-06 -6.35908e-07
1.38522e-06 -3.56318e-07
-7.87243e-07 2.90603e-07
-1.28481e-06 -6.18817e-07
-9.49408e-07 1.12258e-07
5.25885e-07 5.80047e-07
1.56616e-06 -9.64695e-08
1.13481e-06 6.22267e-07
1.46527e-06 6.92339e-07
-4.65211e-07 6.59436e-07
3.71107e-07 2.52809e-07
1.27982e-06 2.59673e-07
1.26905e-06 -5.24916e-08
-5.61165e-07 4.02321e-07
-1.82101e-06 6.99325e-07
1.131e-07 -3.38704e-07
-8.17546e-07 -4.0065e-07
5.4853e-07 -3.27793e-07
-2.47773e-08 -6.60378e-07
-6.7817e-08 -4.00805e-07
1.70495e-06 5.04073e-07
-1.6024e-06 2.53018e-07
2.70476e-07 -4.04722e-07
-3.64565e-07 -6.63602e-07
-6.6618e-07 3.64517e-07
-4.78524e-07 1.40246e-08
6.40354e-07 2.88193e-07
1.49444e-06 -5.14524e-07
4.49845e-07 3.11797e-09
1.00019e-06 1.02813e-07
-1.19848e-06 5.66997e-07
-9.73839e-07 -8.77886e-08
-9.91101e-07 6.75502e-07
-1.3122e-06 -6.1281e-07
7.06734e-08 4.26893e-08
5.99421e-07 -4.03071e-07
1.77891e-06 -3.72191e-07
-1.71159e-06 3.62748e-07
1.11557e-06 -6.4288e-08
-2.16412e-07 8.98298e-08
-1.21238e-06 5.95384e-07
-1.51009e-06 4.215e-07
1.3549e-06 3.63473e-07
1.62447e-06 -1.43562e-07
-1.40646e-06 1.14861e-07
9.96712e-07 3.19573e-07
7.25387e-08 5.66914e-07
-1.2709e-06 4.08247e-07
4.67208e-07 4.75097e-07
9.73943e-07 -3.24181e-08
1.08783e-06 -4.68698e-07
-2.01895e-07 -3.35582e-07
-1.63995e-06 -3.779e-07
9.54304e-07 6.11239e-07
-1.5581e-07 1.73026e-07
4.50568e-07 -5.53914e-07
1.0143e-06 2.58186e-07
1.61706e-06 4.65504e-07
1.68499e-06 4.18252e-07
6.08434e-07 6.65049e-07
-1.11282e-06 -1.64101e-07
1.16355e-06 3.02697e-07
3.61388e-07 6.78729e-08
8.81867e-07 1.74881e-07
1.56614e-06 6.26237e-07
-1.21145e-06 1.17023e-07
-1.11451e-06 -7.49947e-08
1.3319e-06 4.1544e-07
1.531e-06 -6.70583e-07
5.95334e-07 5.26941e-07
-1.6919e-07 -8.69693e-08
1.66788e-06 -3.89155e-07
6.07691e-07 -3.109e-07
-8.89488e-07 6.05449e-07
-1.35804e-06 -2.82978e-08
6.03897e-07 2.05744e-07
6.89507e-07 5.99972e-07
-8.92901e-07 9.07978e-08
4.13398e-07 1.6213e-07
4.11408e-07 1.9684e-07
1.23963e-06 -6.27796e-07
-8.18393e-07 -2.9971e-07
1.52041e-06 -2.38187e-07
-1.79962e-06 -6.58272e-07
4.28374e-07 -3.77431e-07
9.23e-07 -1.46252e-07
1.44826e-06 -6.82555e-07
-1.5054e-06 -5.17561e-07
1.77315e-06 -4.79708e-07
-1.81557e-07 2.13581e-07
-1.15695e-06 1.45253e-07
-1.5391e-06 -3.54623e-07
1.28102e-06 5.84757e-07
-1.47796e-06 -2.93446e-07
2.95435e-07 2.94191e-08
6.42563e-07 -5.99485e-07
3.56527e-07 1.91205e-07
2.42853e-08 4.45629e-07
-7.83985e-07 -6.42234e-08
-4.2679e-07 1.83826e-07
-1.38609e-06 -2.67277e-07
1.32989e-06 -7.48711e-08
1.17259e-06 -4.26045e-07
3.97147e-07 -1.66138e-07
-1.2039e-06 -1.92873e-07
4.43099e-08 -4.95269e-07
-5.38369e-07 -5.9152e-07
1.71047e-06 8.23952e-08
1.15275e-06 4.65708e-07
1.67491e-06 4.83783e-07
-4.59816e-07 2.02471e-07
8.8391e-07 2.13859e-09
-1.0808e-06 -4.04207e-07
-8.0976e-07 6.0548e-07
-1.63896e-06 2.83444e-07
-1.68902e-06 -2.97498e-07
-1.10408e-06 -2.88112e-07
-1.24934e-06 7.39396e-09
-1.68e-06 3.63713e-07
1.31537e-07 -3.28615e-07
9.76553e-07 3.28516e-07
-6.77888e-07 -1.36747e-07
6.49258e-07 2.51625e-08
-2.26678e-07 1.58679e-07
1.51616e-06 1.60407e-07
8.98649e-07 6.0323e-07
-1.22028e-06 -5.92469e-07
6.14739e-07 4.20343e-07
-1.78519e-06 -3.39956e-07
-9.78483e-07 5.0307e-07
1.04379e-06 3.21904e-07
1.32479e-06 3.09937e-07
-8.59371e-08 -4.00567e-07
1.24237e-06 3.28929e-07
6.5542e-07 5.48966e-07
9.4218e-07 -2.65206e-08
-4.03558e-07 1.45581e-07
-8.01262e-07 4.27775e-07
-1.24637e-06 -5.04011e-07
6.1718e-07 -6.83014e-07
-1.59784e-06 3.05482e-08
1.36461e-06 -3.50055e-08
9.28732e-08 -6.0591e-07
-4.54749e-07 -6.0879e-07
-1.52295e-06 1.87315e-08
-3.23491e-08 3.06088e-07
-1.75057e-07 1.70774e-07
-1.35617e-07 -6.28541e-07
1.54173e-06 4.46324e-07
1.73342e-06 -1.46594e-07
-2.41379e-07 -6.05723e-08
1.21484e-06 5.86602e-07
8.7527e-07 4.89458e-07
1.15165e-06 6.1854e-08
-2.99733e-07 -5.78813e-07
-1.62837e-06 1.0422e-07
-1.52902e-06 -4.98495e-07
9.07509e-07 -3.56012e-07
1.09077e-06 6.51504e-07
1.68724e-06 -4.89746e-07
-1.05175e-06 -2.09665e-07
1.57018e-06 -4.62959e-07
1.06723e-06 -2.20329e-07
-1.55514e-06 5.02115e-07
6.61332e-08 -5.25359e-08
-1.14776e-06 2.98189e-07
-7.05111e-08 2.41925e-07
7.5767e-07 -4.59627e-07
-1.94972e-07 -4.22803e-07
1.36975e-06 4.84784e-07
-5.36106e-07 -4.2848e-07
-6.40463e-08 2.14254e-07
1.1606e-06 5.71225e-07
6.64521e-08 2.13765e-07
-1.01659e-06 -4.33245e-07
-6.95859e-07 4.65353e-07
7.51026e-07 5.0236e-07
-7.86024e-07 -2.26451e-07
-6.1459e-07 3.32693e-07
1.9604e-07 2.02444e-07
1.43412e-06 -5.17232e-07
1.76589e-06 -1.75841e-07
-5.42944e-07 -7.45631e-08
6.5398e-08 2.17796e-07
4.58037e-07 6.97286e-07
5.8306e-07 -4.351e-07
1.45295e-06 -5.87575e-07
1.23036e-06 -2.90537e-07
-3.35373e-08 4.92544e-07
-8.94864e-07 5.25138e-07
-1.09431e-06 4.33576e-07
2.08188e-07 -2.81108e-07
-1.81128e-06 -3.07574e-07
2.6845e-07 2.08605e-07
1.61394e-06 -1.22346e-07
7.56739e-07 6.62264e-07
4.5311e-07 -6.76088e-07
-4.49287e-07 -2.39159e-07
-1.5075e-06 -4.33464e-07
-2.35548e-07 2.02578e-07
-1.6862e-06 -3.18452e-07
-1.7056e-06 4.59261e-07
-2.76975e-08 3.61967e-07
8.56175e-07 6.40322e-07
1.0709e-06 4.69133e-07
1.59443e-06 -2.00226e-07
1.77864e-06 -5.40787e-07
1.74249e-06 6.95545e-07
2.35613e-07 1.84796e-08
5.26627e-07 8.22747e-09
-5.41639e-07 -1.81134e-07
1.64797e-06 -3.685e-07
-3.36109e-07 1.96281e-07
-9.53251e-07 5.92486e-07
1.47204e-06 3.93378e-08
-1.47607e-06 -6.44772e-07
1.09228e-06 2.04034e-07
5.45974e-07 6.08073e-07
-4.27892e-07 6.72402e-07
1.50178e-06 -3.98537e-07
-7.21426e-07 -1.79985e-07
-2.51947e-08 -2.30845e-07
1.80167e-06 -2.97734e-07
8.37611e-07 -4.51376e-07
-1.18205e-06 -3.95448e-07
-5.83976e-07 1.68099e-07
-9.26986e-07 2.31945e-07
-1.08903e-06 -6.37422e-07
-1.58184e-06 -4.50165e-07
-8.17101e-09 6.23915e-07
-1.61008e-06 -6.8334e-07
1.44816e-06 -4.9061e-07
-1.11571e-06 4.75944e-07
-4.74e-07 6.1814e-07
-1.16099e-06 1.38188e-07
-1.80348e-06 3.22735e-07
1.78391e-06 1.65345e-07
5.30038e-07 -3.68175e-08
1.53486e-06 2.4223e-07
1.39184e-06 -3.28756e-07
1.50548e-06 -5.42164e-07
7.962e-07 -3.53326e-07
-1.307e-06 -2.39699e-07
-5.41182e-07 -2.8668e-07
1.49875e-06 5.41156e-07
-5.13456e-07 6.30981e-07
1.3314e-07 1.53808e-07
9.77482e-07 -5.84695e-07
7.86312e-08 6.62377e-07
1.59976e-07 2.2153e-07
1.80073e-06 -1.96157e-08
-5.55304e-07 -3.8116e-07
2.05657e-07 -3.87517e-07
-8.23645e-07 -2.59738e-07
-1.50353e-06 -2.11664e-07
-1.45706e-06 -5.60003e-07
-5.55472e-07 -5.81506e-07
-1.1413e-06 -1.0684e-07
1.3512e-06 -1.75413e-07
-1.72585e-06 -5.47031e-07
1.05728e-06 -2.13733e-08
-1.06962e-06 -3.85656e-07
5.98687e-09 3.64084e-07
-6.45821e-07 -6.33237e-07
1.364e-06 -1.45686e-08
-1.06914e-06 -4.7395e-07
6.43569e-07 -6.01414e-07
1.51538e-06 -4.59541e-07
1.63053e-06 2.32918e-07
-4.89639e-07 -6.65111e-07
-1.62858e-06 -6.86712e-07
-2.30107e-07 -5.5449e-07
-9.79985e-07 2.48033e-07
-1.07637e-06 1.61899e-07
1.72716e-06 -4.40925e-07
1.02256e-06 6.94424e-07
-6.52852e-07 6.9827e-07
1.28934e-06 -5.89025e-07
-1.42096e-07 -1.27141e-07
5.75535e-07 5.61385e-07
-5.13062e-07 -3.98948e-07
5.97952e-07 6.59562e-08
-1.11922e-07 6.04358e-07
-7.08982e-07 4.01676e-07
-1.06358e-06 4.44388e-08
1.0394e-06 4.09977e-07
-9.05175e-07 -6.83355e-07
-9.99985e-07 9.44066e-08
1.3343e-06 -1.48376e-07
1.76269e-06 6.35549e-07
-5.80431e-07 -5.72052e-07
2.81764e-07 -6.40093e-07
1.67523e-06 -2.59734e-07
-6.67971e-07 7.59228e-08
-7.14774e-07 1.87236e-07
1.25616e-07 5.44925e-08
-6.83919e-07 1.09947e-07
-9.6873e-07 3.77549e-07
8.20179e-07 -6.25428e-07
-9.13038e-07 4.50389e-07
5.86827e-07 3.04356e-07
1.38232e-06 -3.58602e-07
1.63936e-06 -6.69685e-07
1.45129e-06 4.70719e-07
-3.53024e-07 -4.82334e-07
-1.76639e-06 7.30666e-08
1.33426e-06 2.43927e-07
4.64002e-08 2.49649e-07
-4.89948e-07 -7.39641e-08
-2.36471e-07 1.23026e-08
8.25526e-07 3.35739e-07
7.22051e-07 -5.04052e-07
1.04419e-06 -5.49309e-07
1.61039e-06 1.96812e-07
-2.18099e-07 2.57623e-07
1.58383e-06 6.83165e-07
-2.83994e-07 2.73265e-07
-1.71092e-06 -6.8417e-07
-1.15501e-06 5.80429e-07
-2.88352e-07 -1.38452e-07
-7.85653e-07 -4.54155e-07
-1.67001e-06 -6.33314e-07
1.51917e-06 -2.16989e-08
-1.54143e-06 -4.46753e-07
4.85848e-07 -6.76022e-07
-4.9006e-07 -9.45662e-08
-1.46647e-06 3.13274e-08
-1.73781e-06 -1.25789e-07
-1.35697e-06 4.43941e-07
9.09943e-07 1.68332e-07
4.12678e-07 2.8345e-07
1.79064e-06 3.19725e-08
2.35917e-07 -3.67179e-07
-2.08895e-07 5.95095e-08
-1.02917e-06 6.70295e-07
6.05353e-07 6.52499e-07
1.0774e-06 -5.83826e-07
1.80597e-06 -6.06077e-07
1.62281e-06 -5.64512e-07
1.07792e-06 1.74508e-07
-1.40583e-06 -1.16388e-07
-1.66356e-06 5.29104e-07
1.33842e-07 -1.50852e-07
6.56801e-07 -5.3921e-08
-1.6279e-06 -9.07932e-08
-1.1563e-07 -1.4794e-07
-1.34393e-06 3.49835e-07
-7.19686e-07 1.69319e-07
-3.50778e-07 3.21108e-07
-1.05653e-06 2.54543e-07
2.93239e-07 -1.59399e-07
-1.42426e-06 4.99006e-07
1.34518e-06 -5.36083e-07
2.99849e-07 -2.59795e-07
-8.78965e-07 2.80038e-07
-7.32734e-07 5.94644e-07
-2.79446e-07 -9.01127e-08
5.71636e-07 -3.48992e-07
-7.26985e-07 2.19631e-07
-9.6132e-07 -5.01553e-07
1.30119e-06 -6.16531e-07
-1.98557e-07 3.24816e-07
-2.16496e-07 -3.70513e-07
1.0558e-08 -4.84798e-07
-3.28915e-07 1.89304e-07
-1.72823e-07 -6.67238e-07
1.18401e-07 -2.67968e-07
9.13824e-08 -6.29664e-07
8.86322e-07 -1.67199e-07
-6.24226e-09 1.05608e-07
1.38036e-06 -2.31513e-07
7.21799e-07 -3.20157e-07
9.68162e-07 -5.03137e-07
1.54577e-07 1.20464e-07
-9.74899e-07 -4.75268e-07
1.38389e-06 -6.41382e-07
-5.60258e-07 3.55325e-07
2.41541e-07 6.14089e-07
1.58814e-06 -2.86264e-07
-3.59123e-07 -9.50797e-09
-1.1301e-06 3.18096e-07
-1.74003e-07 -5.01067e-08
5.17321e-08 5.72418e-07
-1.58374e-06 5.76649e-07
-8.30021e-07 1.45919e-07
-1.81971e-06 -3.90003e-07
1.05766e-06 -9.52991e-08
1.34769e-06 -3.14255e-07
-1.5474e-06 5.87103e-08
9.24553e-07 3.48147e-07
1.63858e-06 -1.82844e-07
3.06547e-07 1.55106e-07
-1.47587e-06 2.86112e-07
-7.60932e-07 -2.13983e-07
-9.17592e-07 6.33039e-07
1.32312e-06 5.818e-07
8.84831e-07 6.46162e-07
-1.44223e-06 -1.06492e-07
7.61575e-09 -4.35026e-07
-8.82941e-07 -1.49774e-07
-1.29661e-06 5.93632e-07
-4.88845e-07 3.47968e-07
1.31677e-06 -2.31641e-07
5.99882e-07 -3.75618e-07
-1.75503e-06 6.69098e-07
-1.59531e-07 -3.40928e-07
7.14103e-07 2.27627e-07
-2.76423e-07 5.26631e-07
-1.3013e-06 -2.64748e-08
-1.2464e-06 -3.16718e-07
-1.21391e-06 6.45072e-07
-1.26619e-06 -4.68009e-08
1.29975e-06 6.35422e-07
-1.15549e-06 5.48967e-07
-8.99905e-07 -1.27357e-07
7.76817e-07 -1.81259e-07
2.17354e-07 -6.33749e-07
1.73783e-06 -2.30109e-07
6.4422e-07 -2.02727e-07
-9.29957e-07 4.34971e-07
8.50262e-07 2.76724e-07
-2.51692e-07 5.01227e-07
5.41286e-07 -5.59133e-07
-1.13407e-07 7.93016e-08
-1.40572e-06 -4.57435e-07
3.68536e-07 6.86514e-07
6.06544e-07 -1.6697e-07
-3.31591e-07 -4.4359e-07
-3.6994e-08 3.33758e-07
-9.68666e-07 4.96491e-07
3.89109e-07 -4.27755e-07
-1.77043e-06 -6.76595e-08
-1.40544e-06 -2.21028e-07
-1.61388e-06 -5.55613e-07
7.32447e-08 -6.73243e-07
1.29222e-06 1.71292e-07
-1.49126e-06 -2.44664e-07
-1.67592e-06 -6.55366e-07
-1.31644e-06 -3.93837e-07
-2.39478e-08 -1.92326e-07
3.21703e-07 -6.84803e-08
-1.28245e-06 2.706e-08
-1.40341e-06 4.3252e-07
7.38131e-07 -3.56652e-08
1.28038e-06 1.46296e-08
-1.56749e-06 2.12662e-07
6.64264e-07 9.49103e-08
-7.1629e-07 5.7225e-07
-1.41262e-06 1.01906e-07
8.18558e-07 -2.81904e-07
3.99891e-07 1.90839e-07
-6.78094e-07 -4.83302e-07
1.24168e-06 -3.92056e-07
1.49182e-06 6.05167e-07
1.0993e-06 1.36362e-07
-6.31701e-07 5.45306e-07
-7.46753e-07 -2.96001e-07
1.72364e-06 5.38586e-08
-5.47609e-07 -5.30138e-07
9.20529e-07 -1.09307e-07
2.98243e-07 5.23262e-07
-1.37191e-07 -5.78798e-07
5.92589e-07 5.61202e-07
-1.15088e-06 1.91626e-07
-8.20453e-08 4.42916e-07
4.52419e-07 -7.95773e-08
-1.80406e-07 -1.04913e-08
-7.75486e-07 -6.60669e-07
6.00142e-07 5.29781e-07
4.81356e-07 -2.46772e-07
-1.75574e-06 -5.47827e-07
4.7057e-07 -4.0968e-07
-4.18755e-08 2.37113e-07
1.24412e-06 2.98523e-07
-7.15149e-07 -2.31809e-07
1.30058e-06 -3.31656e-08
1.42743e-06 3.19325e-07
-6.85482e-07 -2.944e-07
7.91854e-07 -4.25936e-07
1.76346e-06 1.83693e-07
-2.26796e-07 4.73015e-07
7.52561e-07 -1.58915e-07
9.51621e-07 2.00128e-07
3.0122e-07 6.93094e-07
8.77897e-07 -5.06128e-07
-1.26441e-06 2.58118e-07
2.1345e-07 -8.1253e-08
6.11181e-07 2.07563e-07
1.81664e-06 7.76746e-08
-1.08255e-06 4.63268e-08
-1.1779e-06 6.49272e-07
-1.23876e-06 3.41144e-08
1.70094e-06 -4.52273e-07
-1.1877e-06 -5.85487e-08
1.07098e-06 -4.15341e-07
-1.66646e-06 -1.01136e-07
-3.61635e-07 -2.2675e-07
9.95307e-07 3.85955e-07
-1.65256e-06 1.34608e-07
7.26656e-07 -5.3967e-07
-6.90907e-07 1.12239e-08
-1.17022e-06 7.7213e-08
-1.29843e-06 -1.56423e-08
-1.11714e-06 -3.15457e-07
3.28098e-07 -4.40331e-07
1.71701e-06 6.76847e-07
-1.3443e-06 -4.13094e-07
-1.70547e-06 -5.49325e-08
-1.93586e-07 4.18996e-07
2.03284e-07 3.68215e-08
-1.08487e-06 -3.82127e-07
7.8136e-07 5.14361e-07
2.76456e-08 2.89815e-07
-1.13053e-06 -5.18078e-07
-1.65483e-07 -6.09016e-07
2.02261e-07 2.2567e-07
1.04492e-06 6.2391e-07
-1.13856e-07 -5.83973e-07
4.67892e-07 2.97231e-07
-6.12663e-07 -2.9949e-07
-2.45687e-07 2.33659e-07
-1.40227e-06 1.88408e-07
-1.46412e-06 5.3682e-07
8.38439e-07 6.40933e-07
-5.97879e-07 2.98846e-08
-1.48832e-07 -5.19648e-08
1.6614e-06 1.86751e-08
1.36949e-07 -6.81492e-07
6.55325e-07 6.90108e-07
1.25482e-07 4.05757e-07
4.36316e-07 2.44951e-07
-1.48765e-06 -6.13294e-07
1.5811e-06 2.70717e-07
-6.64407e-07 4.84364e-07
-1.81266e-06 -5.52578e-07
1.06653e-06 -4.70022e-07
8.52934e-07 2.33805e-07
1.1159e-06 -4.33156e-07
-1.44283e-06 -3.68813e-07
-9.8866e-07 6.7127e-07
-9.15438e-07 2.29109e-07
5.12279e-07 -5.02342e-07
-1.68343e-06 -5.41219e-07
1.05979e-06 6.26556e-07
8.68604e-07 -6.2352e-07
-1.38668e-06 1.92195e-07
-1.1284e-06 5.8648e-07
-1.67058e-06 1.43021e-07
1.26107e-06 -6.22454e-07
-6.92121e-07 1.95103e-07
-1.50584e-06 -4.95294e-08
1.35131e-06 -1.81602e-07
-7.55123e-07 -8.32064e-08
-4.5835e-07 1.53016e-07
4.06429e-07 2.76662e-07
1.24245e-07 3.77325e-07
-1.5642e-06 -5.88814e-07
-1.77519e-06 6.30346e-07
6.16463e-08 5.1249e-07
-1.30234e-06 5.64694e-07
4.58899e-07 5.50625e-08
3.98754e-07 8.78755e-08
1.73891e-06 -6.82795e-07
1.66493e-06 2.42676e-07
8.69721e-07 6.87125e-07
1.17071e-06 3.80627e-07
-1.36507e-06 -5.29908e-07
1.51649e-06 2.44387e-07
2.81632e-07 6.04548e-07
5.53752e-07 -6.072e-07
-5.78803e-07 -4.2206e-07
1.47207e-07 2.69754e-07
-3.71531e-07 6.56132e-07
-1.79114e-06 3.13254e-07
9.23312e-07 2.29133e-07
-3.27602e-07 -6.88919e-08
-1.36611e-06 3.1695e-07
1.31524e-06 6.00177e-07
-1.53925e-06 4.82941e-07
-1.57978e-06 -3.0994e-07
-2.42732e-07 6.33755e-07
-1.30082e-06 1.93955e-07
-3.04536e-07 -4.9092e-07
2.70002e-07 5.44044e-07
-8.55371e-07 1.50029e-07
-1.45433e-06 5.75e-07
-8.93905e-07 -4.63333e-07
-1.37509e-06 -3.39629e-07
-2.7457e-07 -3.29248e-07
1.43715e-06 5.19685e-07
1.53173e-06 3.5267e-07
7.65673e-07 -2.91941e-07
1.08919e-06 -2.74058e-07
1.13076e-06 -5.24618e-07
-1.59628e-06 5.01162e-07
5.53927e-07 6.73483e-07
1.76546e-07 -6.35174e-07
6.15606e-07 3.07128e-07
5.74048e-07 6.47541e-07
-6.79475e-08 -5.36985e-07
-1.26889e-06 1.34554e-07
1.64268e-06 -5.43038e-07
-1.93366e-07 5.57867e-07
8.2621e-07 6.04242e-07
1.73785e-06 -8.86146e-08
3.37416e-07 5.70721e-07
1.62002e-06 5.29105e-07
1.64312e-06 -5.03179e-08
-1.0578e-06 5.68098e-08
6.26144e-07 4.31437e-07
5.76646e-07 -6.11722e-07
1.73922e-06 6.55172e-08
-1.70738e-06 -4.89864e-07
-6.09715e-07 -5.59194e-07
-1.36336e-06 -2.48402e-07
9.52711e-07 2.0341e-07
-1.58478e-08 -1.08068e-08
1.09195e-08 -6.92481e-07
-6.18647e-07 3.70837e-07
-1.5365e-06 1.69664e-08
1.61848e-06 6.19747e-07
-1.68437e-06 -3.08349e-07
1.61676e-07 3.90451e-07
-1.0135e-06 -1.78128e-07
1.15686e-06 -5.30991e-07
-5.69095e-07 3.56962e-08
3.05592e-07 2.08134e-07
-8.31754e-07 -8.81392e-08
2.79358e-07 -6.07331e-07
-6.40263e-07 3.04908e-07
1.4223e-06 1.18328e-08
-1.60956e-06 -1.73955e-07
1.41668e-06 2.07727e-07
-1.64757e-06 -6.07977e-07
4.88549e-07 -5.58123e-07
1.35692e-06 3.98219e-07
-6.85366e-07 -1.89788e-07
1.2316e-06 -4.51904e-07
1.37208e-06 -1.84671e-07
1.33243e-06 3.26973e-07
-4.10125e-07 -2.06284e-07
-1.65282e-06 -4.09271e-07
8.55417e-07 -5.24617e-07
7.80187e-08 -5.14317e-07
-6.39514e-07 -5.3184e-07
2.83912e-07 1.01298e-07
1.17834e-06 2.45634e-07
-3.44861e-07 4.55779e-07
1.06569e-06 -5.22349e-07
7.93622e-07 4.78209e-07
4.62107e-07 2.48701e-07
1.54796e-06 -1.43221e-07
4.86369e-07 -6.14624e-07
-1.49405e-06 2.61409e-07
2.66074e-07 -6.30079e-07
-1.29612e-06 -3.6782e-07
-1.07885e-06 5.95781e-07
-3.10428e-08 7.43841e-08
-1.60403e-06 -3.63067e-07
-2.59425e-08 3.23444e-08
-1.03251e-06 -6.51924e-07
1.45258e-06 6.82882e-07
4.01528e-07 -5.44988e-07
-6.21444e-08 6.60354e-07
1.16116e-06 1.06738e-07
-1.59457e-06 6.79981e-07
-1.00372e-06 1.35342e-07
1.79361e-06 -3.07464e-07
2.97257e-07 -3.0534e-09
4.31094e-09 3.63216e-07
-9.83669e-07 -2.39874e-07
1.14763e-06 -1.77834e-07
1.62376e-06 2.84559e-07
2.79212e-07 -1.45479e-07
-3.81262e-07 2.07935e-07
1.47548e-06 6.67532e-07
-9.11036e-07 1.90099e-07
-1.29835e-06 -2.96726e-07
2.12755e-07 2.09158e-07
-3.9576e-07 -2.70568e-07
-1.29991e-06 -2.65659e-08
-1.75283e-06 5.65078e-07
-5.93537e-08 3.9275e-07
-1.54779e-06 8.42819e-08
3.64626e-07 -4.46659e-07
1.59725e-06 3.42088e-07
8.13632e-07 -3.93376e-07
-5.6018e-07 -2.88186e-07
1.03196e-06 2.76119e-07
-9.19326e-07 2.88455e-07
-2.26616e-07 -5.88488e-07
1.02835e-06 -1.25703e-07
-1.65464e-06 6.37417e-07
-1.35309e-06 1.86461e-07
-6.9871e-07 -2.6386e-11
-1.39339e-06 3.13582e-07
8.15691e-07 6.38939e-07
2.60265e-08 2.06455e-07
-1.15729e-06 -3.86565e-07
9.20019e-07 -5.80052e-07
-1.4571e-06 -2.61954e-07
1.05624e-06 4.10188e-07
9.99635e-07 -2.97319e-07
1.68244e-06 1.51335e-07
-1.37719e-07 5.96784e-07
4.45737e-07 -3.23384e-08
1.12967e-06 -6.28153e-07
9.28037e-07 4.52899e-07
7.60186e-07 -5.53671e-07
-9.02482e-07 -1.70539e-07
-9.05562e-07 -1.97732e-07
-1.78328e-06 -1.42475e-07
1.67296e-06 4.30738e-07
-4.74755e-07 4.05581e-07
3.8973e-07 -4.622e-07
5.92517e-07 2.03522e-07
-1.62242e-07 3.48303e-08
-1.20881e-06 6.65113e-07
-7.03503e-07 4.52444e-07
1.02923e-06 5.58234e-07
2.22797e-08 -2.29571e-07
4.96322e-07 -3.01215e-08
4.45865e-07 -2.6307e-07
9.57912e-07 4.49609e-07
-3.74613e-07 1.13778e-07
-9.13408e-07 -4.02545e-07
-1.38092e-07 1.28359e-07
7.23734e-07 -1.33932e-08
-5.18788e-07 -1.16989e-07
-1.75428e-07 1.77975e-07
-1.83031e-07 -4.12655e-07
-1.67411e-06 -3.06992e-07
-2.39149e-07 -4.58775e-07
-1.21154e-06 1.18599e-08
1.63953e-06 6.09205e-07
-2.57016e-08 2.56931e-07
1.30771e-06 5.34226e-07
9.43636e-07 -4.86173e-08
1.28777e-08 -3.3718e-07
7.1938e-07 5.86762e-08
1.63863e-06 -3.77491e-07
-1.43468e-06 -4.91008e-07
-6.78611e-07 -2.30149e-07
1.17951e-06 2.57921e-07
3.0334e-07 -2.45892e-07
-7.46908e-07 3.14463e-07
1.62534e-06 -3.20677e-07
-1.6231e-06 2.7531e-07
-5.83849e-07 1.61013e-07
-1.65257e-06 1.68665e-07
1.63061e-06 -2.08321e-07
-9.99456e-07 -4.03159e-07
-6.78907e-07 -5.75812e-07
-1.61521e-06 -2.31149e-07
-6.20756e-08 -5.5675e-07
-5.11585e-07 1.26352e-07
-6.00496e-08 -5.89329e-07
-1.40393e-06 2.26654e-07
-2.60081e-07 -2.04863e-07
1.59036e-06 -4.51169e-07
1.2335e-06 -2.10137e-07
-1.64281e-06 -2.82324e-07
4.47478e-07 5.05729e-07
-9.14791e-07 -6.95633e-07
-1.81166e-06 -5.2546e-07
3.13266e-07 -6.35295e-07
7.8767e-08 -3.03429e-07
1.08947e-06 -6.59687e-07
1.95758e-07 -8.06732e-08
7.7866e-07 3.04373e-07
-5.46007e-07 -5.39338e-07
8.10126e-07 -6.07443e-07
1.49353e-06 -1.424e-07
-1.33909e-06 -4.06164e-07
-1.44372e-06 -6.5843e-07
-7.24677e-09 -4.83936e-07
1.42007e-06 -2.44216e-07
4.96492e-07 4.54598e-07
-1.45591e-06 -2.77354e-08
-1.08578e-06 -9.26338e-09
4.73586e-07 -3.70366e-07
-8.19031e-08 -3.58003e-08
-1.56487e-06 -1.25605e-07
-1.66251e-06 -5.74358e-07
1.22901e-06 -5.91897e-07
-9.59967e-07 5.67555e-07
2.73365e-08 -2.34162e-07
-6.82485e-07 1.54651e-07
1.30255e-06 -4.41278e-07
1.26469e-07 1.48129e-07
7.80182e-08 2.26803e-07
-1.59382e-06 -5.37821e-07
-4.68307e-08 8.93191e-08
-5.60122e-07 -1.18028e-07
8.18977e-07 4.96343e-07
8.32194e-07 -5.64286e-07
-1.33581e-06 -4.82135e-07
-1.52312e-06 4.73809e-08
-3.21873e-07 6.8606e-07
6.82047e-07 -6.62465e-08
-1.43726e-07 -5.10739e-07
9.68422e-07 -4.3507e-07
1.21654e-06 -2.07884e-08
5.12935e-07 -5.04326e-07
1.75648e-06 5.1128e-09
-1.29949e-06 5.70618e-07
1.67786e-06 -2.92925e-07
1.75651e-06 1.58185e-07
1.02055e-06 -6.61094e-08
-1.00242e-06 1.59541e-07
-5.68805e-08 4.78238e-08
1.24123e-06 3.05001e-07
1.66593e-06 -3.07524e-08
1.61135e-06 6.40331e-07
1.7948e-06 6.24949e-07
-1.58014e-08 3.7338e-07
-2.72127e-07 6.85661e-07
-7.12909e-07 2.33982e-07
9.52705e-07 -1.60566e-07
1.71129e-06 6.08776e-08
-1.78341e-06 -1.06168e-07
7.99499e-08 -3.69381e-07
-4.61073e-07 9.51353e-08
1.73458e-06 4.72652e-08
2.35372e-07 2.55286e-07
3.43605e-07 -4.89503e-07
-1.74984e-06 -5.6185e-07
4.23478e-07 1.66785e-08
-8.05927e-07 2.24485e-07
1.27463e-06 -3.24525e-07
-1.61983e-06 2.81664e-07
-5.91821e-07 3.1209e-07
-1.05606e-06 -4.82315e-07
5.30407e-08 3.3256e-07
5.63909e-07 -2.13568e-07
-1.17951e-06 -1.05005e-07
1.50156e-06 4.58426e-07
6.23283e-07 -6.7943e-07
-1.1959e-06 -2.10374e-07
-1.6302e-06 -3.50394e-07
7.89588e-07 -6.72549e-07
9.19359e-07 5.85638e-08
-1.31479e-06 -2.94192e-08
-1.70345e-06 -1.97794e-07
-7.34733e-08 5.2412e-07
-9.80042e-07 -7.60984e-08
-1.28496e-06 2.79152e-07
-1.04065e-06 2.78488e-07
8.66632e-07 4.58508e-07
4.55199e-07 3.96953e-07
8.54728e-07 -6.42823e-07
1.12561e-06 9.70065e-09
-1.74581e-06 -2.68837e-07
-3.91066e-07 -4.4162e-07
5.75668e-07 2.83213e-07
-9.39709e-07 -2.40217e-07
1.11385e-06 -3.77613e-07
-1.14245e-06 -1.33145e-07
1.27755e-06 1.52049e-07
1.23384e-06 -5.48931e-07
3.29473e-07 -6.79e-07
1.59356e-06 6.85133e-07
1.24718e-06 7.47281e-08
6.76311e-07 2.93171e-08
-1.12422e-06 3.35967e-08
-7.12967e-08 7.73673e-08
1.01002e-06 1.60306e-07
-2.49598e-07 -5.35543e-07
-1.07256e-06 1.30946e-07
8.34203e-07 4.20058e-07
-4.57386e-07 2.22414e-08
-9.75657e-08 -3.26797e-07
-4.70166e-07 6.45546e-07
-1.15276e-06 4.52481e-07
1.71633e-06 5.47942e-07
9.63267e-07 -5.462e-07
1.02173e-06 5.6153e-07
-2.28762e-07 4.10624e-07
1.15575e-06 5.20984e-07
1.34637e-06 -7.12718e-08
1.80542e-07 2.77103e-07
-1.28452e-06 -2.58017e-07
-2.8475e-07 -5.13421e-07
-7.05667e-08 6.58916e-07
2.13166e-07 -3.4096e-07
-1.66821e-06 -2.80159e-07
3.22411e-08 -1.75191e-07
-7.28428e-07 4.46889e-08
4.11216e-10 -4.46311e-07
1.68058e-06 4.4868e-07
2.11149e-07 -1.9469e-07
-1.34433e-06 -5.01736e-07
-6.46979e-07 -5.58989e-08
-1.15475e-06 6.86704e-07
1.61503e-06 3.28806e-07
1.2133e-07 -5.94999e-07
-1.04774e-06 -2.80081e-07
5.66608e-08 -1.37143e-07
8.10557e-07 -5.77692e-09
