1.0725e-06 6.92126e-08
-4.87853e-07 -6.58799e-07
-6.98919e-07 -3.60337e-07
-1.09248e-06 2.19832e-07
4.62823e-07 -6.14175e-08
-7.41693e-07 -2.59868e-07
4.16336e-07 4.15461e-07
-4.32447e-07 -4.60697e-07
-4.79709e-07 4.37287e-07
3.92917e-07 5.70744e-08
1.55922e-06 -6.2064e-07
3.53097e-07 1.11719e-07
1.8042e-06 -7.73049e-08
1.24002e-06 -6.64357e-07
-3.25116e-08 -1.96254e-07
1.27161e-06 -3.08914e-07
-4.69039e-07 2.79194e-07
-1.40743e-06 -4.11501e-07
4.85609e-07 -6.27488e-07
8.36622e-07 -2.12585e-07
1.04112e-06 5.00533e-07
-1.57117e-06 -2.96145e-07
-1.03801e-06 -3.91986e-08
5.74572e-07 -6.72208e-07
1.17693e-06 -5.88804e-07
-6.36264e-07 -6.87772e-07
-7.34803e-07 1.74092e-07
-1.75935e-06 -9.89655e-08
-1.72351e-07 6.76377e-07
9.06506e-07 4.38668e-07
9.09125e-07 1.25496e-07
-1.03426e-06 4.43458e-07
1.77065e-06 7.90664e-08
2.5694e-07 -1.04484e-07
1.08363e-06 6.29333e-07
1.71188e-06 3.49058e-07
-7.60832e-07 3.87477e-07
-1.02464e-06 2.59041e-07
8.59756e-07 3.24486e-07
-5.10992e-07 3.20144e-07
2.425e-07 6.47962e-07
3.5975e-07 -6.16089e-08
-1.09775e-06 1.19907e-07
1.08043e-06 -6.57841e-07
-1.22679e-06 1.6244e-07
-1.37156e-06 -4.93456e-07
4.48562e-07 6.42596e-07
-8.01689e-07 4.5809e-07
4.39817e-07 6.912e-07
-1.59994e-06 -4.43726e-07
1.32578e-06 -9.35944e-08
6.09276e-07 6.06846e-07
8.19038e-08 -1.76542e-07
-1.04638e-06 -3.10776e-07
8.49068e-07 4.08905e-07
8.88032e-07 -1.91179e-07
-9.74214e-07 -4.56532e-07
-1.12875e-06 1.82312e-07
1.70477e-06 -5.55707e-07
1.79083e-07 2.19559e-07
1.596e-06 2.2561e-07
1.66269e-06 -4.17867e-08
-1.35911e-06 6.34583e-07
1.29921e-06 -4.51013e-07
-6.40224e-07 7.2519e-08
5.30588e-08 -8.23959e-08
8.10896e-07 -5.86443e-07
1.24576e-07 -2.38868e-07
-4.41883e-07 2.18883e-07
8.9084e-07 -3.07127e-07
1.25603e-06 -5.39826e-08
1.60078e-06 -5.23168e-07
1.78406e-06 -6.80172e-07
-7.76958e-07 6.511e-07
-1.39759e-06 6.78591e-07
1.16174e-06 -2.13749e-07
1.47667e-06 1.38067e-07
2.7406e-07 6.09889e-08
-1.02583e-06 4.13539e-07
1.62379e-06 -7.94557e-08
1.35764e-06 5.59912e-07
-1.80528e-06 5.45711e-07
-6.58549e-07 3.67383e-07
-1.47747e-06 -2.13814e-07
9.0964e-07 -6.56238e-07
6.45151e-07 3.43037e-08
-8.72631e-08 1.78245e-07
-1.78557e-06 2.68715e-09
-7.64652e-07 5.97793e-07
8.54227e-07 -3.0157e-08
-9.81616e-07 5.20235e-07
-2.91494e-07 5.37882e-07
-1.65706e-06 2.52996e-07
-9.78846e-07 1.3641e-07
-1.21964e-06 5.82444e-07
-1.02758e-06 -6.188e-07
1.15124e-07 -6.9752e-07
-1.36605e-06 -4.01503e-07
-1.24836e-06 -1.27875e-07
1.23166e-06 1.70226e-07
1.66126e-06 4.36081e-07
9.90955e-07 -2.66898e-07
2.51805e-07 2.95216e-07
4.32192e-07 3.45947e-07
1.16647e-06 5.54864e-07
9.74411e-07 2.10629e-07
7.0295e-07 -6.32785e-07
1.52144e-06 1.21341e-07
-1.49963e-06 -1.58878e-07
5.66432e-07 4.34816e-07
1.78038e-06 3.25035e-07
-1.36081e-06 6.60971e-08
-8.6193e-07 6.25853e-07
-7.61831e-07 -5.45197e-08
1.71185e-06 2.12558e-07
1.56328e-06 -3.70161e-07
-1.32569e-06 2.62204e-07
3.50912e-07 -6.84892e-07
-2.00907e-07 2.36037e-07
4.03558e-07 -3.16889e-07
-1.17499e-06 3.63784e-07
3.90818e-07 3.0837e-07
-1.34778e-06 4.31084e-07
1.04713e-06 -2.5647e-07
1.05354e-06 9.80959e-08
-1.49634e-06 3.50733e-08
-1.02123e-06 -5.16501e-07
-1.0476e-06 -3.56681e-07
6.72677e-09 -6.5823e-09
-9.48441e-07 5.24247e-07
1.76492e-07 -1.84949e-07
2.65191e-07 1.30785e-07
7.47486e-07 -2.63107e-07
-1.66141e-06 -1.28024e-07
7.37075e-07 -4.8973e-07
1.60194e-06 1.20486e-07
1.16496e-06 4.53159e-07
1.52693e-06 -2.16212e-08
-7.28283e-07 6.4635e-07
1.25805e-06 2.08757e-07
-1.45659e-06 4.74007e-07
1.2308e-06 -2.9147e-07
-1.38888e-06 1.63648e-07
2.86693e-07 -6.92675e-07
-8.02713e-07 4.73475e-07
-1.74996e-07 1.12878e-07
-1.71727e-06 -4.21085e-08
7.13637e-07 -2.90238e-07
1.26801e-06 -8.39533e-09
-7.96745e-07 5.1604e-07
-6.09071e-07 1.34934e-07
-1.3593e-06 -2.06138e-07
6.29449e-07 -5.07942e-09
1.18947e-06 -2.83395e-07
-1.11393e-06 -2.05552e-07
3.05659e-07 -5.0769e-07
-6.23892e-07 3.38816e-07
-3.33285e-07 -2.90512e-07
1.37463e-06 2.65454e-07
3.38395e-07 -6.78712e-07
3.29752e-07 6.38683e-07
7.56785e-07 4.64564e-07
-7.65853e-07 -2.39193e-07
-1.05032e-06 4.99106e-07
5.78451e-07 1.42634e-07
7.45686e-07 -1.75514e-07
-2.15189e-07 4.64318e-07
-1.44157e-06 1.57268e-07
7.47903e-07 -2.27742e-08
1.66014e-06 -4.00148e-07
-6.04765e-07 3.33436e-07
1.3763e-06 4.77144e-07
-2.22924e-07 -1.01605e-07
-7.81001e-07 -3.25509e-07
-5.91117e-07 -5.60517e-08
5.77715e-07 1.16378e-08
-4.16255e-07 4.04761e-07
-2.57336e-08 1.33731e-07
-2.20602e-07 5.97946e-07
-1.1696e-06 4.00891e-08
-1.01809e-06 -6.54477e-07
-7.0425e-08 2.11651e-07
-7.25498e-07 1.0903e-07
3.258e-07 -5.14463e-07
-8.70029e-07 -4.22774e-07
1.18844e-06 -1.89055e-07
6.93874e-07 -3.48254e-07
-1.89975e-07 -1.83142e-07
2.55975e-07 3.51795e-08
-9.19238e-07 -6.56169e-07
-1.0913e-07 -3.86398e-07
1.17146e-06 1.86962e-07
-1.00768e-06 -1.88496e-07
-3.63196e-07 2.61994e-07
1.53652e-07 -4.15235e-07
6.24483e-07 3.86357e-07
-1.09142e-06 3.39875e-07
-6.9424e-07 -5.19047e-07
1.18754e-06 -6.97037e-07
-6.54699e-07 2.13157e-07
9.35914e-07 3.62276e-07
-9.136e-07 4.26886e-07
-7.41995e-07 -2.63605e-07
1.34258e-06 1.49389e-07
6.88541e-07 -2.2648e-07
-1.31935e-06 -5.96435e-07
4.80777e-07 3.92709e-07
7.3493e-07 6.5113e-07
-1.13803e-06 4.92136e-07
1.20539e-06 -7.48739e-08
1.36681e-06 -3.80976e-07
-7.32394e-07 1.28546e-07
-1.59063e-07 4.92821e-07
-8.83944e-07 4.1712e-07
2.63338e-07 -6.23298e-07
1.68236e-06 3.92501e-07
1.30319e-06 5.2924e-07
-1.02861e-06 3.6698e-07
-8.85754e-07 4.99668e-08
1.38406e-07 6.3286e-08
-3.55429e-07 6.42396e-07
-9.88704e-07 -2.98462e-07
7.995e-08 -4.83577e-07
-1.06843e-06 -2.33746e-07
-1.25947e-06 -2.30029e-07
-1.75009e-06 3.12935e-08
-1.34428e-06 4.73457e-07
1.13663e-06 5.16712e-07
-1.04122e-06 5.52859e-07
-1.82379e-06 2.09671e-07
-1.06432e-06 5.5801e-07
-1.13609e-06 2.4707e-07
-1.0433e-06 4.59322e-07
1.07785e-06 5.14257e-07
9.15655e-07 2.16448e-07
-4.2571e-07 1.93438e-07
-1.19725e-06 -3.72015e-07
-1.58515e-07 -3.29321e-07
-7.11998e-07 -1.00913e-07
1.3234e-06 3.5773e-08
1.44082e-06 5.00633e-07
-1.67665e-06 -6.70625e-07
-3.43276e-07 3.58036e-07
-5.24879e-07 -1.25269e-07
7.36271e-07 -8.63053e-08
1.80904e-06 3.18172e-07
1.46845e-06 1.82074e-07
-1.31901e-06 6.74252e-07
2.94262e-07 2.84777e-08
1.32965e-07 1.82048e-07
-3.46667e-07 -6.52446e-07
-7.05452e-07 -5.14568e-07
-8.04804e-07 2.60231e-07
1.26024e-06 -1.31514e-07
4.81198e-07 7.66846e-08
-1.45815e-06 6.23021e-07
-1.23624e-06 -6.1403e-07
-5.431e-07 -6.54886e-07
-1.71397e-06 3.5107e-07
8.00331e-08 -2.38964e-07
1.71525e-06 1.77957e-07
9.19157e-07 1.92257e-07
-5.51077e-07 4.60797e-07
-6.03134e-08 -4.44132e-08
-1.31757e-06 5.35676e-07
-1.29312e-06 -3.97425e-07
-6.79076e-07 -5.70897e-07
4.78984e-07 -1.32909e-07
-7.81344e-07 8.70961e-08
1.64335e-06 -1.35508e-07
6.62265e-07 -6.65902e-07
9.38686e-09 3.14182e-07
4.09306e-07 -4.10608e-07
1.57891e-06 -5.26778e-07
5.75e-07 -2.63939e-07
-1.72598e-06 -3.3871e-07
-7.3112e-07 -6.62128e-07
-1.82363e-06 -6.35826e-07
1.35607e-06 -2.15052e-07
8.45075e-08 -3.42329e-07
-1.04392e-06 -1.61718e-07
1.10326e-06 5.5299e-07
2.48032e-07 -6.75524e-07
1.12456e-06 2.11016e-07
-9.29774e-07 -2.80133e-08
-2.53008e-07 3.88248e-07
9.4191e-07 -4.03189e-07
-4.55176e-07 5.3626e-07
3.30962e-07 8.77336e-08
1.24786e-06 -4.07896e-07
-8.164e-07 -3.52379e-07
-1.3588e-06 -2.14236e-07
9.38825e-07 -4.75991e-07
-4.41293e-07 -4.68496e-07
-1.6963e-06 -2.0482e-07
-6.34302e-07 -5.25109e-07
-1.46662e-06 -4.45175e-07
-1.21426e-06 -4.5758e-07
3.34254e-07 4.02242e-07
1.09402e-06 -4.04747e-07
1.05786e-06 -2.91279e-07
-1.5706e-06 2.35457e-08
-7.84608e-08 3.99325e-07
-8.39499e-07 -1.47575e-07
-1.38772e-07 -3.08672e-07
1.40633e-06 -6.978e-07
8.92828e-07 6.85477e-07
-6.45288e-07 -2.28346e-07
-1.73331e-07 5.60647e-07
2.05801e-07 1.54453e-07
8.66125e-07 5.8803e-07
1.54882e-08 -2.49799e-07
1.93694e-07 -5.00192e-07
-7.04337e-07 8.21409e-08
-1.31558e-06 3.73689e-07
1.76507e-06 -3.73019e-07
3.6974e-07 6.83113e-07
1.24215e-06 1.26633e-07
1.23099e-06 6.11199e-07
-3.92609e-08 4.05634e-07
-1.50219e-06 3.98049e-07
-4.23243e-07 -1.26805e-07
-1.80994e-06 -6.01364e-07
-7.01372e-07 3.95228e-08
-3.11448e-07 3.02021e-07
-3.24787e-07 -6.0728e-07
1.63642e-08 -1.07198e-07
1.6576e-06 5.68764e-07
1.79184e-06 -1.44201e-07
-9.87171e-07 -6.29229e-07
-1.21303e-06 6.73333e-07
-7.57741e-07 5.96887e-07
7.92696e-08 -6.98595e-07
-1.47889e-06 -5.29248e-07
1.13369e-07 6.52041e-07
-8.00067e-07 5.08595e-07
4.30339e-07 1.55886e-07
-8.25579e-07 3.67226e-07
1.84006e-08 5.11934e-07
1.14272e-06 1.52109e-07
6.81467e-07 -4.92147e-08
-1.05633e-06 3.31915e-07
1.647e-06 6.75528e-07
8.20592e-07 -6.68338e-07
1.48184e-07 1.30321e-07
1.58479e-06 2.05069e-07
-9.56789e-07 -3.48807e-07
-8.42849e-07 4.47382e-07
3.34594e-07 6.83431e-07
1.02552e-06 2.07071e-07
1.82442e-06 -6.51902e-07
-1.03564e-06 2.96504e-07
1.55505e-06 -3.45054e-07
-9.46996e-08 -6.62702e-07
-1.57361e-06 -2.23913e-07
3.71314e-07 6.52438e-07
-1.35779e-06 -4.80178e-07
7.23871e-07 3.51481e-08
9.62987e-07 3.23286e-07
9.44898e-07 -4.42397e-07
-4.26804e-07 -4.68804e-07
-8.13375e-07 1.245e-07
7.64346e-07 -1.31036e-07
-1.81449e-06 1.23775e-07
9.92023e-07 3.83823e-07
-1.60502e-06 6.92685e-07
-1.10655e-06 -6.13691e-07
-1.29064e-06 2.84878e-07
1.30574e-06 2.5414e-08
1.77126e-07 -5.34113e-07
6.05365e-07 2.09062e-07
9.59839e-07 3.91865e-07
1.06093e-06 6.16578e-07
-7.73422e-07 -5.73101e-07
-1.14678e-06 2.77542e-07
-1.50953e-06 -1.04275e-07
-1.20878e-07 3.39364e-07
1.31124e-06 2.14794e-08
-1.29433e-06 -6.57437e-07
1.70013e-06 5.17201e-07
1.6638e-07 -6.49891e-07
2.61711e-08 2.96826e-07
1.03944e-07 -3.62586e-07
1.74806e-06 -3.5522e-07
-7.53364e-07 6.46576e-07
-2.39448e-07 -5.97189e-08
7.95696e-07 -2.06169e-07
-1.55025e-07 5.37402e-07
1.02434e-06 -4.778e-07
1.57229e-07 1.99814e-08
-1.42167e-06 -4.83803e-07
1.24012e-06 1.91627e-07
-2.2135e-07 -6.37018e-07
8.15231e-07 -3.2002e-07
1.28809e-06 -2.71081e-07
1.16221e-06 -6.96092e-07
1.33416e-06 3.19961e-07
-2.25657e-07 4.51676e-07
-8.21954e-07 -2.77892e-08
-8.77786e-07 1.00157e-07
-1.11335e-06 -6.61927e-07
-1.18491e-06 -2.28426e-07
-1.7702e-06 2.04875e-07
-1.18063e-07 -5.05003e-07
-1.29311e-06 5.99079e-07
-1.29942e-06 3.24297e-07
5.90809e-07 5.1309e-07
1.49273e-07 -1.83599e-07
1.49466e-06 5.8464e-07
-1.48744e-07 -6.5795e-07
-8.24526e-07 -3.69699e-07
1.09315e-08 -5.50102e-07
1.35106e-07 5.71405e-07
-3.06643e-07 -3.74978e-07
2.1002e-07 -6.72958e-07
-1.07397e-06 -5.57001e-07
1.13549e-07 -3.03891e-07
-3.47616e-07 6.83459e-07
1.65579e-06 -6.29001e-07
-1.16808e-07 -5.29971e-07
-2.07464e-07 4.72589e-07
-3.26808e-07 -2.20565e-07
8.62899e-07 2.60923e-07
-1.32253e-06 -6.65747e-07
-4.66967e-07 3.25572e-07
-6.95979e-07 -3.80598e-07
6.52542e-07 -3.76771e-07
1.77353e-06 4.84071e-07
-1.78298e-06 -5.31293e-07
3.02544e-07 -4.9248e-07
6.03301e-07 -3.29117e-07
-1.8012e-06 1.83466e-07
-1.74235e-06 -1.70199e-08
-1.50257e-06 -3.82793e-07
-6.29958e-07 6.73884e-07
-6.02856e-07 -2.87315e-07
1.35327e-07 3.32724e-07
1.89693e-07 2.37968e-07
1.53739e-06 3.63927e-07
-5.82898e-07 -3.09725e-07
3.57817e-07 4.17803e-07
-1.27426e-06 -1.04136e-07
-1.21839e-08 -5.01008e-07
-1.19706e-06 -4.88324e-08
-1.51483e-06 -4.61604e-08
-1.33774e-06 -1.0885e-08
-1.71834e-06 -3.22001e-08
8.63015e-07 2.50167e-07
1.76328e-06 -6.84377e-07
-8.96266e-07 -6.32684e-07
7.96335e-07 -9.22013e-08
2.00219e-07 2.03198e-07
-1.51714e-06 1.40521e-07
1.12319e-06 6.56434e-07
6.46063e-07 -6.3363e-07
-6.09529e-07 6.47699e-07
5.61728e-07 2.11371e-07
-1.51412e-06 2.19354e-07
1.08126e-06 3.14229e-07
-1.97288e-07 -6.44765e-08
-1.71289e-06 3.94035e-07
-1.3939e-06 -2.43712e-07
4.25549e-07 3.26379e-07
8.48239e-07 6.00251e-07
-7.96094e-07 -5.51725e-07
-1.48935e-06 4.50993e-08
-2.05613e-07 -3.05979e-07
-1.09267e-06 -6.0466e-07
-2.93263e-07 8.41357e-08
1.2353e-06 3.31358e-08
7.37155e-07 1.86013e-07
5.22558e-07 -1.76625e-07
1.35512e-06 1.93424e-07
-4.61737e-07 6.17878e-07
-1.67567e-06 1.18805e-07
-1.72658e-06 2.60261e-07
1.13927e-06 -6.02813e-07
5.89088e-07 -5.70093e-07
1.42054e-06 2.74954e-07
-4.13711e-07 -1.24439e-07
2.95245e-07 6.65141e-07
-8.32297e-07 -6.56475e-07
3.22852e-07 -1.54105e-07
-1.04055e-06 1.79771e-07
-5.11885e-07 6.00134e-07
1.59296e-06 1.87761e-07
-8.71442e-07 5.53825e-07
7.16393e-07 -5.91303e-07
-1.20716e-06 4.75789e-07
-1.04118e-06 2.29171e-07
-1.29915e-06 3.65941e-07
5.53816e-07 -6.54453e-07
-5.3662e-07 -3.46462e-07
9.1113e-08 4.30482e-07
5.15334e-07 -6.45923e-07
7.91485e-07 -1.26799e-07
-9.75814e-07 -4.01729e-07
-8.77137e-07 2.44102e-07
-1.68837e-06 -4.51923e-07
4.13136e-07 6.26858e-08
1.65923e-06 -3.90557e-08
-6.64075e-07 -6.88304e-07
1.46227e-06 4.21097e-07
-7.82419e-07 4.09318e-07
-2.39421e-07 5.79312e-07
-8.10977e-07 3.84064e-07
1.66315e-06 -5.22237e-07
-3.20335e-07 -3.04702e-07
1.50156e-06 3.41592e-07
-8.45308e-07 5.6755e-07
1.23335e-06 -3.79132e-07
-6.82759e-07 6.33142e-07
1.7526e-06 -4.44771e-07
1.4868e-06 -5.60326e-07
-1.48174e-06 -3.33203e-07
7.25165e-07 -5.29413e-07
1.24156e-06 -3.86428e-08
-1.21484e-06 -4.2254e-07
5.34668e-08 4.54578e-07
1.01854e-06 -5.39613e-07
3.70467e-07 6.06604e-07
7.28368e-07 2.44748e-07
6.1219e-07 6.33344e-07
-1.26117e-06 6.84405e-07
6.3121e-07 -5.04157e-11
-3.1405e-07 9.42675e-08
1.35432e-06 -4.03906e-07
4.03231e-07 -2.20293e-07
-1.17797e-06 -2.30907e-07
7.8537e-07 4.06897e-08
-1.06793e-07 1.76579e-07
-8.85073e-07 7.82689e-08
-8.19109e-07 -5.1331e-07
-1.74697e-06 5.84227e-07
1.62862e-06 2.5026e-07
-1.2551e-06 -1.0531e-07
3.59537e-08 -1.91082e-07
1.51336e-06 -3.95018e-07
1.1228e-06 4.7622e-07
6.39928e-07 2.65791e-07
-1.23176e-06 6.96613e-07
9.9406e-08 5.94392e-08
-7.47522e-08 -2.38871e-07
-5.80877e-07 -6.39032e-07
-1.45746e-06 -3.24233e-07
-1.23235e-06 5.63955e-07
-1.69034e-06 5.37692e-07
-3.17219e-07 -4.25105e-07
2.16131e-07 -6.25139e-07
7.33624e-07 -3.48116e-08
3.20819e-08 -6.21877e-08
8.21562e-07 1.49591e-07
3.91118e-09 -5.03997e-07
7.27634e-07 -5.43566e-07
-1.42562e-06 -2.31944e-07
1.55549e-06 5.14479e-07
-6.3806e-07 4.63631e-07
8.07588e-07 4.95712e-07
5.9243e-07 -6.25532e-07
-1.3711e-06 9.78203e-08
3.78842e-07 -5.60142e-07
9.99374e-07 7.48903e-08
7.92653e-07 1.97544e-07
4.81728e-07 6.01413e-08
2.66415e-07 3.77254e-07
8.96248e-07 1.11646e-07
-1.26673e-06 -2.99339e-07
-3.56038e-07 1.19091e-07
3.44518e-07 -6.50874e-07
-8.34809e-07 4.5032e-07
2.76386e-07 -6.27464e-07
-1.46811e-06 -3.74467e-07
-2.65891e-07 -4.19185e-07
1.39925e-06 -4.23318e-07
1.27876e-06 -6.11958e-07
-8.36424e-07 1.66516e-07
-1.36731e-06 -4.36349e-07
6.20689e-08 6.94701e-07
-1.67917e-06 3.26779e-07
1.31007e-06 2.76486e-07
1.59719e-06 -2.61883e-07
-1.52297e-06 1.18869e-07
-3.28374e-07 -6.36749e-07
-2.50842e-07 -6.43102e-07
1.07334e-06 -4.18251e-07
-2.28082e-07 1.18966e-07
-3.02153e-07 -4.71582e-07
-6.56539e-07 -5.63979e-07
1.80454e-06 -5.42061e-07
-6.07489e-07 -1.44012e-07
1.7242e-06 -4.48797e-07
1.63006e-07 -4.99524e-07
3.44239e-07 -4.18233e-07
4.84031e-07 -1.53186e-07
1.59799e-06 -1.89833e-07
2.42985e-07 1.65651e-07
9.95778e-07 -8.48614e-08
-1.53706e-06 6.17101e-07
-4.45906e-09 -2.8046e-07
-1.74021e-06 -5.1649e-07
1.79296e-07 -3.1182e-08
-6.28181e-07 -5.94783e-07
-1.42297e-06 -4.4359e-07
-1.59097e-06 -5.16493e-07
1.53666e-06 -5.70662e-07
1.45477e-07 -4.82471e-07
1.65179e-06 4.80435e-07
8.90458e-07 -2.03044e-07
-1.26267e-06 -2.81116e-07
1.31055e-06 5.85976e-08
1.79835e-06 4.61424e-07
7.47265e-07 -1.12931e-09
-1.28645e-06 -1.69191e-08
2.98766e-07 4.15832e-07
-1.31318e-06 1.06523e-07
-3.93932e-07 1.6772e-07
-5.15461e-07 5.82989e-07
3.95132e-07 -9.22472e-08
1.28455e-06 -6.54303e-07
-1.10666e-06 -7.68424e-08
-1.75708e-06 2.40424e-07
-1.74688e-06 2.18128e-09
6.98159e-07 5.69335e-07
9.90193e-07 -6.52974e-08
1.76177e-06 -3.01478e-07
7.88276e-07 -5.84082e-07
7.69017e-07 -9.83279e-08
1.28731e-06 -6.63049e-07
-9.393e-07 1.49396e-07
-1.16327e-07 3.36581e-07
-1.44367e-06 3.6403e-07
1.57861e-07 3.77513e-07
-9.68995e-07 5.87618e-07
8.05641e-07 6.26736e-07
8.41892e-07 -8.78838e-08
-1.70733e-06 -5.30253e-07
1.36801e-06 1.72508e-07
6.26342e-07 -4.57167e-07
1.53403e-06 1.32696e-07
-5.56026e-07 3.98879e-07
4.16e-07 -6.55239e-07
-7.26485e-08 4.0136e-07
1.8081e-06 -4.3563e-08
-1.402e-06 -2.85659e-07
-1.13158e-06 -6.27082e-07
-1.68028e-07 6.83536e-07
5.43624e-07 3.7044e-07
-6.27926e-07 -4.62816e-08
2.88186e-07 -5.4123e-07
-8.87711e-07 5.68174e-07
-5.73177e-07 5.67319e-07
-1.55693e-06 6.67263e-07
-1.64659e-06 6.37049e-07
-9.35395e-08 -5.82557e-07
2.74203e-07 -1.46964e-07
1.12733e-06 5.85065e-07
1.70545e-06 -4.10385e-07
-5.9319e-07 -4.71666e-07
-1.31287e-06 -2.36251e-07
-9.12057e-07 5.17208e-07
1.4303e-06 2.28192e-08
-5.23267e-07 1.61094e-07
-2.18236e-07 -4.5153e-07
9.09991e-07 -1.73462e-07
-3.65553e-07 4.62317e-07
1.80581e-06 -3.84894e-07
-1.81868e-06 -6.60827e-07
6.56005e-07 -5.54995e-07
1.35357e-06 -9.50551e-08
-1.54713e-06 4.44625e-07
1.51777e-06 -4.09573e-07
1.36013e-06 -7.69092e-08
1.31824e-06 4.20728e-07
7.5566e-07 3.03496e-08
-1.23741e-06 -6.55118e-07
-1.18635e-06 2.63887e-07
1.50232e-06 2.23935e-08
-1.36795e-06 -4.53399e-07
-1.04134e-06 1.24255e-07
-9.54919e-07 1.84466e-07
-4.25197e-07 -6.85161e-07
8.25724e-08 -4.24508e-07
1.66425e-06 -5.20545e-07
-1.28924e-06 9.01522e-08
1.357e-06 -5.06647e-07
-1.70666e-06 6.60368e-07
-1.68477e-06 6.38632e-07
-1.60777e-06 4.90914e-07
-1.81139e-06 -2.08602e-08
1.23193e-06 4.85911e-08
-7.55183e-07 4.03812e-07
5.64031e-08 3.82721e-07
1.71007e-06 6.35711e-07
1.05959e-06 -5.32421e-07
1.57068e-06 7.85016e-08
7.31174e-07 4.28238e-07
-1.62453e-06 6.24721e-07
-5.4376e-08 4.98141e-07
1.22263e-06 -6.94639e-07
-1.60331e-06 1.62744e-08
-1.98505e-07 3.72498e-07
-3.84003e-07 3.57077e-07
-1.4176e-06 -2.51523e-07
1.41785e-06 -3.43539e-07
-1.39309e-06 2.23366e-07
1.0828e-06 -3.90474e-07
-1.70881e-06 -6.85583e-07
-1.49368e-06 -1.22552e-08
7.22742e-07 7.99879e-08
2.41276e-07 -5.54591e-07
-1.84803e-07 -5.66289e-07
-9.96756e-07 -4.16402e-07
1.22307e-07 3.89469e-07
7.12975e-07 6.94999e-07
-1.49294e-06 5.87316e-07
7.00228e-07 2.76988e-07
-8.16646e-07 -4.6328e-07
1.10668e-06 1.88524e-07
-2.52666e-07 -2.05262e-08
-8.34265e-07 -6.10811e-07
3.802e-07 1.86823e-07
-7.99617e-07 4.81566e-07
7.54013e-07 1.28248e-07
-1.16959e-06 3.75423e-07
1.49905e-07 -6.80913e-07
-1.16723e-06 2.93342e-07
9.60958e-07 4.09211e-08
-1.55675e-06 5.87864e-07
-1.4649e-06 2.36132e-07
1.81819e-06 -1.69639e-07
-5.3292e-07 -1.58681e-07
1.53129e-06 6.4664e-07
8.62992e-07 -5.68638e-07
-2.69019e-07 -1.91171e-07
6.36158e-07 -6.7075e-07
3.47846e-07 -4.89214e-07
1.54847e-06 -5.22826e-07
1.24142e-06 -1.56505e-07
1.20225e-06 5.71221e-07
3.29475e-07 3.65687e-07
-8.21053e-07 -2.11192e-07
6.94665e-07 4.57556e-07
-1.66471e-06 3.50967e-07
1.4842e-06 6.09967e-08
1.52681e-06 -8.39663e-09
-1.74079e-06 5.66839e-07
2.26374e-07 -3.16348e-07
-1.62777e-06 5.97412e-07
-1.12957e-06 4.46248e-08
2.77799e-07 6.1504e-07
-2.48723e-08 -6.82304e-07
1.32499e-07 4.28038e-07
-7.56868e-07 4.2739e-07
-1.06587e-06 -1.44262e-07
1.33178e-06 6.38778e-08
1.80152e-06 6.50968e-07
8.9352e-08 -2.83552e-08
1.82305e-06 5.50836e-07
-1.12753e-06 -2.6368e-07
4.05623e-07 -1.28992e-08
-2.36521e-07 -5.95356e-07
7.23169e-07 3.5081e-07
-3.54692e-07 4.91801e-07
3.2772e-07 4.29815e-07
-1.57985e-06 -5.07153e-07
-1.74544e-06 -5.64011e-07
4.76919e-07 1.83701e-07
-2.95985e-07 -3.15619e-07
3.931e-07 3.02259e-07
-1.47093e-06 -2.53604e-07
-1.52869e-06 2.92187e-07
4.15978e-08 1.39633e-07
-8.23983e-07 -1.6973e-07
1.04737e-06 5.8512e-07
1.25052e-06 6.53064e-07
1.50942e-08 6.19008e-07
-5.0612e-07 4.14845e-07
-2.80048e-07 6.68241e-08
-2.81363e-07 -3.15258e-07
-7.38125e-07 -8.73994e-08
7.82474e-07 4.15884e-07
-1.71835e-06 -1.54553e-07
-1.74554e-06 3.26602e-08
1.12755e-06 -2.29171e-07
-1.39794e-06 -5.02792e-07
1.12159e-06 -6.54349e-07
1.32896e-06 -4.02506e-07
-5.24729e-07 5.95105e-07
-1.56575e-06 -5.32264e-07
-6.33177e-07 -2.20055e-07
-1.34319e-06 -3.16105e-07
1.15568e-06 -4.99101e-08
1.65297e-06 -6.80193e-07
-1.52862e-06 2.04076e-07
-1.44164e-06 2.33419e-07
-1.7473e-06 1.28654e-07
1.03582e-06 -4.42692e-07
-2.72653e-07 -6.33354e-07
1.45528e-06 -6.71486e-07
-2.73654e-07 -3.01234e-07
-1.34168e-06 2.43283e-07
1.17337e-06 -5.20645e-07
5.92239e-07 3.80714e-07
-1.59344e-07 6.36266e-07
-9.85248e-07 -6.00333e-07
-1.43144e-06 6.08359e-07
-7.53602e-07 6.23295e-07
-4.37268e-07 -3.55441e-07
1.07712e-06 3.91415e-07
-1.31578e-06 1.71554e-07
-1.15228e-06 -5.89088e-07
1.73498e-06 3.92607e-07
-8.5515e-07 6.02841e-07
1.77782e-06 3.16687e-07
-6.07049e-07 4.06645e-07
4.07438e-07 5.90766e-07
-1.02477e-06 -2.10731e-07
1.07252e-07 -1.02443e-08
-1.13806e-06 -5.18118e-08
-6.99685e-07 -2.1452e-07
1.01112e-07 3.67241e-07
-7.9757e-07 -6.91965e-07
-9.76206e-07 9.89398e-08
-4.56434e-07 3.37458e-07
7.60861e-07 1.19503e-07
-8.20673e-07 -3.1589e-07
-1.40897e-06 -1.058e-07
1.45966e-06 5.83143e-07
-5.58717e-07 3.46082e-07
-6.4285e-07 2.40198e-07
6.37878e-07 4.25589e-07
3.84636e-07 -1.08874e-08
1.50671e-06 2.35755e-07
-9.87539e-07 -1.04743e-07
1.81764e-06 8.73976e-08
-9.35265e-07 -3.11562e-07
1.13005e-06 6.81928e-07
1.50952e-06 -2.92712e-07
4.56479e-07 5.78731e-07
1.59367e-06 4.96687e-07
-5.19904e-07 -4.84006e-07
1.29798e-06 1.33926e-07
7.86597e-07 4.01999e-07
1.29821e-06 2.00465e-07
1.35246e-06 4.64488e-08
-1.94817e-07 -6.26503e-07
-7.02917e-07 4.28174e-07
7.85961e-07 -6.71826e-07
5.97815e-07 -5.56455e-07
1.3431e-06 -6.45784e-07
2.76938e-07 -2.43208e-07
-1.02348e-06 -2.64818e-07
-1.82273e-06 3.03447e-08
-1.62304e-06 -6.25278e-07
-1.18183e-06 5.37106e-07
-1.07965e-06 9.07015e-08
-2.36655e-07 5.92787e-07
-1.11228e-06 -6.5427e-08
-1.32698e-06 5.36957e-07
-4.06583e-07 -4.09947e-07
-1.75449e-06 4.72309e-07
-6.03206e-07 4.30096e-07
1.25212e-06 -3.6586e-07
1.40867e-06 -5.79911e-07
2.54046e-07 5.23945e-08
3.13926e-07 3.26224e-07
7.69349e-07 -1.13738e-07
1.01143e-07 2.99517e-07
1.2702e-06 6.76252e-07
-4.1524e-07 6.25516e-07
-4.28819e-07 -1.65285e-07
-1.2916e-07 8.74264e-08
-6.9867e-07 -6.39201e-07
2.33009e-07 6.93698e-07
-3.77263e-07 -3.13945e-07
1.39257e-06 -5.3329e-07
-1.34274e-06 4.51723e-07
1.74518e-06 -2.4504e-08
-8.59679e-07 -5.04794e-08
-1.49201e-06 6.64297e-07
-1.27909e-06 3.89512e-07
-9.27326e-07 -1.20613e-07
1.76223e-06 -6.94897e-07
5.23577e-07 5.97579e-07
1.15098e-06 1.91125e-07
3.66067e-08 -1.95853e-07
-2.55483e-07 2.06717e-07
-6.73986e-07 -6.50783e-07
-1.45876e-06 4.06992e-07
1.14872e-06 -5.88337e-07
-1.63869e-06 -1.64856e-07
-1.09383e-06 -8.80446e-08
1.57772e-06 1.85857e-07
8.6083e-07 -4.6757e-08
-8.63528e-07 2.89476e-07
-1.63457e-06 -5.17483e-07
1.1702e-07 -4.72812e-08
-6.87244e-07 3.7801e-07
1.51719e-06 -2.62077e-07
-2.58653e-07 9.42152e-08
9.49429e-07 -3.10096e-07
-2.68382e-08 8.85341e-08
-1.40851e-06 -3.03627e-07
6.92567e-07 6.40522e-07
5.11376e-07 6.40435e-07
-5.2318e-08 2.42325e-07
-1.06206e-06 3.76213e-07
2.87075e-07 4.85086e-08
7.16182e-07 -1.48012e-08
1.07622e-06 -3.57205e-07
-1.06401e-06 -6.94617e-07
1.47483e-06 -1.31789e-08
8.20255e-07 -3.33573e-07
-5.67731e-07 -6.42805e-07
7.11508e-07 6.96428e-07
-7.48923e-07 -3.89083e-08
-8.62547e-07 -7.93937e-08
3.4007e-07 3.81622e-07
6.4648e-07 4.08686e-07
1.0262e-06 4.22416e-07
-2.04801e-07 3.0784e-07
2.98192e-07 5.00709e-07
1.28335e-06 -1.32428e-07
-5.84209e-07 -3.34447e-08
-1.69587e-06 5.64479e-07
-1.81839e-06 3.51009e-07
1.56458e-08 -6.14052e-07
-1.78536e-07 1.78241e-07
1.79856e-06 -5.87039e-08
3.75914e-07 -6.12861e-07
1.39449e-06 2.10014e-07
-1.08559e-06 -3.72591e-07
-2.99034e-07 2.44487e-07
5.6607e-07 4.06535e-07
1.82271e-06 -4.10118e-07
8.8697e-08 4.84381e-07
-5.46138e-07 -2.6223e-07
9.64529e-09 -5.66765e-07
6.44335e-07 -3.29994e-07
1.39002e-06 3.09033e-07
1.73955e-06 1.48247e-07
-1.71834e-06 5.09703e-07
1.27113e-06 7.48674e-09
1.01634e-06 6.50857e-07
-1.57042e-06 4.30055e-07
4.02539e-07 5.46332e-07
1.27879e-07 -3.03978e-07
1.06193e-06 -6.91228e-07
-1.65115e-06 6.61524e-07
6.29876e-07 -2.15228e-07
-1.11508e-06 3.16859e-07
3.49042e-07 -1.86835e-08
-1.11358e-06 -2.15837e-07
-5.24874e-07 2.07874e-08
6.48945e-07 5.56898e-07
-1.30141e-06 4.72805e-07
1.21802e-06 -3.96082e-08
6.90138e-07 7.44328e-08
1.47548e-06 2.78087e-07
-8.90106e-07 5.26492e-07
-4.1308e-07 1.76489e-07
-1.73251e-06 -6.80651e-07
1.24463e-06 3.17994e-07
-1.35443e-06 -6.99193e-07
-1.36032e-06 -2.19165e-09
5.44433e-09 5.52793e-07
2.92107e-07 4.06564e-07
1.76566e-06 1.11066e-07
-1.45667e-06 4.46365e-07
1.13082e-06 1.77956e-07
-3.5931e-07 -4.5283e-07
-1.3483e-06 3.18829e-07
7.70886e-07 -2.78257e-07
5.09317e-07 7.81799e-08
1.71084e-06 1.49692e-07
-7.40365e-07 7.71255e-08
1.3967e-06 1.16375e-07
7.88108e-07 -4.95993e-07
1.77712e-06 -3.60524e-07
1.21984e-06 -3.25891e-07
7.48135e-07 6.90289e-07
-8.59815e-07 -6.93533e-07
-8.06209e-07 -6.55766e-07
-9.87404e-07 -5.55419e-07
-1.18412e-06 3.67477e-07
-1.76045e-06 -5.05545e-07
1.13171e-06 4.61856e-08
1.65653e-06 3.03769e-07
6.30739e-07 7.56203e-08
-2.26223e-07 -5.64883e-07
-1.81068e-06 1.16753e-07
-1.44195e-06 4.44453e-07
-6.84136e-07 3.99775e-07
-1.39923e-06 -2.86971e-07
-9.81445e-09 4.50521e-07
9.82272e-07 -5.34361e-07
-1.10224e-06 9.20069e-08
4.91085e-07 6.4547e-07
-1.68408e-06 -2.81639e-07
8.86059e-07 2.29075e-07
-1.33615e-06 2.7258e-08
-1.44472e-07 -7.08072e-08
1.4908e-07 -3.38855e-07
2.81895e-07 6.10831e-07
1.34981e-06 -5.79057e-07
4.911e-07 1.47601e-07
4.51082e-07 5.55612e-07
-3.80458e-07 3.77893e-07
8.05217e-07 2.64046e-07
-1.56444e-07 5.49871e-07
-1.59533e-06 5.43291e-07
4.05858e-07 -5.50827e-07
8.94515e-07 5.35989e-07
-1.26182e-07 -4.48896e-07
1.96864e-07 -2.0345e-07
5.69637e-07 -1.34564e-07
1.4348e-06 -5.52538e-07
-7.40334e-09 6.9302e-07
7.41184e-07 -9.05163e-08
-1.2441e-06 6.21306e-07
-7.82034e-08 -1.8265e-07
-1.59621e-06 -1.41447e-07
-7.73415e-07 9.7059e-08
-1.82223e-06 -5.42123e-07
-9.97788e-08 3.21576e-07
6.29287e-08 1.8295e-07
-2.98124e-07 2.44271e-07
1.81039e-06 -6.67195e-07
8.9556e-07 -1.09821e-07
8.75008e-07 -2.13427e-07
2.60548e-07 -4.91224e-07
1.15478e-06 -4.02984e-07
9.74615e-07 5.45887e-07
-1.1067e-08 -5.06883e-09
5.34649e-07 1.31436e-07
-1.65325e-06 5.43123e-07
-7.12597e-07 -3.75819e-07
-1.77035e-06 -8.30059e-08
-1.01998e-06 3.87201e-07
-3.65392e-07 -5.20799e-07
5.08639e-07 -3.87099e-07
-7.82289e-07 7.14057e-08
-4.37202e-07 -3.04665e-07
1.60861e-06 -6.20482e-07
7.59937e-08 2.0891e-07
4.33228e-07 -6.17121e-07
-3.25241e-10 -3.43607e-07
1.08721e-06 1.14581e-07
-3.31722e-07 -1.38767e-07
-1.11176e-06 4.32307e-07
-1.12838e-06 6.48872e-07
-1.34261e-06 -3.6686e-07
5.76044e-08 2.46084e-07
7.11619e-07 5.54048e-07
-1.18548e-06 1.88126e-07
8.79591e-07 2.93054e-07
-9.71059e-07 4.54687e-09
-1.12114e-06 2.10006e-07
-1.37192e-06 3.71308e-07
1.3325e-06 -5.49311e-08
1.27231e-06 -1.4371e-07
2.78194e-07 -9.70732e-08
-1.26358e-06 -1.90542e-07
1.69886e-06 2.49638e-08
-8.51913e-07 5.92559e-07
2.59924e-07 -6.62543e-07
-8.96885e-07 -9.11512e-08
1.57252e-06 5.10685e-07
6.15406e-07 -1.53067e-07
3.4803e-07 -1.00813e-07
-8.49395e-07 -5.96155e-07
-6.35775e-07 5.37573e-07
-5.3421e-07 4.21155e-07
4.77292e-08 1.15441e-07
-1.29672e-06 -3.14574e-08
-6.50864e-07 -4.66503e-07
-1.56788e-06 -1.6718e-07
9.71471e-08 -5.76074e-07
-1.31736e-06 -3.18254e-07
-8.76013e-07 2.527e-08
-1.62978e-06 -5.19671e-07
2.40478e-08 -3.77107e-07
-9.32765e-07 -3.83461e-07
-1.66691e-06 -4.2204e-08
-7.8556e-07 6.41843e-07
1.49962e-06 5.129e-07
4.55078e-07 2.84283e-07
-1.04655e-06 2.90151e-08
-4.57046e-07 -3.78438e-07
-1.18778e-06 -2.46585e-07
8.4916e-08 2.83937e-07
6.27807e-07 -7.31598e-08
1.46054e-06 -4.25744e-08
8.58735e-07 3.60944e-07
-2.63608e-07 -5.18209e-07
-7.65621e-07 -4.3227e-08
-5.21522e-07 -4.62392e-07
-8.4686e-07 -3.10658e-07
8.68191e-08 -5.57571e-07
-5.99362e-07 -1.02598e-07
7.13313e-07 -1.36644e-07
1.78128e-07 2.97858e-07
1.80019e-06 -6.04046e-07
-8.36847e-07 4.79274e-07
6.5075e-07 -2.9077e-08
-1.49181e-06 -6.99803e-08
1.11512e-06 -5.54764e-07
3.64822e-07 4.57967e-07
-1.43937e-06 -1.96443e-07
-4.68226e-07 -5.38512e-07
-2.18663e-07 -2.80388e-07
4.8226e-07 -6.8568e-07
1.02301e-06 5.0782e-07
-2.58692e-07 2.14279e-07
6.24114e-07 -8.84822e-08
-1.80078e-06 -3.85081e-07
1.20805e-06 4.33053e-07
6.50023e-07 4.1004e-07
-1.11272e-06 1.61726e-07
5.45992e-07 -4.6955e-07
-1.01162e-06 -9.22419e-08
1.75243e-06 3.77728e-07
2.07926e-07 2.10413e-07
4.94674e-07 6.18702e-07
-1.16283e-06 -4.37907e-07
-5.98588e-07 -6.9603e-07
1.47072e-06 -6.12051e-07
3.43214e-07 -6.99059e-08
1.14106e-06 -3.10454e-08
-2.78251e-07 -5.88095e-07
7.37252e-07 3.59955e-07
-4.98583e-07 4.43031e-07
-6.88106e-07 5.22133e-07
4.22916e-07 2.609e-07
-1.06853e-07 -4.00666e-08
1.53502e-06 -2.04427e-08
5.23356e-07 4.40018e-07
-1.34969e-06 -3.67522e-08
1.58479e-06 -6.34407e-07
5.46669e-07 -4.19423e-07
1.2555e-06 -3.68785e-08
-1.06767e-06 -5.34479e-07
1.0592e-06 1.58981e-08
-4.18824e-07 3.64258e-08
-8.68507e-07 2.19875e-07
1.41956e-06 1.74052e-07
5.74248e-08 -4.12709e-08
6.12674e-07 4.57803e-07
-1.68114e-06 7.28751e-08
1.04501e-06 -4.6691e-07
3.43235e-07 -6.62557e-07
1.41926e-06 -4.23196e-07
8.06955e-07 -5.72711e-07
-1.64323e-06 -4.10797e-07
-1.29533e-06 6.50418e-07
-8.95925e-07 4.52346e-08
8.50678e-07 -6.5824e-07
-5.68565e-07 6.49559e-07
-3.27183e-07 5.92671e-07
-5.57109e-07 6.48982e-07
-1.16905e-06 -2.30892e-07
-1.72204e-06 -3.28456e-07
8.32466e-07 4.58383e-08
9.88291e-08 -5.36556e-08
4.48425e-07 2.80544e-09
-8.81183e-07 -9.64389e-08
1.28921e-06 6.44462e-07
-6.67542e-07 2.03432e-07
-1.08052e-06 -5.60582e-07
1.09594e-06 6.55006e-07
7.01972e-07 6.31891e-07
-1.19328e-06 1.27601e-07
-1.46281e-06 1.1483e-07
1.1295e-06 3.76209e-08
3.20185e-07 -5.75485e-07
-7.27822e-07 -1.00361e-08
9.1218e-07 -1.10502e-08
8.75226e-07 6.83986e-07
1.14826e-06 6.28274e-07
1.91714e-07 4.08726e-07
7.51887e-07 3.64651e-07
1.77282e-06 5.89754e-07
-1.37071e-06 4.28923e-08
-1.26716e-06 -1.67388e-07
-1.02855e-06 4.14932e-07
1.43165e-06 5.17122e-07
-1.53507e-06 1.3559e-07
-7.69991e-07 2.63957e-08
-6.32859e-07 -5.53934e-07
2.42874e-07 1.04876e-07
-1.24049e-06 -2.93238e-07
-3.44386e-07 -4.62299e-07
-9.28904e-07 3.57289e-07
-8.44584e-07 -3.73797e-07
-1.49525e-06 1.20951e-07
-1.01583e-06 6.54652e-07
7.36489e-07 4.52215e-07
-2.66718e-08 -1.13372e-07
1.59713e-06 -1.52229e-07
7.75723e-07 3.10127e-08
1.71225e-06 -4.75381e-07
1.74797e-06 4.04912e-07
1.57457e-06 2.59014e-07
1.31857e-06 1.54621e-07
9.38852e-07 4.92324e-07
4.97296e-07 5.90469e-07
1.27424e-07 -2.75376e-07
-1.28306e-06 -2.71698e-07
1.23145e-07 3.54711e-07
-6.75338e-07 -6.85259e-07
-1.81678e-06 2.71295e-07
-1.58889e-06 -6.83884e-07
-1.3438e-06 -3.92364e-07
-1.23916e-06 -2.03572e-07
8.18691e-07 4.79617e-08
-1.71923e-06 1.98109e-07
4.08316e-07 -1.8843e-07
-3.26164e-07 8.04449e-08
2.81189e-08 -1.71251e-07
4.05218e-07 5.69233e-07
-9.00951e-07 -4.91993e-07
1.68029e-07 2.74708e-07
-1.70908e-06 4.18869e-07
-1.48177e-06 5.1576e-07
2.36032e-07 -1.23531e-08
-1.11893e-06 -1.87035e-07
-5.80088e-07 3.38414e-07
-1.26015e-06 -3.85244e-07
-7.4618e-07 -3.29377e-07
-1.25326e-06 -1.10941e-07
-1.50609e-07 2.67386e-07
5.5776e-07 -1.24105e-07
1.13277e-06 4.84302e-07
1.73288e-06 6.30436e-07
1.13666e-06 -5.38361e-07
1.05782e-06 -9.6596e-08
-1.45991e-06 -4.64916e-07
8.22639e-08 2.42537e-07
1.73218e-06 4.23412e-07
-7.97269e-08 -4.99054e-07
-1.60946e-06 6.8747e-07
2.87512e-07 -5.43353e-07
5.60285e-07 4.86979e-07
5.09186e-07 8.04393e-08
1.01998e-06 1.88799e-08
-1.69077e-06 6.94793e-07
-1.60513e-06 4.31138e-07
-9.61692e-08 2.75191e-07
1.27395e-06 -2.28105e-07
7.14677e-07 -1.87953e-08
-3.31315e-07 6.72843e-07
-6.74797e-07 -6.21906e-07
-7.53911e-07 -6.82851e-07
-2.76893e-07 -6.72051e-09
-2.68392e-07 3.1718e-07
-1.31895e-06 -5.98068e-07
-1.49878e-06 -4.18655e-07
8.65376e-07 -1.32174e-07
4.5507e-07 -2.27298e-08
9.32536e-07 -1.31021e-07
-2.60846e-07 2.09459e-07
-1.183e-06 1.46353e-07
1.17183e-06 -1.19495e-07
1.72435e-06 -3.41888e-08
5.79021e-08 2.50045e-07
-1.40396e-06 1.1567e-07
5.28807e-07 2.75567e-07
9.03965e-07 1.01315e-07
-3.1323e-07 6.96365e-07
-7.82315e-08 -3.63942e-07
5.75449e-07 1.25876e-07
3.74262e-07 3.5794e-07
-7.62449e-07 7.58497e-08
8.79799e-07 -4.69193e-07
-4.173e-07 -1.34268e-07
-1.61829e-06 1.58305e-07
-4.62653e-07 1.95733e-07
-7.38071e-07 -2.41186e-07
9.40166e-07 5.51832e-07
-1.79614e-06 -5.83128e-07
-3.04838e-07 4.82799e-07
-1.16354e-06 2.77586e-07
3.08019e-07 -4.06019e-07
1.61209e-06 -4.77823e-07
6.46635e-07 6.26564e-07
7.14263e-07 6.86162e-07
1.82314e-06 3.35901e-07
-7.92736e-07 -7.52823e-08
2.80309e-07 1.97521e-07
-6.96057e-07 5.22691e-07
1.67105e-06 4.63446e-07
1.70865e-06 -2.58752e-07
1.57505e-06 -6.67012e-07
-7.00429e-08 -4.27366e-07
-4.01508e-07 2.4476e-07
-1.65936e-06 2.26727e-08
4.9308e-07 9.31681e-08
1.70722e-06 3.72346e-07
6.02276e-07 -6.32874e-07
7.0252e-07 2.77939e-07
-2.55307e-07 -5.94673e-07
-1.73465e-06 -6.24736e-07
-9.9577e-07 -2.50209e-07
1.31691e-06 3.65168e-08
-1.78946e-07 -5.99241e-07
1.61545e-06 -2.36291e-07
1.81634e-06 -2.14772e-07
7.40716e-08 -4.77311e-07
1.48428e-06 -1.5074e-07
1.04198e-07 -2.26825e-07
-5.67552e-07 -1.27225e-07
1.36431e-07 -5.27821e-07
3.10146e-07 1.78108e-07
3.8905e-08 -4.2501e-07
1.35646e-06 -1.41679e-07
9.10129e-07 -5.05851e-07
-1.75518e-06 -5.73193e-07
-1.79513e-06 4.98555e-07
1.20571e-06 7.85239e-08
-1.21464e-06 -2.58505e-07
-1.29046e-06 -2.86765e-07
7.29404e-07 -2.30512e-07
-1.77708e-06 -5.60219e-07
-9.05035e-08 -4.0998e-07
1.1362e-06 3.66283e-07
4.58771e-07 2.33199e-07
-1.42541e-06 1.25918e-07
8.13496e-07 3.4299e-07
3.86557e-07 -3.33199e-07
1.37019e-06 5.97327e-07
1.19983e-06 5.27976e-07
-6.07605e-07 4.51303e-07
1.49701e-06 -5.90778e-07
-1.80338e-06 3.02288e-07
1.41932e-06 6.87621e-07
1.01569e-06 -2.22721e-07
1.61509e-06 3.18095e-07
9.68094e-07 2.59348e-08
9.5321e-07 -1.83438e-07
-5.14586e-07 -2.57059e-07
-6.39703e-08 -7.63212e-09
-1.43594e-06 1.51495e-07
-4.4454e-07 6.48755e-07
6.01771e-07 -5.39786e-07
-9.77616e-07 2.35323e-07
-9.26072e-07 3.3181e-07
-3.59069e-07 1.72505e-07
1.38245e-06 2.59099e-07
-1.44514e-06 -5.01884e-08
6.03962e-08 1.73052e-07
1.4515e-06 -6.09011e-07
1.02226e-06 6.36284e-07
7.93702e-07 4.48995e-07
-1.62178e-06 6.12596e-07
-4.47453e-07 3.1769e-07
9.13444e-07 -4.32091e-07
-7.22221e-08 -4.88417e-08
-8.85588e-08 2.82795e-07
5.17342e-07 -6.63592e-08
7.19923e-07 -5.91226e-07
-1.60398e-06 -6.6066e-07
-2.8263e-07 4.03453e-07
-1.53578e-06 -3.93912e-07
1.09215e-06 -1.56788e-07
1.419e-06 -4.71686e-07
1.49048e-06 2.07578e-07
9.44252e-07 6.72053e-07
1.26503e-06 8.29155e-09
-1.62411e-06 -3.62018e-07
6.58191e-07 -4.94217e-07
5.12003e-07 4.5266e-09
-1.29666e-06 -3.20147e-08
-4.25631e-07 -1.98104e-07
1.43326e-06 -6.38904e-07
1.34692e-06 -6.5938e-07
5.86795e-07 -5.44746e-07
-8.32392e-07 -4.99567e-07
-1.73742e-06 6.39861e-07
5.59412e-07 5.46528e-07
-4.02499e-07 -5.4599e-07
-1.61972e-06 5.05647e-07
-1.00679e-06 4.51376e-07
-8.25192e-08 -4.29994e-07
1.02624e-06 -6.57361e-07
-1.68141e-06 -4.85852e-07
-1.1807e-06 1.68238e-07
8.46707e-08 -6.11272e-07
-4.57169e-07 4.61655e-07
4.69612e-07 1.02744e-08
-1.67961e-06 -2.80636e-07
-1.272e-06 4.42871e-07
-1.52765e-06 -3.98216e-07
-9.51204e-07 -1.79767e-07
1.41778e-06 -4.47203e-07
-6.00545e-07 -3.58166e-07
3.29602e-07 5.75714e-07
6.73117e-07 -5.69228e-07
-1.77035e-06 8.32458e-08
5.04857e-07 3.90949e-07
1.06042e-06 -1.28341e-07
-1.05811e-06 -3.59146e-07
-1.81574e-06 5.87503e-07
1.74946e-07 -1.66264e-07
-2.33202e-07 5.1815e-07
1.12954e-06 6.36045e-07
1.49049e-06 -6.36795e-07
-1.12116e-06 6.7464e-07
-1.77729e-06 7.81306e-08
7.74352e-07 -4.05261e-07
7.56021e-07 3.67653e-07
-3.97936e-08 2.65445e-07
-4.2985e-07 5.52546e-07
1.71776e-07 -3.66358e-07
1.55873e-06 5.15291e-07
-6.94666e-07 2.62404e-07
-1.20106e-06 -5.40704e-07
1.67271e-06 -3.32372e-07
-1.62444e-06 1.49372e-07
1.15787e-06 -1.40228e-07
3.92826e-07 6.66136e-07
-1.04783e-06 -1.34405e-09
-8.1714e-07 -5.24347e-07
-1.63416e-06 -3.23677e-07
-1.27861e-06 5.48474e-07
-6.95256e-07 -2.14418e-08
4.15542e-08 -2.59659e-07
-1.09462e-06 -5.32691e-09
7.88578e-07 -6.97411e-07
9.071e-07 6.35931e-07
-1.35249e-06 -5.04453e-07
-5.40904e-08 -6.01795e-07
-1.33953e-06 -2.2238e-07
5.12036e-07 1.60014e-07
-8.40952e-07 6.9656e-07
1.11114e-06 2.83226e-07
1.45803e-06 5.12758e-07
-3.78354e-07 2.8803e-07
-8.78516e-07 5.65408e-07
1.69827e-07 1.31802e-07
-4.21955e-07 6.73233e-07
1.61689e-06 3.423e-07
8.68533e-07 -5.92449e-07
7.82278e-07 4.00114e-07
1.73425e-06 -3.4058e-07
1.36759e-06 -4.99749e-08
1.63432e-06 5.10504e-07
6.92881e-07 -6.8183e-07
3.07634e-07 -9.65378e-08
1.01464e-06 -2.96686e-07
-6.37911e-07 -2.96533e-07
-1.49367e-06 -2.04985e-07
-1.32176e-07 -4.93244e-08
-1.06328e-06 1.10088e-09
-4.18416e-07 -3.82821e-07
-6.05973e-07 1.87733e-07
1.58458e-06 -5.12349e-07
1.4731e-07 -5.43499e-07
4.51155e-07 -3.40529e-07
-1.76659e-06 4.6726e-07
-1.3047e-06 -1.25883e-07
1.00325e-06 5.77732e-07
-1.18815e-06 3.23741e-07
-1.50236e-06 -4.82896e-07
1.46258e-06 6.17336e-07
1.49982e-06 -2.5833e-07
-1.57679e-06 6.17263e-07
-4.57575e-07 -6.79897e-07
-1.72943e-06 5.81069e-07
1.76193e-06 6.11626e-09
1.19549e-06 4.02178e-07
1.51728e-06 -2.23812e-07
1.29386e-06 -5.3735e-07
5.78496e-07 1.96821e-07
-3.4673e-07 -1.13518e-08
6.94822e-07 -4.42532e-07
-3.96496e-08 -5.40834e-07
-1.27019e-06 1.8602e-07
8.64114e-07 2.43367e-07
1.61721e-06 -6.51689e-07
8.52178e-07 2.05034e-08
1.62435e-06 6.75826e-07
1.11535e-06 3.67156e-07
-1.27979e-06 4.39277e-07
-1.70758e-06 3.85963e-07
4.42262e-07 -5.07892e-07
1.78363e-06 -6.80431e-07
-1.83632e-07 3.20733e-07
8.72633e-07 5.82616e-07
2.26809e-07 -9.94521e-08
4.53841e-07 -3.54042e-07
-1.13056e-06 -2.00651e-07
-1.42235e-06 6.63568e-07
1.77711e-06 4.31991e-07
1.81394e-08 3.78828e-07
9.29653e-07 -9.83262e-08
6.24855e-07 7.90562e-08
-1.05063e-06 3.41033e-08
1.13198e-06 -3.45268e-07
1.29445e-06 -3.70677e-07
1.60514e-06 3.2701e-07
-8.18375e-07 -4.62231e-07
-8.73107e-07 4.4364e-07
-1.94977e-07 -5.35065e-07
5.6522e-07 2.32506e-07
-1.38803e-06 -6.32514e-07
4.03381e-07 4.03147e-07
-4.00419e-07 -6.635e-07
2.62544e-07 3.79522e-07
-5.82515e-07 -5.39176e-08
2.68745e-07 -4.88763e-07
1.13188e-06 3.41284e-07
-4.08732e-07 4.64293e-07
-5.039e-07 6.0381e-07
-1.01418e-06 4.23103e-07
-5.1807e-07 -2.76359e-07
1.08051e-06 1.04086e-07
-3.31679e-07 -2.73681e-07
-1.27924e-06 -4.49861e-07
-1.10075e-06 -6.92012e-07
-8.14031e-07 -3.51993e-07
7.14389e-07 -2.39614e-07
-4.45314e-07 -5.95682e-07
-1.31558e-07 -2.43751e-07
-2.45163e-07 -1.61491e-07
-4.65216e-07 -2.82081e-07
1.80334e-06 -2.00738e-07
-1.15075e-06 -5.54161e-07
-1.37619e-06 -3.96158e-07
8.83959e-07 4.28505e-07
-7.96054e-07 -4.60935e-07
1.67137e-06 -2.68548e-07
-9.56196e-07 -2.11107e-07
-4.18729e-07 -1.09335e-08
-1.74824e-06 5.26315e-07
1.41724e-06 6.31577e-07
2.5982e-07 -1.68561e-08
1.54607e-06 -1.79102e-07
2.55247e-07 -3.45304e-07
-1.76553e-06 -1.55426e-07
-8.33981e-08 -2.93774e-08
-2.63158e-07 2.34391e-07
-1.25734e-06 -5.60105e-07
-2.58e-07 5.82447e-07
-2.95449e-07 1.10213e-08
1.99002e-07 6.52993e-07
1.70978e-06 5.02719e-07
3.23015e-07 -5.88223e-07
-1.55137e-06 -1.04531e-07
3.8423e-07 -5.64394e-07
3.49241e-07 9.74139e-08
7.12641e-07 6.46884e-07
-5.22693e-07 9.25076e-08
1.57453e-07 1.86475e-08
8.44857e-07 5.21654e-08
1.30582e-06 6.67603e-07
-8.0699e-07 2.1812e-07
8.05924e-08 2.43421e-07
-3.17084e-07 -2.25932e-07
8.14163e-07 -3.87809e-07
8.30551e-07 2.68745e-07
6.02735e-07 -5.02957e-07
1.49313e-06 5.33222e-07
1.72467e-06 -9.38088e-08
9.15083e-08 -3.55446e-07
1.90806e-07 -5.25275e-07
-1.71035e-06 5.6518e-09
7.70814e-07 -5.04986e-07
-1.06925e-06 -4.36357e-07
1.68806e-06 -1.08181e-07
1.36837e-06 6.35192e-07
5.65312e-07 2.21911e-08
5.8949e-07 -6.17604e-07
-1.5678e-06 4.13275e-07
-3.48079e-08 8.96752e-08
-5.26495e-07 1.7871e-07
-1.70314e-06 -3.44086e-07
1.47599e-06 -4.54348e-07
3.26364e-07 -4.7096e-08
1.62535e-06 1.151e-07
-1.22081e-06 6.1639e-08
2.36668e-07 -6.58303e-07
-3.45638e-07 6.71486e-07
1.44413e-06 1.58206e-07
-1.73057e-06 5.00569e-07
8.11574e-07 -4.73655e-07
1.24838e-06 4.40576e-07
-1.5986e-06 5.42674e-07
-4.05891e-07 -5.73535e-07
-5.89364e-07 4.49433e-07
-1.68643e-06 -3.8186e-07
-1.41268e-06 5.78235e-07
-1.34299e-06 -4.49457e-07
-1.38916e-06 -5.59395e-07
-1.23488e-06 6.78728e-07
-1.29578e-06 -6.96776e-07
-1.2344e-06 -5.50011e-07
-1.61051e-06 -1.17724e-07
4.79688e-07 2.15556e-07
-1.47291e-06 8.97627e-09
-1.78172e-06 6.38495e-07
-6.85716e-07 -2.56372e-07
7.63139e-07 3.24467e-07
2.61133e-07 -4.51223e-07
5.60882e-07 5.51211e-07
1.42652e-06 -4.59426e-07
2.35168e-07 1.33199e-07
1.02232e-07 -6.93697e-07
-1.99992e-07 9.50316e-08
-1.09097e-06 5.39643e-07
-1.27829e-06 -4.82363e-07
-1.65515e-06 -4.01601e-07
1.47683e-06 6.72437e-07
1.36128e-06 6.71353e-09
-1.3202e-06 -2.92986e-07
-6.94316e-07 3.00539e-07
-3.31563e-07 3.842e-07
4.46395e-07 -2.28552e-07
8.49525e-07 1.09736e-07
1.51768e-06 2.96053e-07
7.01562e-07 -3.62654e-07
5.41917e-07 -2.03311e-07
-1.28256e-06 -3.52284e-07
1.45184e-06 5.01077e-07
8.69808e-07 -4.19103e-07
9.64099e-07 2.85144e-07
-1.00449e-06 -4.19873e-07
1.6555e-06 6.47785e-07
-1.2337e-06 2.32699e-07
1.1282e-06 -3.09844e-07
3.94702e-07 -3.58265e-07
-9.95757e-07 -5.92789e-07
-1.56604e-06 -3.25247e-07
1.62764e-06 1.60757e-07
-1.7569e-08 5.99091e-07
-4.77559e-08 2.02238e-07
1.33856e-06 -2.45195e-07
-1.18428e-06 7.19876e-08
-1.58972e-06 2.48308e-07
-1.58438e-06 1.54719e-07
5.11421e-08 -5.1251e-07
7.39356e-08 -6.80068e-08
-1.1024e-06 -5.32859e-07
-9.71639e-07 -1.55459e-07
7.35104e-07 -5.23141e-07
4.0447e-07 -2.81732e-07
1.56631e-06 6.88596e-08
-1.67191e-06 5.76726e-07
-1.73305e-06 6.72202e-08
9.69214e-07 5.44013e-07
-1.71484e-06 5.26726e-07
-3.99143e-07 5.18448e-07
-1.40774e-06 -3.94083e-07
-2.62924e-07 -4.47145e-07
1.66209e-06 -4.71722e-07
-1.719e-06 -2.82593e-07
1.22666e-06 -5.73529e-07
1.75575e-06 9.25766e-08
7.31905e-07 2.13326e-08
5.75738e-07 4.92769e-07
-4.10388e-07 3.72865e-07
-1.75609e-06 -7.0978e-08
1.74868e-06 -6.31155e-07
7.06594e-07 1.04981e-07
1.39988e-06 3.50847e-07
1.45669e-06 -5.72129e-07
-5.74678e-07 -5.13366e-08
-1.80474e-06 1.60314e-07
4.75089e-07 4.54802e-07
1.39794e-06 -2.04722e-07
1.67557e-06 5.15946e-07
1.29497e-06 6.39873e-08
-1.07277e-06 -3.83433e-07
1.76101e-06 -3.24744e-07
1.16798e-06 4.03519e-08
-6.36097e-07 5.09188e-07
-8.45695e-07 4.32589e-08
1.6753e-06 -5.27785e-07
-9.13653e-07 5.7278e-07
-7.34419e-07 -3.91066e-07
1.42843e-07 -4.92302e-07
-1.1062e-06 -6.85857e-07
-1.27777e-06 -1.21077e-08
-1.43348e-06 4.5175e-07
-2.88326e-07 3.34287e-07
-1.29252e-06 3.18105e-07
4.59228e-07 5.46804e-07
2.80153e-07 -3.22925e-07
-1.71815e-07 -2.19331e-07
1.60837e-06 -1.40253e-07
-1.63088e-06 1.15462e-07
1.48368e-06 -5.80307e-07
-9.78236e-08 6.78072e-07
-1.81738e-06 3.47829e-07
7.03326e-07 -5.22234e-07
2.12147e-07 6.31245e-07
-9.59487e-08 -1.82601e-07
-1.48047e-06 6.05353e-07
4.02177e-07 2.70452e-07
8.40095e-08 4.62369e-07
-1.14835e-06 1.91657e-07
1.13725e-06 -6.52873e-07
1.29099e-07 -6.0386e-07
-8.12186e-07 -6.03089e-07
1.20243e-07 -2.70641e-07
-1.29274e-06 3.46096e-07
-1.40419e-06 -1.52282e-07
5.1016e-07 -5.23104e-07
4.11783e-07 -2.57199e-07
1.33925e-06 -1.10898e-07
-1.00879e-06 4.71249e-07
-4.40713e-07 3.09377e-07
-1.58397e-06 5.17794e-07
2.59775e-07 1.80269e-07
1.38277e-06 4.24248e-07
1.62143e-06 -2.97718e-07
1.7398e-06 5.62966e-07
-1.02606e-06 -1.89037e-07
-1.13447e-06 -1.96749e-07
-9.75947e-07 4.57323e-07
-8.6365e-08 1.41185e-07
4.42578e-07 -5.50961e-07
1.79272e-06 -2.86153e-07
-7.12678e-07 -2.18309e-07
-1.47668e-06 -2.91854e-07
1.09149e-06 4.63368e-07
1.60407e-06 -4.79959e-07
-8.49796e-07 2.60236e-07
8.19909e-07 -4.11504e-07
-1.04593e-07 1.49727e-07
4.96386e-07 6.2944e-07
1.11076e-06 -2.93665e-07
-9.80537e-07 -6.8611e-07
-1.61446e-06 -4.596e-07
-9.23626e-07 -4.39114e-07
-1.78778e-06 1.93482e-07
-1.14007e-06 4.35501e-08
1.11321e-06 2.4528e-07
-1.32789e-06 3.1282e-08
-1.14035e-07 -2.4163e-07
1.53375e-06 -5.89153e-07
-4.84577e-07 6.81792e-07
4.9236e-07 7.8297e-08
1.43382e-06 4.97003e-07
-9.45136e-07 -1.52296e-07
2.91834e-07 -3.93066e-07
1.02842e-06 -6.0395e-07
1.35886e-06 -5.28847e-07
-1.34964e-06 2.16144e-07
-1.04184e-06 -6.35818e-07
-1.46962e-06 2.33705e-07
8.76391e-08 2.91608e-07
5.18086e-07 -2.55287e-07
9.93782e-07 6.36462e-07
1.6008e-06 -4.92532e-07
1.6535e-06 -3.29589e-07
4.88231e-07 3.52186e-07
-1.62091e-06 -2.32542e-07
-6.09238e-07 5.57266e-07
7.63663e-07 2.93042e-07
-1.38253e-06 6.39841e-07
-5.35444e-07 4.01676e-08
-1.40286e-06 1.61128e-07
1.27058e-06 5.94204e-08
8.5644e-07 -6.03329e-08
1.01733e-06 1.07999e-07
1.4418e-06 5.68606e-07
-1.21451e-06 4.4541e-08
1.29866e-06 -3.74513e-07
7.71527e-07 -2.17066e-07
-1.93638e-07 -5.71615e-07
-1.04208e-07 1.63307e-07
1.35409e-06 1.84841e-07
-4.03895e-07 -4.63872e-07
7.61701e-07 -3.79988e-07
9.21513e-07 -1.03878e-07
-1.03047e-06 -6.42321e-07
-1.33558e-06 1.99056e-07
5.82841e-07 -1.24071e-07
-5.78676e-07 2.16969e-07
7.2743e-07 1.08839e-07
1.56627e-06 -4.34836e-07
-6.96659e-07 5.22891e-07
-1.34373e-06 6.56383e-07
1.27164e-06 5.75613e-07
1.0727e-06 1.81666e-07
-8.97225e-07 -4.30793e-07
1.14397e-06 5.98206e-07
5.37892e-07 3.86141e-07
-1.81811e-06 -3.17596e-07
-1.46204e-06 5.5354e-07
1.50929e-06 5.8983e-07
8.13545e-07 1.07552e-07
1.20021e-06 -1.25855e-07
-1.55549e-06 -1.32083e-07
-1.54555e-06 -6.6222e-07
-6.51262e-07 6.9608e-07
1.12173e-06 -6.66253e-07
1.429e-06 7.35089e-08
-7.14306e-07 -6.64646e-07
-1.03237e-06 1.88326e-07
1.62998e-06 4.18974e-07
-1.73599e-06 3.3623e-07
3.76744e-07 -3.49248e-09
-1.70832e-06 3.09415e-07
3.95887e-07 6.27931e-07
1.30286e-06 4.89079e-07
-1.10246e-06 -2.94711e-07
-1.74187e-06 -8.76736e-08
-2.51373e-07 -3.53293e-07
-9.28652e-07 -2.42672e-07
1.33096e-06 2.79589e-07
1.67583e-06 -4.10729e-07
-1.11247e-06 4.29163e-07
1.19022e-06 6.90309e-07
7.38769e-07 -4.27197e-07
1.11903e-06 -5.70644e-07
-2.18081e-07 -1.72027e-07
2.24973e-07 1.7646e-07
-6.04525e-07 6.31229e-07
-1.00948e-06 1.2273e-07
1.56372e-06 4.06545e-07
1.2004e-06 8.9142e-08
1.56409e-06 -1.57878e-07
-6.582e-07 -3.80477e-07
-1.4798e-06 1.15094e-07
7.00959e-07 2.32749e-07
-9.11254e-08 2.11008e-07
1.42688e-06 1.90112e-07
-4.40451e-07 9.58556e-08
-8.91441e-08 -6.21561e-07
-3.11706e-07 2.47158e-07
9.24614e-07 1.92169e-07
-2.93129e-07 3.62527e-08
1.3271e-06 6.49907e-07
-8.43802e-07 -4.51342e-07
-1.52511e-06 -2.55753e-07
1.36048e-06 2.4398e-07
9.18972e-07 3.20769e-07
1.38958e-06 -3.21292e-08
-1.02439e-06 1.34406e-08
1.31961e-06 3.4956e-07
-7.49311e-07 5.92738e-07
-1.62708e-06 5.04833e-07
-3.68054e-07 -2.46796e-07
-1.19304e-06 6.79317e-08
1.09331e-06 -6.82302e-07
-1.57409e-06 -1.04022e-07
1.67012e-06 2.1423e-08
1.37222e-06 -5.10181e-07
1.19424e-06 -5.9015e-07
-5.94495e-07 -2.55696e-07
5.0986e-07 8.30919e-08
1.18908e-06 -3.5518e-07
-2.61199e-07 2.76509e-07
8.6913e-07 4.10691e-08
1.02079e-06 6.65887e-07
5.2141e-07 2.42904e-07
8.16498e-07 6.06516e-07
3.43434e-07 6.36088e-07
7.62477e-07 6.25357e-07
7.00844e-07 -4.63933e-07
1.22796e-06 -1.93613e-07
-5.3276e-08 -9.58859e-08
-1.47514e-06 -8.57991e-08
-1.50869e-06 -6.13464e-07
1.07634e-06 2.42731e-07
1.45006e-07 4.70724e-07
-1.52256e-06 -5.01808e-07
-1.11986e-07 5.61438e-07
-3.7878e-08 2.54554e-07
9.18983e-07 -3.70213e-07
-1.22655e-06 7.03265e-08
1.31924e-06 -8.00496e-08
-2.73845e-07 4.66036e-07
-4.76425e-07 -2.92153e-07
-5.48604e-07 -2.31265e-07
-4.07375e-07 -6.29264e-07
-7.62402e-07 3.63355e-08
1.11534e-06 -2.01071e-09
-1.27435e-06 5.76806e-07
1.23297e-06 4.50711e-08
-1.56797e-06 6.91964e-07
-1.11677e-06 4.51427e-07
1.44065e-06 -4.77927e-08
-5.66175e-07 -3.31149e-07
1.07993e-06 -2.04771e-07
-1.31783e-06 2.37513e-07
1.72982e-06 -6.96789e-07
-1.66399e-06 1.45442e-07
3.97716e-07 3.6287e-07
-1.60481e-06 -1.39084e-07
4.47368e-07 3.32152e-07
-1.78494e-06 -5.46667e-07
-9.38989e-07 -6.35698e-07
1.33889e-06 -1.90496e-08
-5.97461e-07 1.21623e-07
-4.14253e-07 -8.26498e-08
1.58492e-06 1.34416e-07
2.16143e-07 -4.40988e-07
1.79261e-06 -4.36605e-07
-7.07064e-07 -3.80481e-07
2.44169e-07 -4.23082e-07
-2.65411e-07 -3.90039e-08
1.43108e-06 -3.15877e-07
-1.48819e-06 -1.95337e-07
1.67133e-07 -5.57306e-07
-2.68679e-07 -6.2658e-07
2.34303e-07 5.90027e-07
-1.75148e-06 1.50397e-08
1.04053e-06 -5.57375e-07
-1.1995e-06 2.024e-07
1.59341e-06 -1.24668e-07
9.46157e-07 -4.45052e-07
7.87952e-07 -1.52939e-07
-1.03358e-06 -1.20205e-08
3.77149e-07 -1.55719e-07
8.70797e-07 1.52208e-07
-1.3943e-06 3.85554e-08
-9.51525e-07 -7.20127e-08
8.29187e-07 -3.85826e-07
-4.23107e-07 -2.186e-07
-1.68424e-06 5.26703e-07
1.00586e-06 5.47577e-07
1.07848e-06 5.27402e-07
1.78349e-06 -5.07793e-07
-6.36876e-07 4.19775e-07
-1.29006e-06 4.26745e-07
4.70246e-07 3.14831e-07
-1.58808e-06 2.58789e-07
-1.16391e-06 -5.39437e-07
9.63976e-07 -8.9853e-08
-1.46611e-06 -4.94093e-07
1.42405e-06 -4.63828e-07
-5.92471e-07 -4.82444e-07
-1.70032e-06 -5.14272e-08
8.95712e-08 -5.0641e-07
-1.63212e-07 -3.71934e-07
-6.69219e-07 3.60528e-08
1.80818e-07 9.83302e-08
1.14826e-08 4.3433e-07
-9.70872e-08 3.98871e-07
-1.79861e-06 5.30221e-07
2.69685e-07 -4.56154e-07
-7.73322e-07 -9.84669e-10
4.0684e-07 -1.24266e-07
-1.0534e-06 -3.66029e-08
-9.39113e-07 9.17557e-08
1.77239e-06 -5.94918e-07
1.35727e-06 2.07284e-07
-1.64962e-06 -2.00827e-07
-1.0685e-06 3.10024e-08
-1.68883e-06 1.0188e-07
1.81325e-06 4.06252e-07
1.11244e-06 -5.95498e-07
-1.74628e-06 4.70004e-07
-3.09273e-08 8.9729e-09
3.44606e-08 -4.02247e-07
7.97681e-08 -5.10741e-07
-1.02058e-06 -5.25884e-07
1.18386e-06 4.56388e-07
-1.07169e-06 5.69342e-07
-1.6924e-06 3.46658e-07
-3.55853e-07 6.20091e-07
6.72833e-08 -3.95854e-07
5.88067e-08 3.8055e-07
1.15648e-07 -5.35434e-07
-1.75846e-06 3.32113e-07
-1.11008e-06 -2.90147e-07
4.41203e-08 4.58845e-07
4.32785e-07 5.75227e-07
4.23471e-07 4.00286e-07
6.75482e-07 -2.53239e-07
-1.675e-06 -6.08924e-07
6.02403e-07 5.87133e-07
-1.79763e-06 6.04945e-07
5.83901e-07 -2.70999e-07
-1.76934e-06 1.90021e-07
-2.81756e-07 4.33995e-07
-3.40352e-07 -2.62311e-07
1.48192e-06 1.38615e-07
-1.74088e-07 -4.9831e-07
1.1617e-06 -3.22899e-07
8.03813e-08 1.8831e-07
2.71894e-07 -6.77199e-07
8.31791e-07 -6.33407e-07
-1.73479e-06 3.3203e-07
1.33219e-06 -6.70462e-07
8.19804e-07 5.75032e-08
-1.77704e-06 -2.55412e-07
-9.94337e-07 -1.98674e-08
1.12976e-06 -1.47511e-07
-1.76865e-06 9.87983e-08
-1.8106e-06 -2.24096e-07
2.65743e-07 2.52097e-08
1.74965e-06 3.57959e-09
-7.9668e-07 4.03453e-07
3.5634e-07 -5.4876e-07
1.57391e-06 2.42364e-07
-1.19138e-06 1.60519e-07
1.52869e-06 -2.36295e-07
