1.58745e-06 6.22677e-07
4.93683e-07 -1.84791e-07
-3.21347e-07 -4.27313e-07
7.23577e-07 -6.5324e-07
6.79784e-07 4.5885e-07
5.3951e-07 -2.40099e-07
1.69888e-06 -6.57087e-07
7.20872e-07 -4.10003e-07
1.7297e-06 -3.30892e-07
-7.79806e-07 4.5721e-07
1.60861e-06 3.90995e-07
3.46029e-07 5.79919e-07
-6.59873e-07 -3.50309e-07
-4.57623e-07 2.0778e-07
-1.31119e-06 3.74117e-07
-1.20995e-06 2.43984e-07
-1.26504e-06 3.91036e-07
6.58013e-07 1.79109e-07
-1.00876e-07 -5.66466e-07
-8.93358e-08 -5.06366e-07
3.11962e-08 -3.12506e-07
6.3082e-09 3.4632e-07
-7.98608e-07 4.98197e-07
-2.19746e-07 -5.76986e-07
-1.26278e-06 -6.79599e-07
-8.5203e-07 3.49624e-08
8.7995e-07 1.88491e-07
4.47594e-07 -5.22361e-07
1.37268e-06 -6.65918e-07
7.53348e-07 -6.37309e-08
-1.10958e-06 5.65723e-07
-6.76288e-07 -3.46396e-08
9.08832e-07 -6.9687e-07
-9.35004e-07 1.33386e-07
-1.27061e-06 -1.53458e-08
6.78872e-07 -6.98691e-08
9.04757e-07 3.45138e-07
1.36856e-06 3.20086e-07
8.61859e-08 5.35674e-07
-1.66118e-06 -3.62914e-07
1.3348e-06 -4.88038e-07
1.05413e-06 -1.20788e-07
-2.454e-07 -6.2228e-07
-1.24581e-07 8.195e-08
-1.17592e-06 2.22257e-07
2.9286e-07 -6.23202e-07
1.27873e-06 1.49847e-07
1.18531e-07 3.44806e-07
9.38229e-07 4.38408e-07
-1.67242e-06 3.77992e-07
-1.40845e-06 2.8854e-07
-1.28132e-07 -5.6437e-07
1.64806e-06 2.11322e-07
-8.1877e-07 -5.13954e-07
-2.9152e-07 4.07122e-08
9.92741e-07 4.46297e-07
1.23421e-06 -4.58409e-07
-1.35722e-06 5.27852e-07
-1.65767e-06 6.73274e-07
-8.45558e-07 -6.9517e-07
6.86918e-07 1.59954e-07
8.684e-07 -4.81973e-07
-7.38102e-07 2.16675e-07
-2.34191e-07 -5.14893e-07
-1.33987e-06 6.49845e-07
1.71532e-06 -3.46677e-07
1.53758e-06 1.2442e-07
1.55701e-06 -6.51101e-07
1.50686e-06 6.19353e-07
-1.14969e-06 -6.97982e-07
1.11329e-08 -3.20798e-07
1.35715e-06 1.4654e-07
8.84573e-07 -6.33324e-08
-5.25694e-07 -5.51916e-07
7.51481e-07 2.74674e-07
5.13846e-07 -5.45811e-07
-1.2717e-06 -4.07838e-07
1.07138e-06 3.59532e-07
6.01634e-07 -3.2991e-07
7.93882e-07 -6.32417e-07
1.3144e-06 -1.57036e-07
-1.16354e-08 6.47574e-07
-8.64533e-07 -2.84394e-07
1.37769e-06 4.71621e-07
1.7329e-06 4.5761e-07
4.49586e-07 -7.66251e-08
-7.20761e-07 -3.0028e-07
-1.59228e-06 -6.60087e-07
1.47971e-06 -5.65402e-07
-1.11457e-07 1.23171e-07
-1.52123e-06 -1.78411e-07
-1.12328e-07 4.0023e-07
-3.81934e-07 2.47258e-07
-1.73273e-06 -5.68191e-07
4.17747e-07 -6.99465e-07
7.01565e-07 5.53103e-07
-8.87091e-07 2.19718e-07
-2.28805e-07 -3.38324e-07
1.19774e-06 -5.364e-07
-1.98346e-07 -1.59502e-07
1.43744e-06 -7.25069e-08
-1.01633e-06 2.79042e-07
1.38499e-06 4.26422e-07
-5.77947e-07 -2.86095e-07
-6.79663e-07 -4.53827e-08
1.68008e-06 3.00202e-07
1.69545e-06 -5.80611e-07
1.43065e-06 5.1766e-07
-1.1933e-06 -4.20541e-07
1.24902e-06 -4.4422e-07
1.14244e-06 -2.76266e-07
-1.38531e-06 -4.02613e-07
-7.9036e-07 5.8709e-07
7.74439e-07 2.50965e-07
-7.92761e-07 6.93533e-07
1.21629e-06 6.28721e-07
1.5233e-06 1.77886e-07
1.02833e-06 -3.3568e-07
-1.63879e-06 6.02064e-07
8.37302e-07 9.45795e-08
-5.68297e-07 -1.71097e-07
-1.32455e-07 2.64028e-08
1.3859e-06 3.50702e-07
6.93602e-07 -9.14669e-08
1.41353e-06 1.22247e-07
1.59309e-06 4.45829e-07
-1.63551e-07 3.5137e-07
1.55375e-06 -5.58449e-07
-1.79135e-07 3.18021e-07
-1.74176e-06 5.56535e-07
8.99738e-07 -5.16771e-07
-8.12833e-07 -5.65056e-07
1.53167e-06 -1.60717e-07
-9.93317e-07 -2.75309e-07
1.15832e-06 -4.73365e-07
1.40943e-06 3.2611e-07
1.50812e-06 5.94196e-07
2.59532e-07 -6.05689e-07
2.32632e-07 2.61167e-07
1.82399e-06 1.25038e-08
5.59313e-07 -1.4937e-07
1.49988e-06 -5.05794e-07
9.08192e-07 1.08407e-07
-6.13247e-07 2.0011e-07
1.31915e-06 -4.98698e-07
3.89477e-07 -3.15418e-07
3.94438e-08 3.3242e-07
5.0377e-07 -4.35426e-07
1.39724e-06 -6.41016e-08
2.01988e-07 3.60041e-07
4.75107e-07 -5.95254e-07
8.32165e-07 5.82218e-07
4.40711e-07 3.82815e-07
-1.33321e-06 -2.44644e-07
-1.39224e-06 -1.31457e-07
-3.452e-07 4.26502e-07
4.19558e-09 6.28755e-07
-1.18585e-07 6.0841e-07
-7.08212e-07 -6.92103e-07
1.3065e-06 -6.10057e-07
8.53626e-07 -9.08165e-08
-5.9256e-07 -3.76614e-07
-1.40741e-06 -1.03327e-07
-1.49432e-07 -5.24623e-07
-1.53714e-06 2.80054e-07
5.77017e-07 3.60416e-07
-2.83043e-07 5.19877e-07
1.33027e-06 7.89513e-08
1.69135e-06 -3.25961e-07
9.25306e-07 -4.74886e-07
-1.49054e-06 -5.25939e-07
8.67344e-07 1.14205e-07
1.07924e-06 6.83659e-07
5.41636e-07 -1.72399e-07
6.55016e-07 -1.35275e-07
1.32046e-06 2.43006e-07
-1.3285e-06 -4.36245e-07
1.5294e-06 -3.63347e-07
-1.0674e-06 3.81897e-07
1.42281e-06 -2.37894e-07
8.38217e-09 3.81369e-07
1.1849e-07 -2.11474e-07
8.30941e-07 4.64269e-07
1.6574e-06 2.47851e-07
1.59508e-06 -4.32231e-08
4.98128e-07 4.02366e-07
-1.38561e-06 -4.31391e-07
-8.2811e-07 -1.33849e-07
1.51277e-06 6.1787e-07
1.78922e-06 1.2263e-07
-7.22426e-08 1.2562e-08
-1.69144e-06 -5.52341e-07
-8.31848e-07 2.70305e-07
-3.47615e-08 -1.55201e-07
-5.2503e-07 2.27612e-07
1.01761e-06 1.32102e-07
-9.94249e-07 6.85799e-08
-7.77196e-07 -3.47364e-07
-1.54888e-06 5.48359e-07
-8.43723e-07 -9.38025e-08
1.53651e-06 -6.91461e-07
2.01741e-07 5.93091e-07
-5.60978e-07 -1.68959e-07
-1.44253e-06 -6.08004e-07
-1.45559e-06 5.1972e-07
-1.6699e-06 -4.74547e-07
-8.08335e-07 -3.49526e-07
-1.08356e-06 -5.94243e-07
3.18081e-07 -1.74052e-07
-2.65716e-07 4.30336e-07
-8.28845e-07 4.83521e-07
-6.08667e-07 -6.28122e-07
1.56606e-06 6.85154e-07
6.10525e-07 1.34876e-07
-2.17522e-07 6.63133e-07
1.79434e-06 -4.25767e-07
3.18783e-07 -3.77406e-07
-1.13242e-06 -3.60663e-07
-1.17454e-06 2.95768e-07
1.82034e-06 1.42126e-07
1.32982e-06 -5.76774e-07
4.77925e-07 6.75095e-07
1.54999e-06 -2.89721e-07
-1.43677e-06 9.91326e-08
1.27644e-06 4.46709e-07
-1.70576e-06 -4.3304e-07
5.49779e-07 6.83479e-07
1.66127e-06 1.52767e-07
-8.0103e-07 4.69303e-07
1.41621e-06 5.962e-07
1.20413e-06 -5.39207e-07
-1.46754e-07 4.1437e-07
4.6323e-07 -8.36435e-08
-3.52652e-07 6.65514e-07
8.18288e-07 1.75573e-07
-3.57223e-07 -2.90771e-07
8.13159e-07 -4.96804e-08
-1.25942e-06 2.33851e-07
1.87136e-07 2.64299e-07
1.53794e-08 -2.08141e-07
-2.27725e-07 -2.90166e-07
-7.19268e-07 6.76508e-07
-1.80676e-06 -6.88742e-07
1.69308e-06 6.98281e-07
-5.41215e-07 -5.51993e-07
-1.8122e-06 2.50612e-07
-9.57486e-07 -4.13601e-07
8.9131e-07 2.39493e-07
1.26124e-06 -6.47241e-07
1.27021e-06 -2.9464e-07
-5.08365e-07 -5.56731e-07
-3.13175e-07 -3.38229e-07
7.92284e-08 -2.3546e-07
-2.91176e-07 3.05475e-07
3.36196e-07 6.73302e-07
4.43326e-07 -1.65419e-07
-3.62187e-07 -3.04374e-07
1.0352e-06 1.56259e-08
1.8232e-08 -6.33469e-07
-7.75079e-07 3.48622e-07
-1.2851e-06 6.19529e-07
1.16668e-06 -6.06353e-07
2.5979e-07 -3.12192e-07
3.34195e-07 -3.86866e-07
2.08999e-08 -5.57265e-07
3.22018e-07 -5.48731e-07
5.17875e-07 -3.97745e-07
-2.31162e-07 2.04313e-07
-2.82544e-07 -2.08368e-07
-1.30845e-07 -1.38068e-07
8.91388e-07 -2.89139e-07
-1.31319e-06 -2.10718e-07
1.13202e-06 -5.43511e-07
1.35027e-07 3.8947e-07
-5.66157e-07 -1.49055e-07
6.83547e-07 6.02286e-07
4.89992e-07 3.53606e-07
-5.42386e-07 9.49392e-08
-8.41396e-08 4.11931e-07
-4.70472e-07 -4.98298e-07
1.36286e-06 -2.66046e-07
-8.39142e-08 -6.13315e-07
-1.43644e-06 -6.4936e-07
-6.28243e-07 -6.79893e-07
-1.49066e-06 1.40787e-08
1.80826e-06 2.12926e-07
-5.17489e-07 -1.28745e-07
-3.06518e-07 9.63874e-09
1.80279e-06 -2.90337e-07
-1.05594e-06 -6.98157e-07
1.25664e-06 -6.04669e-07
-9.99095e-07 3.27604e-07
3.09656e-07 1.20289e-07
1.82487e-06 9.42804e-08
1.80498e-06 -5.13581e-07
3.17e-07 5.57515e-07
1.38141e-06 -2.27834e-07
-2.93026e-07 1.93695e-07
7.10516e-07 -1.73281e-07
-4.35653e-07 -2.92403e-07
8.4787e-07 1.97789e-07
1.28737e-06 4.91884e-07
-9.06498e-07 6.34818e-08
-1.81265e-06 -3.52908e-07
-1.40737e-07 1.41301e-07
1.13778e-06 -2.69758e-07
-1.86629e-08 2.79112e-07
1.81346e-06 -2.49788e-07
1.58332e-06 -5.27158e-07
-1.12419e-06 -3.63928e-07
5.25971e-07 3.82701e-07
1.36419e-06 2.78566e-07
-1.69966e-06 6.31194e-07
1.14354e-06 -6.23785e-08
-9.95633e-07 2.08519e-07
1.41802e-06 3.58644e-07
-1.5192e-06 1.88722e-07
-4.08865e-07 5.60917e-07
1.77498e-06 -5.99497e-09
-1.31494e-06 4.74318e-07
3.23774e-07 5.48591e-07
-2.54149e-07 6.53938e-08
-1.40105e-06 2.55432e-07
-1.57298e-06 -2.07526e-07
1.77482e-06 -3.87816e-07
5.8757e-07 -1.7291e-07
-1.03494e-06 -4.83856e-07
1.45857e-06 3.28479e-07
4.03873e-07 6.68213e-07
1.79223e-06 4.74948e-08
-1.75389e-06 -5.70312e-07
9.97977e-07 -3.49141e-07
-1.54599e-06 1.02183e-07
-6.73143e-07 2.1634e-08
6.60273e-07 6.18406e-07
1.76753e-06 -2.33679e-07
1.76055e-06 -5.52534e-07
1.07239e-06 3.50089e-07
-1.23821e-06 6.85421e-07
-4.35922e-07 6.21533e-08
1.15928e-06 1.03995e-07
4.33706e-07 -4.09829e-07
-7.74673e-07 -2.6563e-07
-7.81864e-07 -5.5255e-08
1.52636e-06 -6.08912e-07
5.28011e-07 -4.15933e-07
-9.73777e-07 1.76767e-07
1.48848e-07 -6.08016e-07
1.02565e-06 -7.80225e-08
1.50786e-06 4.46808e-07
-3.58442e-07 -6.13523e-07
-1.74924e-06 -1.03695e-07
1.35692e-06 5.94256e-07
1.25935e-06 1.69572e-07
1.33749e-06 -1.6804e-07
-1.26165e-06 4.08415e-07
-4.31747e-07 -2.33903e-07
1.96781e-07 -3.41752e-07
7.10489e-07 -2.86524e-07
-6.40872e-07 1.29046e-07
-1.45636e-06 1.17241e-07
1.51221e-06 4.71555e-07
-1.07262e-06 -4.2861e-07
-9.54374e-07 5.08288e-07
1.17364e-07 1.29502e-07
8.31139e-07 3.08117e-07
6.4457e-07 -2.21341e-07
1.57174e-06 -5.82541e-08
1.09357e-06 -5.47772e-07
1.07369e-06 1.97915e-08
-1.45577e-06 3.10692e-07
-7.59333e-07 6.70236e-07
-1.44298e-06 -2.27935e-07
8.0861e-07 -2.5706e-07
-1.24552e-06 -1.71853e-07
-3.0833e-07 -3.74415e-07
1.70852e-06 4.75581e-07
9.41487e-07 5.86721e-07
-1.05882e-07 -1.63552e-07
-7.07863e-07 2.87732e-07
-5.52971e-07 -6.02361e-07
-2.1027e-07 3.33924e-07
-8.23891e-07 3.66604e-07
-1.09806e-07 5.80046e-07
1.81302e-06 -6.18548e-08
9.19875e-07 1.98669e-07
7.7235e-07 4.9547e-07
-1.40058e-06 -3.65107e-07
1.39485e-06 -4.51167e-07
1.44066e-06 -3.77831e-07
2.41739e-07 4.79714e-07
-1.04557e-06 3.19796e-08
-1.82422e-06 -5.98273e-07
1.5431e-06 5.01567e-07
-1.49659e-07 4.40427e-07
-1.50826e-06 -3.62357e-07
5.45672e-07 -6.86436e-07
1.81324e-06 -5.96737e-07
-1.58645e-06 -1.38106e-07
1.39226e-06 6.51123e-07
-5.44981e-07 -3.16353e-08
-1.4109e-08 2.88579e-07
5.37069e-07 -2.54369e-08
3.312e-07 -5.62085e-07
1.49501e-06 4.90522e-07
-6.82443e-07 -6.90314e-08
9.39477e-07 6.91655e-07
-1.15408e-06 6.64645e-07
8.36392e-07 4.96043e-07
1.43106e-06 4.16432e-07
-1.26376e-06 -2.95177e-08
6.91793e-07 2.45763e-07
1.29814e-06 -4.39305e-07
-5.11986e-07 -6.89115e-07
6.01425e-07 3.39953e-07
-4.39223e-07 -1.44273e-07
-2.70334e-07 6.87295e-07
1.72664e-06 4.68071e-07
-1.05394e-06 4.7538e-07
-1.77342e-06 3.64991e-07
-1.57118e-06 -6.24489e-07
-5.40725e-07 1.66519e-08
1.44198e-06 3.34289e-07
1.69472e-06 -6.55024e-07
-1.72499e-06 5.99836e-07
1.23558e-07 -9.49822e-08
1.49936e-06 5.04763e-07
1.58882e-06 -5.59894e-08
-3.7955e-07 -2.99926e-07
-5.64149e-07 -3.68864e-07
-3.48307e-07 3.26678e-07
-8.35467e-07 -6.83024e-07
4.45721e-09 -9.61633e-10
-4.25343e-07 -2.81727e-07
1.43432e-06 -5.24166e-07
-1.47069e-06 6.80962e-07
-1.10441e-06 -1.94737e-07
-1.06148e-06 2.78389e-07
1.08397e-06 5.67816e-07
-1.43709e-06 -3.51253e-07
-6.41414e-07 5.66384e-07
5.55148e-07 -5.82112e-08
3.1268e-07 -5.13203e-07
1.18393e-06 1.21611e-07
1.41157e-06 -5.57084e-07
1.30691e-06 4.44714e-07
-1.74913e-06 -6.60988e-07
8.84264e-07 -6.4768e-07
1.20111e-06 -3.63086e-07
-4.13374e-07 6.92193e-07
4.79421e-07 -6.29334e-07
9.88862e-07 -4.77512e-08
-1.37193e-06 -9.94724e-08
5.58063e-07 -2.69737e-07
-9.97413e-07 -3.75626e-07
1.68044e-06 -3.67019e-07
-1.75268e-06 1.24755e-07
1.55472e-06 -5.66775e-07
9.01813e-07 6.72301e-07
-1.61534e-06 1.77893e-07
-4.64096e-07 -2.17869e-07
1.31884e-06 3.60295e-07
4.5842e-07 1.12074e-08
-1.67076e-06 3.67738e-07
-9.95348e-07 -2.82442e-07
8.29317e-07 -4.82124e-07
-1.3919e-06 5.37236e-07
1.2862e-06 -1.67797e-07
1.25349e-06 -3.37824e-07
-1.25174e-06 4.23098e-07
1.25485e-06 -2.39184e-07
7.92148e-07 -2.89317e-07
-1.29091e-06 5.14184e-07
8.61547e-07 -1.70096e-07
9.64903e-08 2.36761e-07
3.62917e-07 -2.28996e-07
-1.05342e-06 2.96315e-07
4.94299e-08 -6.51914e-07
-1.46451e-06 4.55572e-07
-1.07218e-06 -3.22035e-07
-1.37911e-06 -8.15582e-08
9.5272e-07 5.48052e-07
-1.74679e-06 -6.67212e-07
-7.76341e-07 3.35273e-07
-1.788e-06 -1.31307e-07
-1.15194e-06 -1.84104e-07
3.13489e-07 2.99205e-07
-8.39933e-07 6.30796e-07
8.3749e-07 -5.92976e-07
9.36395e-07 3.86221e-07
1.59521e-06 -2.20961e-07
1.66699e-06 1.37298e-07
-1.70417e-06 5.08221e-07
-7.58534e-08 -5.53037e-07
1.6857e-07 1.25727e-07
-1.76064e-06 -4.59266e-07
1.80985e-06 6.34201e-07
5.89113e-07 -5.11517e-07
2.13638e-07 -3.84837e-08
1.02653e-07 3.69317e-07
-1.27965e-07 -3.63879e-08
9.27258e-07 -2.11675e-07
1.62768e-06 -5.42353e-07
1.81678e-06 4.29214e-07
-3.18078e-07 -6.21977e-07
1.13908e-06 -2.65787e-07
7.65711e-07 3.3829e-07
1.10954e-06 3.19011e-07
4.8557e-07 4.58682e-08
-7.89945e-07 -3.6443e-07
1.58232e-06 -3.84675e-07
-1.11847e-06 1.2929e-07
5.17939e-07 -5.89296e-07
1.50136e-06 2.2843e-07
-9.96679e-07 4.75871e-07
-4.4338e-07 3.1392e-07
-1.05966e-06 -5.09747e-07
1.7493e-06 -5.88588e-07
-1.62261e-06 6.22826e-07
-1.06077e-06 -4.87681e-07
-1.58872e-07 5.2737e-07
-9.52912e-07 -4.619e-07
8.19509e-08 -2.05448e-07
1.35595e-06 6.62839e-07
4.17441e-07 -4.8245e-07
7.83221e-07 -2.55519e-07
6.71915e-07 1.39013e-07
-5.81508e-07 6.1625e-07
-1.43475e-06 5.57268e-07
9.03897e-07 -4.90559e-07
-1.11806e-06 5.55862e-07
-8.30967e-07 -2.76513e-07
3.60359e-07 -1.97803e-09
-9.42162e-07 -2.53457e-07
1.32166e-06 -8.36241e-08
4.42026e-09 -8.34456e-08
1.56172e-06 6.55629e-07
9.78463e-07 2.15186e-07
-1.41858e-06 -2.3876e-07
1.53747e-06 4.67691e-08
-4.6307e-07 -8.78314e-08
6.07758e-07 1.61838e-07
-1.45443e-06 6.04093e-07
-1.10315e-06 3.64906e-07
1.67403e-06 1.65818e-07
-9.99972e-08 -2.24728e-07
-6.64438e-07 3.32866e-07
1.51738e-06 -6.01147e-07
1.82557e-07 -6.73508e-09
1.31665e-06 4.03333e-07
-1.07008e-06 -5.82744e-07
3.67425e-09 -1.14547e-07
-1.51156e-06 2.07647e-07
1.48171e-07 1.38444e-07
-9.57771e-07 -3.57751e-07
-8.68894e-07 -6.59534e-07
-1.73067e-06 3.66699e-07
-2.58737e-07 -4.94276e-07
-1.52738e-06 -1.09986e-07
-2.68344e-07 -4.12913e-07
-8.06476e-07 2.21073e-07
1.04461e-06 -2.9266e-07
7.26187e-07 -5.29234e-07
-3.82683e-07 3.6952e-09
7.09218e-07 2.46277e-07
8.0234e-07 2.34118e-08
-7.92384e-07 4.31643e-07
1.52459e-06 6.00678e-07
-1.7308e-06 5.30948e-07
-7.05442e-07 3.94592e-07
-7.23049e-08 5.53509e-08
-1.20554e-06 -1.65882e-07
2.91454e-07 5.88588e-07
1.06042e-06 4.67028e-07
1.49997e-06 -6.94297e-07
-5.74125e-07 -4.58093e-07
1.07738e-06 -2.56683e-08
1.20866e-06 -5.25466e-07
3.74255e-08 6.55596e-07
1.09875e-06 1.67573e-07
-1.67289e-06 -1.51972e-07
-1.17829e-06 5.99719e-07
-3.51329e-07 2.93557e-07
1.23994e-06 -5.22365e-07
2.16157e-07 1.92133e-07
1.7652e-06 -1.55768e-07
-1.8046e-06 6.1299e-07
-5.04214e-07 -3.43864e-07
-9.94068e-07 -1.00225e-07
-1.4321e-06 -1.30951e-07
3.42684e-07 -6.64657e-07
2.49184e-07 -3.4248e-07
7.02502e-07 -4.62833e-07
7.86383e-07 1.56383e-07
-1.80105e-06 -1.15176e-07
4.96487e-08 -2.76954e-07
-6.03257e-08 5.99944e-07
-1.67625e-06 1.94501e-07
1.41522e-06 2.58181e-07
-4.50643e-07 5.83985e-07
-1.33329e-06 6.83965e-07
1.1199e-06 -5.36833e-07
-2.65369e-07 -5.7929e-07
1.18224e-06 3.01431e-07
-7.91483e-07 -4.2588e-07
-1.01052e-07 2.05559e-07
-1.63239e-06 1.40937e-07
5.01767e-10 3.64088e-07
-1.37763e-06 5.29445e-08
1.68778e-06 4.8512e-08
-5.54883e-07 4.9243e-07
-7.70443e-07 -5.08649e-07
-1.44659e-06 2.83385e-07
-7.44739e-07 -6.88074e-07
-1.70363e-06 9.04514e-08
3.51585e-07 -2.04944e-07
1.54268e-06 -6.63909e-07
-1.21093e-06 -2.88797e-07
-1.33297e-06 -6.40659e-08
8.54687e-07 1.73354e-07
-1.80195e-06 6.44422e-08
1.00241e-07 1.68272e-07
-6.15367e-07 3.33372e-07
6.86355e-07 -5.56178e-07
1.52293e-06 -4.09235e-07
-7.75711e-07 5.67373e-07
1.33275e-06 6.31381e-07
-1.49858e-06 -1.43757e-07
-1.08134e-06 5.09912e-07
-6.31447e-07 2.34481e-07
4.23575e-07 -5.02501e-07
-4.21916e-08 -5.51227e-07
-1.39986e-07 4.47352e-07
-1.81286e-06 -2.96143e-07
-8.05787e-08 2.16309e-07
-5.23815e-07 5.19011e-07
-6.61917e-07 -5.05978e-07
1.09127e-06 -2.34425e-08
-3.33945e-08 -4.43487e-07
2.60968e-07 6.32424e-07
1.5487e-06 -6.72031e-07
8.17597e-07 -6.64666e-07
1.78701e-06 -6.92328e-07
6.59229e-07 -4.51635e-07
-1.66216e-06 -6.80083e-07
-5.19744e-07 -3.10057e-07
-5.49391e-07 -3.00744e-07
1.41802e-06 4.94401e-07
-4.10455e-07 5.64712e-07
1.11912e-06 3.61738e-07
1.31428e-06 -2.9996e-07
-9.77834e-07 1.53077e-07
-1.27832e-06 6.68068e-07
1.48596e-06 -1.64836e-07
-1.49894e-06 -6.31237e-07
2.27766e-07 -5.92816e-07
6.49845e-07 -5.82789e-07
-1.07177e-06 2.13414e-07
4.62212e-07 8.12907e-08
-1.35534e-06 -2.69596e-07
-1.05502e-06 -6.77987e-07
-6.44799e-07 -1.29695e-07
-1.31336e-06 1.37494e-07
6.47476e-07 -1.56196e-07
1.42677e-06 7.7455e-08
5.33792e-07 -2.15332e-07
1.16361e-06 -8.92403e-08
1.81528e-06 8.97636e-08
1.99467e-07 -6.66058e-07
-3.2775e-07 2.17808e-07
7.05995e-07 -3.23982e-07
-1.42768e-07 -5.82167e-07
3.3956e-07 -3.93206e-08
-9.91179e-07 -1.16977e-07
-1.70139e-06 -4.30842e-07
4.64488e-07 -4.9417e-07
-1.26359e-06 3.88665e-07
1.40735e-06 6.96727e-07
5.59657e-07 4.83165e-08
1.16278e-06 -2.96379e-07
-6.84862e-07 -1.26467e-08
-1.66121e-06 -6.28844e-07
1.69244e-06 6.47558e-07
5.49847e-08 -2.9774e-07
-6.24008e-07 -3.74859e-07
-3.08972e-08 -2.36995e-07
9.65004e-07 -5.88216e-07
-2.67273e-07 6.29414e-07
3.81351e-07 -3.524e-07
7.08584e-07 6.88896e-08
-1.13261e-07 2.8844e-07
4.76907e-07 1.18887e-07
3.41545e-07 -5.23324e-07
9.28881e-07 -4.28809e-07
8.12915e-07 4.02439e-07
2.0258e-07 1.67994e-07
3.73716e-07 2.20862e-07
-3.94404e-07 2.36175e-07
3.28177e-07 5.24993e-07
-7.14988e-07 4.39539e-07
-1.53463e-06 -3.52872e-07
6.92939e-07 1.31706e-07
1.4314e-06 1.36566e-07
-1.10633e-06 4.7211e-07
2.03206e-07 -5.22399e-07
4.22636e-07 3.3084e-07
4.15911e-07 -1.69363e-07
1.68243e-06 3.44532e-07
5.28493e-07 4.42157e-07
1.49586e-06 2.18361e-07
1.46857e-06 3.05455e-07
7.46329e-07 -3.38296e-08
1.76714e-06 6.56835e-07
-2.43698e-07 2.68924e-07
6.97635e-07 -5.82264e-07
-9.14528e-07 2.5489e-07
6.11676e-07 -4.79126e-07
-1.10755e-06 -5.90143e-07
1.71189e-06 6.47047e-07
-1.39788e-06 -3.06515e-08
3.98363e-07 -1.60325e-07
1.52452e-07 5.19011e-07
4.14424e-07 7.96129e-08
1.04278e-06 3.5683e-07
-1.37361e-06 -2.60753e-07
1.75069e-06 4.65541e-07
-9.37492e-07 -2.50853e-07
6.18667e-07 1.92382e-07
-1.53552e-06 5.50178e-07
-1.2786e-06 2.86097e-07
1.30996e-06 -3.65224e-07
-3.76752e-07 6.37438e-07
5.54824e-07 5.31351e-07
2.96815e-07 -6.21543e-07
1.44658e-06 3.7082e-07
-1.69588e-06 -3.35892e-07
7.18409e-07 1.75421e-07
1.65609e-06 -4.82219e-07
9.44787e-07 -5.40895e-07
3.53517e-07 2.5889e-07
1.57855e-06 4.98441e-07
-1.50871e-06 5.91258e-07
-1.3321e-06 3.05257e-07
-1.23526e-06 2.59959e-07
1.2398e-08 -5.9966e-07
1.59411e-06 5.12427e-07
-6.61188e-07 -3.4101e-07
1.34444e-06 -4.03299e-07
1.71066e-06 -5.63082e-07
-8.15707e-07 4.02273e-07
5.30678e-08 -1.53468e-07
-1.42813e-06 -7.54702e-09
9.01048e-07 2.50883e-07
-1.40836e-06 -5.884e-07
-1.21398e-06 1.63315e-07
-9.57168e-07 -6.71963e-07
1.36972e-06 -2.77389e-07
1.79918e-06 -1.06343e-07
-1.12941e-06 -3.89757e-07
-8.55125e-07 -8.25985e-08
-1.0252e-06 5.06639e-07
-1.17487e-06 6.91775e-07
7.64677e-07 -2.46542e-07
-2.36727e-07 4.08712e-07
1.00776e-06 -5.15412e-07
6.73142e-07 -2.39025e-07
-6.47381e-07 6.78706e-07
-1.0111e-06 2.62305e-07
-1.06455e-06 2.04997e-07
1.43332e-06 -4.51019e-07
-1.37104e-06 3.53253e-08
1.23205e-06 -4.00512e-08
1.36383e-06 -4.13354e-08
8.12204e-07 -8.94116e-08
-3.49355e-07 -5.66887e-07
-3.14022e-07 1.26286e-07
1.75982e-06 4.73006e-07
-1.19609e-06 -6.20413e-07
1.81389e-06 -3.57025e-07
-5.12331e-08 -6.08436e-07
-1.64205e-06 -6.54185e-07
-1.57911e-06 -1.15428e-07
6.52138e-07 -4.93031e-07
-6.39866e-07 1.19981e-07
-1.15887e-06 6.18862e-07
1.79687e-06 -5.77095e-07
1.07102e-06 -4.87635e-07
2.41352e-07 6.8034e-07
8.89582e-07 5.91733e-07
1.71739e-06 -5.71828e-07
1.71128e-06 2.52633e-07
-5.7404e-07 6.4654e-07
-2.18797e-07 4.58444e-07
-1.35862e-07 -3.07516e-07
1.45507e-06 6.7455e-07
-7.95612e-07 -7.29501e-08
1.50114e-07 5.65789e-07
1.36107e-06 -1.35532e-07
-4.76698e-07 1.47263e-07
1.01353e-06 -6.04661e-07
-1.01936e-06 2.15526e-07
-1.74084e-06 -4.00407e-07
1.58037e-06 2.11894e-07
1.36148e-06 5.23097e-07
3.88497e-07 -1.0707e-07
-7.51792e-07 1.52875e-07
1.04076e-06 -3.36216e-07
4.08869e-07 -6.68244e-07
-1.3068e-06 6.8266e-07
-1.42004e-06 -6.99798e-08
1.21099e-06 -5.0691e-08
-1.65542e-06 6.9146e-08
-1.65137e-06 5.57675e-07
-7.33478e-07 1.04242e-07
8.40406e-07 -3.78979e-07
1.56843e-07 -2.01289e-07
1.88616e-07 -6.88018e-07
-1.4681e-07 6.4433e-07
-9.90484e-07 -1.36907e-07
-1.22234e-06 1.67367e-07
-2.60823e-08 4.89664e-07
1.7795e-06 -2.0498e-07
-1.08895e-06 6.76451e-07
-5.10664e-07 -5.66641e-07
1.44289e-06 5.44496e-07
-5.57606e-07 6.23467e-07
-1.47732e-06 -5.43249e-08
1.57395e-07 -5.45639e-07
-1.21423e-06 -3.52529e-07
-4.04254e-08 1.63179e-07
8.71809e-07 5.40705e-07
-7.56849e-08 -1.98307e-07
1.75482e-06 6.58756e-07
3.12285e-08 1.94062e-07
1.55881e-06 5.87579e-07
1.17963e-06 6.45067e-07
4.64964e-07 -1.76161e-07
-1.21626e-06 2.51758e-07
1.57793e-06 4.41141e-08
9.56412e-07 2.43562e-07
1.36335e-06 -3.52192e-07
7.91331e-08 5.73607e-07
8.56302e-07 -5.77832e-08
-1.27142e-06 -4.0635e-07
1.10176e-06 3.20773e-07
-1.72204e-06 -4.13202e-07
7.05178e-07 6.82454e-07
-1.69137e-06 1.62986e-07
-8.73268e-08 1.10197e-07
3.35106e-07 -1.26874e-07
1.22719e-06 2.61045e-07
-3.99976e-07 -3.45033e-07
1.54912e-06 -6.13033e-07
1.29551e-06 -6.59487e-07
-6.30858e-07 4.05771e-07
1.0276e-06 2.44104e-08
9.93557e-07 4.88395e-07
-1.75674e-07 -4.91514e-07
-1.56721e-06 -3.48454e-07
6.58384e-07 -6.25731e-07
-6.47144e-07 -6.09576e-07
-1.37634e-06 3.64301e-07
-5.5916e-07 4.79641e-07
-7.02988e-07 1.7612e-07
1.76312e-06 1.40817e-07
1.05905e-06 -4.8611e-07
-1.65539e-06 -2.35703e-07
5.62687e-07 4.7039e-07
-1.49734e-06 -2.79873e-07
1.38897e-06 7.57343e-08
-4.88427e-07 2.46178e-07
2.67659e-07 6.44212e-07
-1.13207e-06 4.41655e-07
-6.71501e-07 4.66116e-07
-1.30168e-06 -5.38415e-07
-1.2205e-07 -7.29425e-08
-9.75477e-08 5.25493e-08
-1.62545e-06 -4.57072e-07
1.88023e-07 3.14546e-07
3.2769e-07 -1.63914e-07
1.56987e-06 1.41897e-07
1.45433e-06 4.64279e-07
9.29645e-07 -4.23929e-07
6.39752e-07 -2.46086e-07
-1.53229e-06 -1.47572e-07
1.5753e-06 5.70009e-07
-1.35074e-06 4.30936e-07
-5.21731e-07 -2.42959e-07
6.43767e-07 5.54065e-07
1.65302e-06 -2.94809e-07
1.54738e-06 5.43769e-07
1.49576e-06 -2.07994e-07
1.14973e-06 -4.83727e-07
-2.08287e-07 5.9767e-07
-1.46664e-06 2.10907e-07
-4.14146e-07 3.99737e-07
4.16826e-07 -6.79595e-07
1.00358e-06 1.31755e-09
-1.54717e-06 5.36526e-07
-1.14683e-06 4.73123e-07
1.77983e-07 5.48796e-08
-1.81991e-06 -2.29973e-07
1.47834e-06 -1.17586e-08
-1.57148e-06 -5.46618e-07
-3.43451e-07 -2.28716e-07
1.12003e-06 -2.16751e-07
1.74594e-06 -5.82433e-07
1.07402e-07 6.8078e-07
-1.26692e-07 -2.23104e-07
-1.34004e-06 -2.60543e-07
4.3902e-07 6.23864e-07
-2.29547e-07 -5.57306e-07
1.61034e-06 5.73821e-07
1.45425e-06 5.66387e-07
-6.05933e-07 -5.86666e-07
1.0778e-06 1.23909e-07
1.07937e-06 6.75653e-08
3.2103e-07 -8.11578e-08
7.2156e-07 -3.53253e-07
1.76264e-06 -3.87203e-07
-1.37784e-06 -2.96694e-07
1.31193e-06 -5.73395e-07
1.11032e-06 6.7469e-07
1.23581e-07 6.02588e-07
-7.08508e-07 -4.21754e-07
-1.56207e-06 3.39526e-07
-1.43983e-06 -6.73686e-07
1.19246e-06 -2.13296e-07
7.33354e-07 -2.99912e-07
6.63301e-07 6.83103e-07
7.25706e-07 2.97002e-07
5.6195e-07 5.28064e-07
-1.27093e-06 4.08547e-07
1.5339e-07 -5.93644e-07
1.4715e-06 3.85926e-07
7.44837e-07 3.41029e-07
1.659e-06 6.26584e-07
-1.7535e-06 2.67598e-08
1.75535e-06 1.84746e-07
8.56267e-07 -1.86369e-07
-1.34852e-06 -2.03545e-07
4.66522e-07 5.95677e-07
-7.99268e-07 -1.01293e-07
1.98015e-07 6.34849e-08
1.00316e-06 4.46755e-07
1.38251e-06 -1.28065e-07
1.54275e-06 -6.82442e-07
1.13975e-06 -6.63804e-07
-1.07713e-07 -6.78878e-07
1.49436e-06 -3.81583e-07
-7.25232e-07 -5.21881e-07
7.07059e-07 3.03483e-07
3.95566e-07 6.40095e-07
4.86959e-07 1.50851e-07
-3.81323e-07 -2.55662e-07
9.09533e-07 -7.18663e-08
-6.32783e-07 2.13902e-07
-2.47402e-07 -4.69874e-07
-1.26888e-07 3.60343e-07
-3.75156e-08 4.98246e-07
1.46703e-06 6.34902e-07
-1.23461e-06 -1.14712e-07
8.29201e-07 2.7801e-07
-1.1124e-06 -1.04082e-07
-1.2601e-07 -6.06692e-07
1.33653e-06 1.98213e-07
2.6518e-08 -5.74216e-07
2.50837e-07 1.92232e-08
-1.70072e-06 -2.16542e-07
-1.29036e-06 -6.13365e-08
1.44422e-06 2.28377e-09
-8.20209e-07 -5.1845e-07
-8.95506e-07 -1.15452e-07
-1.31748e-06 -9.47421e-08
-1.7354e-07 -1.54784e-07
-7.11136e-08 -2.97731e-07
6.44262e-07 -6.21659e-07
1.65469e-06 4.85456e-07
5.12757e-07 4.55094e-09
-1.23548e-06 3.06687e-07
1.29826e-06 -6.436e-07
-4.63741e-07 6.06438e-07
1.48266e-06 -6.64502e-07
-3.20651e-07 -1.59079e-08
6.86625e-07 -6.97225e-07
-1.17812e-06 -2.73673e-07
-8.9878e-07 6.69084e-07
2.95891e-07 1.09457e-08
-9.33722e-07 -3.7834e-07
-2.25789e-07 -4.55191e-07
-8.57514e-08 -6.08698e-07
-3.43507e-07 -1.18585e-07
-1.48772e-06 3.66077e-08
1.61476e-06 -3.441e-07
-4.44506e-07 -6.13755e-07
6.36961e-07 -6.84658e-07
4.72872e-07 2.5128e-07
-9.3602e-07 -3.29624e-07
1.53254e-06 -2.12493e-07
-1.37007e-06 2.22497e-07
-6.98813e-07 -4.42338e-07
1.3014e-06 -1.30966e-07
9.2955e-07 3.24804e-07
7.32595e-08 -5.27821e-07
1.03941e-06 -2.49958e-07
-1.60178e-06 4.69072e-08
-8.61043e-07 6.20925e-07
-1.18105e-06 -5.48403e-07
-1.29108e-06 1.81656e-07
-5.36975e-07 -3.56532e-07
-1.2811e-06 3.78335e-07
-5.09441e-07 -3.02188e-07
4.73935e-07 -4.91736e-07
-1.76955e-06 -5.71232e-07
-2.41181e-07 2.29611e-07
-1.55527e-06 3.77205e-07
1.51045e-06 -1.35065e-07
-1.02739e-06 5.7086e-07
-7.47861e-07 -2.3455e-07
1.24161e-06 2.52759e-07
-7.1583e-07 1.86467e-07
1.09897e-06 -6.25755e-07
-1.22627e-06 -2.33246e-07
1.0204e-06 -6.05339e-07
7.58026e-07 2.78477e-07
1.68015e-06 -6.47931e-07
3.75007e-07 -5.04846e-07
2.40809e-07 2.85794e-07
6.79916e-08 6.15634e-09
-2.08446e-07 -1.79387e-07
-2.48029e-08 -2.16478e-07
-9.99071e-07 3.60399e-07
6.92033e-07 6.28939e-07
1.03545e-06 -4.67861e-07
1.20383e-06 -5.48765e-07
-1.31921e-06 4.40296e-07
-1.23436e-06 4.05829e-07
1.46716e-06 5.45885e-07
-1.45714e-06 2.21351e-07
1.09262e-06 -6.07294e-07
1.30007e-06 2.31513e-07
1.37295e-06 -6.92415e-07
-1.03302e-06 -1.04827e-08
1.30191e-06 4.97556e-07
-1.69562e-06 1.83745e-07
-1.14771e-06 -4.4268e-07
1.61189e-06 1.90906e-07
3.46628e-07 -3.61932e-07
-7.36651e-09 -2.35265e-07
1.62953e-06 -5.28757e-07
1.0006e-07 -5.13728e-07
1.29367e-06 2.15032e-07
-2.78833e-07 6.8789e-07
-1.5981e-06 4.6816e-07
1.50254e-06 -3.39166e-07
-6.97721e-07 -1.42475e-07
-1.82454e-06 -3.96484e-07
1.28337e-06 6.34755e-07
8.07144e-07 -4.88618e-08
-9.04581e-07 5.82351e-07
-3.27424e-07 2.33196e-08
-2.87018e-07 -4.27169e-07
1.44101e-06 2.16394e-07
8.18549e-07 3.25131e-07
-1.52863e-06 5.18317e-07
-1.75902e-06 3.88587e-07
1.08925e-06 -3.98227e-07
1.25492e-06 -2.76349e-07
-9.445e-07 -6.43486e-07
-1.58861e-06 -3.06347e-07
2.08358e-07 -1.02964e-07
1.42053e-06 5.75147e-07
2.32854e-07 2.77708e-07
-4.39962e-07 1.07938e-08
-7.85779e-07 -5.34555e-07
4.92736e-07 2.4215e-07
2.95912e-07 -6.96101e-07
7.63495e-07 -3.6293e-07
1.55867e-06 -2.35797e-07
1.55062e-06 -9.00587e-08
1.7111e-07 4.71519e-07
5.51114e-07 3.79985e-07
-1.49058e-06 -6.11977e-07
5.59481e-08 2.18724e-07
1.53104e-06 -9.56937e-08
1.0812e-06 -4.46881e-07
1.66438e-06 -1.80863e-07
-8.14254e-07 2.70373e-07
-1.37617e-06 5.36132e-07
-4.06323e-07 3.11029e-07
1.54584e-06 4.03157e-07
-1.73401e-06 -6.12408e-07
9.45384e-07 -5.9688e-07
-4.16045e-07 -1.01881e-07
-1.72086e-06 -1.23218e-08
-1.68614e-06 -6.3287e-07
-3.01631e-07 2.32999e-07
-8.11317e-07 1.15534e-07
1.48099e-06 -6.24445e-08
5.42491e-07 6.16135e-07
-4.70792e-07 -4.155e-07
-4.12277e-07 -4.04422e-07
-3.3293e-07 -1.69827e-07
-3.70931e-07 1.50442e-07
-1.00416e-06 -4.85213e-07
6.35566e-07 -3.06995e-07
-8.09172e-07 5.49815e-07
6.10214e-07 2.26661e-07
1.19244e-06 -1.41278e-07
-4.73245e-07 5.13633e-07
1.56594e-06 -3.44376e-08
-8.11345e-07 -3.3186e-07
-1.11832e-06 6.61853e-07
9.53231e-07 -3.70196e-07
1.14819e-06 -3.24804e-07
2.89867e-07 -3.47095e-07
-5.02578e-07 -5.60375e-07
1.72215e-06 -3.95341e-07
-7.05551e-07 -6.0988e-07
-1.71199e-06 4.17694e-07
-1.78433e-06 -6.89965e-07
1.33176e-07 -6.33184e-08
-6.05502e-08 2.32239e-07
-1.79212e-07 6.4245e-07
9.83225e-07 2.58372e-07
-1.55906e-06 5.31057e-07
-1.16099e-06 6.14573e-07
-3.3148e-07 -6.52347e-08
-1.77094e-06 -1.6058e-07
5.62092e-07 5.87799e-07
-5.19256e-07 -5.57543e-07
1.24394e-06 -2.55665e-08
1.00259e-06 4.23445e-07
7.34175e-07 -1.77514e-07
-5.4017e-07 -3.90515e-07
7.51318e-07 5.46781e-07
-1.48832e-06 -4.90257e-07
5.60494e-07 2.97698e-07
1.70378e-06 -1.50532e-07
1.23354e-06 9.33148e-09
1.47809e-06 6.8338e-08
-1.77706e-06 -1.6174e-07
-9.15866e-07 -2.39767e-07
1.2791e-06 -2.80282e-07
1.65767e-06 -6.51311e-07
-1.43226e-06 6.78561e-08
8.90819e-07 -2.87649e-07
-6.14064e-07 -2.80255e-07
-1.00597e-06 3.47443e-07
-1.37255e-06 2.93179e-07
-1.63265e-06 5.15959e-07
1.06279e-06 -5.37861e-07
-1.50524e-06 1.18528e-07
1.68438e-07 3.3033e-07
-1.5401e-06 1.87847e-08
1.49464e-06 -4.27258e-07
-3.20943e-07 -1.20384e-07
4.60091e-07 -4.44097e-07
1.29049e-06 2.7719e-07
7.13005e-07 -2.2169e-07
-7.39327e-07 -1.45674e-07
1.68183e-06 -4.96268e-07
1.07835e-06 -2.26768e-07
1.5481e-06 3.18283e-08
-1.74641e-06 7.43336e-09
1.16577e-06 -5.63873e-08
1.14133e-06 -1.25028e-07
-7.63565e-07 6.95849e-07
-4.62237e-07 4.07867e-07
1.50952e-06 3.4938e-07
1.33714e-06 -1.15228e-07
1.07039e-06 -5.97099e-07
1.00883e-06 -6.47228e-07
-3.9296e-07 -2.57116e-07
1.57946e-06 -5.48511e-07
1.23975e-06 2.08399e-07
-1.49161e-06 6.54775e-07
-1.15609e-06 5.98248e-07
-1.65869e-06 -5.66628e-07
-1.63164e-06 -2.41949e-07
1.07418e-06 5.41813e-07
1.25972e-06 6.09395e-07
7.24945e-07 6.60088e-07
-4.03695e-07 6.42739e-07
5.40217e-07 -5.93569e-07
2.72477e-07 -2.37914e-08
-1.36868e-06 3.79288e-08
1.41596e-06 -1.043e-07
-1.9602e-07 -1.68515e-07
-1.14839e-06 -6.27835e-08
-1.03374e-06 -6.46003e-07
1.06816e-06 -5.44291e-07
1.25608e-06 -4.21099e-08
-1.6803e-06 6.2437e-07
1.46194e-06 6.58963e-07
-1.71136e-06 -4.0653e-07
-1.32529e-06 -1.62873e-07
6.46919e-07 4.89143e-07
-1.6224e-06 1.0573e-07
2.88272e-07 3.79789e-07
-1.73335e-07 -4.01168e-07
1.21667e-06 3.6462e-07
-1.62176e-06 -2.366e-08
1.19384e-07 6.04534e-07
-2.4149e-09 -5.46786e-07
1.54558e-06 6.72326e-07
1.36558e-06 -1.44084e-07
-1.32026e-06 9.41418e-08
6.14456e-07 -4.49796e-07
5.94524e-07 -3.38139e-07
1.13668e-06 5.782e-07
4.54591e-07 -9.48765e-09
-1.81751e-06 -4.29603e-07
-1.09089e-06 5.49769e-08
1.8209e-06 -6.4171e-07
1.62689e-07 -8.23261e-08
1.35555e-07 -2.31671e-07
-1.50897e-06 2.40103e-07
1.75479e-07 -4.00664e-07
-2.11117e-07 6.24823e-07
1.28858e-06 1.14117e-07
-1.361e-06 -4.30621e-07
3.25318e-07 -4.85522e-07
-1.03152e-06 3.63567e-07
-3.02408e-07 9.76411e-09
6.41753e-07 5.8699e-07
1.04618e-06 -2.73972e-07
9.57385e-07 3.26511e-07
-7.40809e-07 4.19192e-07
-1.38299e-06 -6.46476e-07
-1.0951e-06 -4.85708e-07
9.4524e-07 -4.47067e-07
8.85343e-07 -6.89208e-07
-1.70836e-06 -4.2212e-07
2.22666e-07 -1.61701e-07
-3.44467e-07 5.90085e-07
-5.83175e-07 2.7747e-07
-6.92452e-07 6.24879e-07
-1.04151e-06 -3.59489e-07
4.23602e-07 6.65211e-07
-7.38081e-07 5.02608e-09
-1.29491e-06 -4.96921e-07
-5.83836e-07 5.23933e-07
1.75273e-06 -6.84869e-08
8.21505e-07 6.40026e-07
8.10355e-07 4.49204e-07
-8.82918e-07 5.22672e-07
-6.07105e-07 6.08421e-07
7.8625e-08 -5.53097e-07
-5.94415e-07 2.88749e-07
-4.32408e-07 5.80529e-07
-8.88971e-08 -4.7048e-07
1.48959e-06 6.18886e-07
-1.63543e-06 1.90314e-07
5.68092e-07 -2.61889e-07
-8.71052e-08 3.53168e-07
1.75954e-06 2.93532e-07
-6.81817e-07 6.82344e-07
-6.33764e-07 6.8841e-08
-1.35277e-06 2.36286e-07
1.60713e-06 -5.7152e-07
1.15776e-06 2.0298e-07
3.4674e-07 7.22998e-08
6.57708e-07 -1.76981e-08
6.11766e-07 4.71544e-07
-5.56627e-07 4.79442e-07
1.27809e-06 -1.35665e-07
-7.09324e-08 1.6102e-07
-1.0602e-06 -3.87775e-07
-6.30216e-07 -5.28394e-08
-1.77481e-06 3.96203e-07
-1.09114e-06 -2.70544e-07
1.73899e-06 -5.37606e-07
-1.28478e-06 -3.0413e-08
-2.27223e-07 1.77028e-07
-1.55456e-06 -3.47217e-07
1.62066e-06 -5.21904e-07
4.59718e-07 1.67027e-07
-1.33725e-07 5.08427e-07
-5.60745e-07 -7.34135e-08
1.05012e-06 4.41208e-07
1.28159e-06 2.87642e-07
-1.09194e-06 3.6447e-07
6.3975e-07 -6.92077e-07
-5.21488e-07 5.93943e-07
-1.98135e-07 -6.96882e-07
7.52719e-07 3.09369e-07
8.23501e-07 -2.90261e-07
7.75995e-07 2.82738e-07
1.42232e-06 6.95181e-07
-1.67338e-06 -2.91262e-07
-1.13858e-06 -4.98392e-08
1.00139e-06 -4.83579e-07
1.28153e-06 -4.83869e-07
5.21305e-07 -3.36284e-07
-8.17035e-08 6.42601e-07
-5.99347e-07 -6.35116e-07
4.96722e-07 -3.9334e-07
1.06996e-06 -1.44519e-07
7.37109e-07 -9.60666e-08
-2.93496e-07 4.21292e-07
-1.02297e-06 -1.97532e-07
1.07073e-06 -4.72463e-07
-1.02622e-06 -5.49895e-07
-1.35756e-06 -1.61447e-07
-4.63815e-07 3.46291e-07
1.47485e-06 -1.56072e-07
9.82275e-07 -5.5919e-07
-1.77136e-06 5.31734e-07
1.57753e-06 -2.07084e-07
-4.02939e-07 4.66723e-07
-9.90642e-07 5.89335e-08
4.83582e-07 3.14544e-07
-7.32695e-07 -5.62709e-07
1.77509e-06 -3.44442e-07
-1.49036e-07 -4.56454e-07
1.09472e-06 5.17905e-07
2.5617e-08 4.8971e-07
7.07329e-07 8.7571e-08
4.69161e-07 4.32959e-07
2.4366e-07 -2.96293e-07
6.04981e-07 2.12028e-07
6.87969e-07 -6.78553e-07
2.53727e-07 4.66999e-07
1.82067e-06 5.49112e-07
-5.79562e-07 -4.08339e-07
-6.71208e-10 5.79464e-07
-5.38173e-07 3.09339e-07
-1.47084e-06 -6.42793e-07
1.48663e-06 -3.2843e-07
-7.61376e-07 3.44177e-07
2.96073e-07 5.43641e-08
-1.50473e-06 -1.30977e-07
-3.89217e-07 6.71239e-07
-1.80899e-06 -5.9566e-08
1.57855e-06 5.27741e-07
-1.6603e-07 4.77806e-07
1.57381e-06 -4.58814e-07
1.15897e-06 -6.90856e-07
-1.34423e-06 1.00735e-10
-1.6325e-06 -4.75337e-07
7.12085e-07 -8.40017e-08
-8.24684e-07 3.44597e-07
1.09706e-06 3.3428e-07
1.47339e-07 6.24535e-07
2.03916e-07 -1.33553e-07
-1.27762e-06 3.34977e-07
1.73348e-06 5.92261e-07
-1.28805e-06 5.83444e-07
-5.2957e-07 4.58016e-07
1.41417e-06 -2.1932e-07
-1.27602e-07 -2.74709e-07
-4.22523e-07 -6.33298e-07
1.56148e-06 -1.25205e-09
-2.26434e-07 -6.8787e-07
-2.4042e-07 6.87532e-07
-1.64099e-06 -2.64006e-07
-3.40023e-08 1.29405e-07
-2.20259e-07 -5.30673e-07
1.57512e-06 -1.06193e-07
-9.82013e-07 3.89182e-07
-1.67734e-06 -3.97822e-07
-1.37533e-06 2.97428e-07
8.11756e-07 -6.28977e-07
-6.52052e-07 -4.85807e-07
1.64514e-06 7.52715e-08
6.28357e-07 -2.05007e-07
-3.67154e-07 9.12624e-08
4.8379e-08 4.88159e-07
7.96802e-07 6.46503e-07
6.4667e-07 1.49583e-07
-1.02775e-07 -4.69626e-07
5.24435e-07 -1.02652e-07
4.16398e-07 2.3194e-07
-1.31989e-06 6.12125e-07
6.16977e-07 3.1631e-07
4.52432e-07 -4.87549e-07
-3.1417e-07 -6.69458e-07
-1.6155e-06 4.46303e-07
-1.74569e-06 2.54333e-07
7.03954e-07 -7.99016e-09
1.72276e-06 -3.29365e-08
2.52153e-08 -4.9507e-08
9.05045e-07 1.25874e-07
-4.32557e-07 -3.30438e-07
1.66571e-06 2.99337e-07
5.486e-07 4.24692e-07
5.34251e-07 1.2593e-07
-1.65547e-06 -2.98934e-07
1.52953e-06 1.23891e-08
-1.02046e-06 -5.58272e-07
-1.57363e-06 3.3761e-07
9.69501e-07 1.41196e-07
6.45777e-08 -4.53951e-07
-1.0755e-06 1.8463e-07
-7.58236e-07 -6.78591e-07
1.58316e-06 1.669e-07
2.57363e-07 5.63246e-08
6.51969e-07 1.4501e-08
8.3154e-08 3.962e-07
1.73261e-06 -3.57259e-07
5.15856e-07 -6.99534e-07
8.03665e-07 4.61777e-07
-1.04288e-06 8.63589e-08
-9.95697e-07 5.88767e-07
7.42262e-07 -6.19135e-07
-2.55859e-07 1.3921e-07
8.37197e-07 6.09798e-07
1.46553e-06 6.42077e-07
2.09841e-07 -2.50699e-07
-2.63907e-07 3.87647e-07
-1.43787e-06 6.43833e-07
1.38298e-06 -2.8765e-07
1.42925e-06 1.22086e-07
8.60233e-07 -2.9571e-07
6.05175e-07 5.61291e-07
8.75084e-07 -1.62753e-07
-5.08609e-07 2.29079e-07
1.59491e-06 -1.85644e-07
-7.74706e-07 -6.86584e-07
-1.78043e-06 6.72389e-07
-1.7514e-06 -4.81887e-07
1.2345e-06 6.42835e-07
-1.77885e-07 4.93075e-07
-1.73465e-06 3.40852e-08
-1.55114e-06 4.09671e-08
4.0705e-07 -2.28944e-07
1.16634e-06 6.49792e-08
1.70369e-06 -9.23715e-08
1.26894e-06 1.38543e-07
2.21514e-07 4.46144e-07
7.96059e-07 4.41669e-07
-1.32638e-06 -1.84057e-07
-1.41255e-06 -5.79726e-07
1.03458e-06 -4.12787e-07
1.58043e-06 -5.31166e-07
-4.90424e-09 5.31539e-07
1.33163e-06 -6.852e-07
-1.61592e-06 -2.97227e-07
1.37276e-06 3.869e-07
1.00942e-06 -3.07082e-07
-7.19459e-07 2.9321e-07
4.17573e-08 1.54274e-07
1.32254e-07 -3.25718e-08
-9.42243e-07 -6.04584e-07
1.28039e-06 4.57593e-07
1.12977e-06 2.82324e-08
-8.51594e-07 -1.81053e-07
1.34721e-06 -3.59676e-07
7.48682e-08 -3.93586e-08
1.68543e-06 6.38647e-07
-9.66463e-07 2.59613e-07
1.02094e-07 -4.23914e-07
-1.17341e-06 -4.34958e-07
-1.52615e-06 -6.65593e-08
-1.0881e-07 -1.68183e-07
1.04603e-06 -5.78436e-07
-8.89081e-07 4.82734e-07
1.31647e-06 4.1463e-07
7.78386e-07 1.65506e-07
-4.14697e-07 -1.57356e-07
-1.32353e-06 2.54471e-07
-1.42923e-06 1.20259e-07
1.30185e-06 6.50107e-07
-1.07819e-06 -4.58539e-07
1.21979e-06 2.3635e-07
9.86543e-07 -4.5772e-07
8.20705e-07 -3.85886e-07
1.402e-06 5.88559e-07
-5.40139e-07 2.06107e-07
1.31525e-07 -4.61623e-07
-8.35845e-07 1.15457e-07
4.02753e-07 6.46048e-07
-1.34847e-06 -2.46948e-07
1.90561e-08 -5.21216e-07
-4.92149e-07 3.64089e-07
-2.87389e-07 3.44783e-07
-1.13041e-06 4.6668e-07
1.4292e-06 1.3461e-07
-4.54082e-07 1.63157e-07
-2.14967e-07 6.82806e-07
6.52375e-07 -5.79662e-07
2.2543e-08 1.3022e-07
-9.73913e-07 -1.68888e-08
7.34217e-07 2.58045e-07
-1.70696e-06 6.51722e-07
1.51563e-06 -6.42794e-07
-1.54478e-06 5.97267e-07
2.43808e-07 -6.10541e-07
-2.62129e-08 2.01419e-07
1.55583e-06 -5.97446e-07
4.4495e-07 -6.60383e-07
3.90096e-07 -1.48855e-07
-2.95993e-07 9.02211e-08
6.0677e-07 -6.20238e-07
-1.6927e-06 2.36064e-07
6.35346e-07 4.7487e-07
-5.9356e-07 2.27236e-07
1.10478e-06 4.14907e-07
-7.86538e-07 3.73366e-07
1.19731e-06 6.12201e-07
2.52219e-09 -3.48752e-07
8.41654e-07 -4.92962e-07
-1.3017e-06 3.50415e-08
1.46449e-06 -6.59988e-07
9.07545e-07 -6.60897e-07
-1.62618e-06 -4.51809e-07
3.21772e-07 5.66832e-07
8.03348e-07 -4.55115e-07
-2.88365e-07 6.81815e-07
1.10835e-06 3.20048e-07
1.66021e-06 1.44705e-07
-1.05614e-06 6.38923e-07
-1.05453e-06 3.80079e-07
5.48788e-07 2.46181e-07
1.48537e-06 -6.81558e-07
-1.33765e-06 -5.24589e-07
-8.84004e-08 -3.16954e-07
2.88965e-07 7.55105e-08
1.04196e-06 -6.58728e-07
9.94728e-07 5.84466e-07
1.00279e-06 -2.16904e-07
-1.34392e-06 1.82571e-07
-4.80511e-08 -4.81658e-07
1.02378e-07 -5.25458e-07
1.17809e-06 6.20531e-07
-6.22029e-07 1.06425e-07
-7.49278e-07 -5.12318e-07
-1.79922e-07 5.30551e-07
9.65765e-08 1.84308e-07
-1.5367e-06 2.24793e-07
-1.65858e-06 6.86031e-07
-3.56392e-07 -4.63338e-07
8.27451e-07 6.25865e-07
-8.5952e-07 5.71345e-07
-1.11082e-06 6.50479e-07
-1.74827e-06 -2.76587e-07
-1.25958e-06 -1.27446e-08
-4.67938e-07 -5.46632e-08
-1.06379e-06 -4.9009e-07
-1.09961e-06 1.08011e-07
1.67743e-06 -1.59378e-07
-7.516e-07 5.69923e-07
-1.71224e-06 5.01484e-07
3.37636e-07 -4.58188e-07
-3.13857e-07 6.60006e-07
1.06998e-06 -3.02184e-07
-5.19106e-07 -2.4644e-07
-8.63455e-07 1.87359e-07
-7.00988e-07 -1.70484e-07
-6.88623e-07 5.51215e-07
6.82008e-07 3.51896e-07
-1.76442e-06 -6.02579e-07
-1.00094e-06 -1.16767e-07
-1.25196e-07 3.66314e-07
-1.60871e-06 1.57545e-07
-1.64611e-06 -2.01157e-07
-6.58591e-07 -5.11516e-07
-6.65531e-07 -4.52767e-07
2.55195e-07 6.22066e-07
-1.17377e-06 -2.60006e-07
-1.26003e-06 -4.13393e-07
-1.60449e-06 -4.73072e-08
1.26342e-06 5.96421e-07
-9.96202e-07 9.72273e-08
-2.59881e-07 -2.97589e-07
-1.21512e-06 7.61747e-08
-1.11263e-06 4.81087e-08
-1.3106e-06 -2.14849e-08
7.44719e-07 -8.49269e-08
3.21719e-07 8.12789e-08
3.32263e-07 4.39021e-07
6.41422e-07 2.87434e-07
-1.45011e-07 -7.86832e-08
1.19384e-06 2.15975e-07
1.52603e-06 -3.91162e-07
-5.51927e-07 -6.45691e-07
-9.89335e-07 -1.4532e-07
6.97397e-07 -1.47219e-08
-1.42938e-06 2.84183e-07
1.22782e-06 6.94966e-08
-8.38018e-07 5.57429e-07
1.06436e-06 1.0033e-07
8.33622e-07 -2.04514e-07
-1.26533e-06 5.17003e-07
1.427e-06 1.06612e-07
1.81534e-06 -3.19479e-07
1.03944e-06 4.21241e-08
1.81991e-06 -5.28645e-07
1.39747e-06 -4.00878e-07
-3.11816e-07 -1.73662e-07
-1.57118e-06 -1.14594e-07
-3.64761e-07 -6.35249e-07
8.58679e-07 -3.03185e-07
-1.19314e-06 -1.6601e-07
3.43532e-07 -3.39275e-07
1.65275e-06 -2.93425e-08
1.77038e-06 -1.09093e-08
-1.52094e-06 -6.07516e-07
-1.30147e-06 -2.17211e-07
1.19567e-06 -3.20339e-07
1.07206e-06 -4.45249e-07
-2.21949e-07 4.4656e-07
8.54699e-07 -3.15127e-07
1.68903e-07 5.12414e-08
-1.84822e-07 4.15034e-07
-7.66013e-08 3.08159e-07
3.94426e-07 -1.01923e-07
-1.12386e-06 3.26386e-07
-1.11355e-06 3.49915e-07
-3.54008e-07 6.09148e-08
2.76453e-07 -6.13057e-07
8.57622e-07 -2.22391e-07
-2.48168e-07 6.05132e-07
-4.75439e-07 -4.13138e-07
-7.82165e-07 -1.53194e-07
1.63687e-06 1.80987e-07
-1.17718e-06 -1.9218e-08
7.56113e-07 2.37281e-07
-1.70839e-06 -2.40673e-07
3.13637e-07 6.25663e-07
8.5416e-07 1.83114e-07
9.96679e-07 5.72949e-07
-8.31796e-07 6.16136e-07
-1.38637e-06 -1.4204e-07
-8.26879e-07 -4.88986e-07
8.82683e-07 -1.03126e-08
1.09288e-07 6.47248e-07
-1.61247e-06 4.76615e-07
7.04372e-07 1.42024e-08
-6.22073e-07 9.42429e-08
1.63663e-06 1.7929e-07
-1.00293e-06 -1.57584e-07
-5.90085e-08 -4.51368e-07
1.71318e-07 -6.11738e-07
-1.22479e-06 5.01572e-07
-9.333e-07 -3.55954e-07
1.3561e-06 1.16563e-07
1.33204e-06 4.84793e-07
-4.3388e-08 -6.85667e-08
5.52385e-08 -1.02903e-07
5.30095e-07 -3.76429e-07
9.20586e-07 1.95111e-07
-1.17087e-06 3.29736e-07
-9.80969e-08 -2.67098e-09
7.83056e-07 5.70486e-07
4.11064e-08 7.91153e-08
1.92217e-07 -4.54639e-07
-7.8519e-07 2.50712e-07
1.58026e-06 1.53617e-07
1.04158e-06 -8.20159e-08
6.91761e-07 9.539e-08
2.84825e-07 6.06971e-07
1.9753e-07 -4.2341e-08
-7.99997e-07 -4.32519e-07
9.97516e-07 -6.2755e-07
-1.59427e-07 6.28929e-07
-3.64204e-07 1.10046e-08
-1.04408e-06 -5.16098e-07
3.66232e-07 -4.13961e-07
-5.92174e-07 -4.12712e-07
-1.08699e-06 2.63284e-07
-7.912e-07 -4.74692e-07
9.02992e-07 -1.2814e-07
-1.2726e-06 2.47995e-07
1.2032e-06 -5.62461e-07
-3.03931e-07 5.46994e-07
9.50781e-07 -4.69037e-07
-1.00189e-06 4.16025e-07
-1.11923e-06 6.65686e-07
9.38175e-07 -9.60554e-08
1.78551e-06 6.21913e-07
5.83523e-07 -5.39224e-08
1.78792e-06 8.48646e-08
5.62847e-08 -6.83193e-07
1.28991e-06 -3.87572e-07
-3.01627e-07 -6.30771e-08
-1.88994e-07 6.82837e-07
-1.57942e-07 5.44817e-07
-3.81149e-07 4.91767e-07
1.79456e-06 2.68174e-07
1.31311e-06 -6.62753e-07
6.11204e-07 6.10072e-07
1.09077e-06 -5.39756e-07
5.023e-07 -1.77724e-07
-1.62915e-06 -4.90717e-07
-7.5583e-07 9.92963e-08
1.68523e-06 -6.53285e-08
1.07132e-06 9.62562e-08
-1.70861e-06 -6.43678e-07
2.79439e-07 5.02458e-07
-1.83315e-07 -7.70838e-09
-1.01318e-06 3.12665e-07
-3.90451e-08 2.02664e-07
2.05302e-07 -4.75563e-07
-1.50795e-06 2.47408e-07
1.16216e-06 -3.47915e-07
1.22333e-06 5.85123e-07
1.76288e-06 6.32927e-07
-4.49368e-07 6.29901e-07
-1.15857e-06 -6.81177e-07
4.54084e-07 -8.43167e-08
1.09075e-06 -6.50715e-07
-9.16859e-07 -1.43398e-07
4.39507e-07 1.25802e-07
-1.17495e-06 -1.7189e-07
-1.72103e-06 -5.6885e-08
1.09126e-06 -9.16499e-09
-1.24416e-06 -1.02385e-07
-1.16801e-06 1.19092e-07
4.23772e-07 5.25416e-07
1.76597e-06 8.28746e-08
-1.20101e-06 -1.64721e-07
-1.26331e-06 5.14652e-07
-1.40666e-06 -2.22738e-07
1.52055e-06 2.37869e-07
1.24816e-07 4.2399e-07
-5.72088e-07 -6.74366e-07
-7.99855e-07 5.63698e-07
7.33349e-07 6.08725e-07
-4.47129e-08 -6.90749e-07
-1.32488e-06 -1.85674e-07
-1.20805e-06 -4.30914e-07
7.23984e-07 -4.70633e-07
-1.58461e-06 6.67587e-07
8.76243e-07 2.25061e-07
1.60845e-06 2.79013e-07
4.72195e-07 2.09926e-07
6.4263e-07 -8.25804e-08
1.82039e-06 2.94848e-07
-5.47988e-07 -1.18435e-07
-1.02763e-06 3.64845e-07
-1.21671e-06 -6.35475e-07
1.40223e-06 1.04585e-07
-6.80937e-07 3.5018e-07
-2.29414e-08 3.37018e-07
1.73341e-06 3.91811e-07
-9.02431e-07 -5.45035e-07
1.39384e-06 -3.75275e-07
5.78882e-07 -1.17504e-07
1.33683e-06 -4.00738e-07
-1.13756e-06 -6.87562e-07
-4.53506e-07 -5.7275e-07
-3.66339e-07 1.94333e-07
-8.76274e-07 -2.4591e-07
8.66001e-07 -2.16331e-07
7.99104e-07 7.5196e-08
7.35651e-07 -3.53815e-07
1.74563e-06 2.0234e-08
3.07744e-07 -1.16267e-07
-6.61687e-07 -8.90772e-08
4.06707e-07 -2.6541e-07
1.50482e-06 1.8602e-07
-3.43224e-07 -4.4555e-07
-1.70737e-06 2.57611e-07
-9.8212e-07 2.47103e-07
-7.3767e-07 8.65947e-08
1.08397e-06 -9.46135e-08
1.70645e-06 3.2101e-07
9.49719e-08 4.60282e-07
-8.66325e-07 -3.70022e-07
9.14169e-07 6.08881e-07
-1.2249e-06 2.90258e-07
-1.21265e-06 -5.38317e-08
-1.78237e-06 -4.39509e-08
6.83402e-08 4.76561e-07
-5.14576e-07 1.57694e-08
8.90661e-07 5.57839e-07
-3.87932e-07 1.38235e-07
-1.53398e-06 -4.93755e-07
-1.724e-06 5.07057e-07
-2.75607e-07 -3.3348e-07
8.9917e-07 3.71735e-07
-1.99432e-07 -4.36251e-07
1.17534e-06 1.06057e-08
-1.7909e-06 -6.74085e-07
-8.14103e-07 -1.15237e-08
-1.76852e-06 2.44801e-07
1.43249e-06 -6.9429e-07
-1.37074e-06 -7.78937e-08
-2.46293e-07 -1.28625e-07
2.02363e-07 -4.81214e-08
-1.26874e-06 -4.03808e-09
1.18955e-06 5.71546e-07
-2.30214e-07 1.00236e-09
5.19771e-07 -6.00005e-07
-1.62757e-06 -5.91787e-07
1.14131e-06 -2.53086e-07
1.20578e-06 1.99462e-07
5.05942e-07 1.09156e-07
3.79278e-07 4.5969e-08
1.62908e-06 -4.57159e-07
6.44373e-07 5.6486e-07
-1.10328e-06 4.3304e-07
-1.19327e-06 -2.20882e-07
-1.42038e-06 -2.20469e-07
1.27185e-06 1.98094e-08
8.90714e-07 -6.51903e-07
-1.26643e-06 6.65314e-07
-1.70658e-06 5.11352e-07
-1.25179e-06 -1.15728e-07
-1.08219e-07 6.38796e-07
-1.51095e-06 5.50327e-07
-9.61026e-07 3.29959e-07
5.94628e-07 5.09171e-07
2.84231e-08 -6.89936e-07
1.46596e-06 1.16905e-07
1.55984e-06 -6.96211e-07
-1.34972e-06 4.06783e-07
-1.34555e-06 -3.8647e-07
1.57619e-06 -1.921e-07
-1.22278e-06 6.85718e-07
2.63763e-07 -2.52027e-07
-7.40803e-07 4.53029e-07
-2.64439e-07 2.0563e-08
-4.95324e-07 -4.03335e-07
-9.72814e-07 1.28632e-07
-5.94438e-07 -7.83711e-09
-4.88573e-07 -3.39423e-07
-5.72137e-07 -1.10434e-07
-1.7346e-06 -4.98562e-07
-1.7895e-06 1.11737e-07
-6.93763e-07 4.4033e-07
1.63855e-06 -1.60672e-07
-9.37276e-07 -4.34658e-07
1.19039e-06 5.31272e-07
-1.10591e-06 6.58369e-07
1.6378e-06 -1.42195e-07
-5.44675e-08 3.39824e-07
8.69787e-07 5.08934e-07
1.62827e-06 6.18718e-07
1.43551e-06 -4.17857e-07
1.29167e-06 1.9948e-07
2.29956e-07 4.51538e-07
-1.21942e-06 2.85663e-07
9.92989e-07 1.43621e-07
-1.70959e-06 -5.3153e-07
1.2421e-06 -2.94689e-07
1.31282e-06 -3.59705e-07
1.78126e-07 5.13526e-07
-1.24251e-06 4.95866e-07
4.275e-07 -6.47546e-07
4.77879e-07 1.33976e-07
-1.21965e-06 -2.84818e-07
-1.26709e-06 -5.35413e-07
1.64378e-06 -2.24208e-07
-1.63515e-06 -3.68735e-07
2.04507e-07 4.10976e-07
-1.57031e-06 5.78565e-07
1.64658e-06 -1.84687e-07
3.95675e-07 -4.45412e-07
1.05994e-06 -5.52769e-08
1.59592e-06 -2.46596e-07
4.26417e-08 -1.75504e-07
1.45189e-06 -6.02822e-07
5.07346e-08 5.9623e-09
1.69739e-07 7.57081e-08
1.00672e-06 -6.55968e-07
-3.71517e-07 5.69024e-07
-1.57414e-06 -7.66486e-08
1.76518e-06 1.701e-10
-3.29939e-07 -2.78444e-07
3.51695e-07 -3.34772e-07
6.78047e-07 -6.5368e-07
1.54355e-06 -5.52966e-07
7.16727e-07 4.0426e-07
-1.37396e-07 -5.11718e-08
9.56187e-07 -2.41563e-08
-6.58083e-07 -3.0256e-07
1.28162e-06 6.2424e-07
-7.81932e-07 -2.00751e-07
8.92891e-07 -1.25119e-07
5.99063e-07 -1.55894e-07
2.61343e-08 -3.39215e-07
1.97302e-07 2.29731e-07
-1.45195e-06 6.31556e-07
-1.67703e-06 5.17163e-07
1.54072e-06 2.74254e-07
5.16587e-08 -2.12822e-07
-1.47311e-06 -5.02158e-07
-1.54164e-07 -1.3419e-07
1.02726e-06 3.05533e-07
5.75043e-07 4.5435e-07
3.99544e-07 6.47011e-07
-1.5304e-06 -6.70863e-08
-9.18216e-07 -3.73394e-07
1.18674e-06 -2.15107e-07
1.80253e-06 -3.65118e-08
1.7255e-06 -5.09904e-07
2.33564e-07 2.8988e-08
1.54792e-06 2.82814e-07
1.06998e-06 -8.83551e-08
1.3064e-06 2.66943e-07
-7.4625e-07 -5.41926e-08
1.09316e-06 3.71598e-07
-5.59234e-07 5.96052e-08
-1.06875e-06 -6.36067e-08
-1.11595e-06 3.91266e-07
8.45779e-07 -1.59318e-07
1.29456e-06 -1.36528e-07
1.04265e-06 5.06256e-07
1.58686e-06 2.68571e-07
1.74038e-06 -3.38136e-07
1.18716e-06 2.10883e-07
-6.97491e-07 3.65876e-07
-9.018e-08 -5.17089e-09
-9.49277e-07 3.38421e-07
8.15252e-07 1.91306e-07
8.01075e-07 -8.5708e-08
9.42535e-07 -3.68127e-07
1.00402e-06 -1.63406e-07
-1.00942e-06 -2.79052e-07
-5.99412e-07 4.56598e-08
1.15376e-06 5.19839e-07
-2.37748e-07 -3.79219e-07
-1.09669e-06 -9.48994e-08
-1.74848e-07 6.45968e-07
1.44236e-06 3.66901e-07
1.21022e-07 -1.16048e-07
-1.30217e-06 -2.69632e-07
6.45174e-07 -4.36007e-07
-2.82926e-07 -4.93699e-07
-8.71305e-07 -3.30715e-08
-3.85048e-07 1.00757e-07
-5.61282e-07 5.89243e-07
-9.82655e-08 3.052e-07
1.57122e-06 -3.06842e-07
1.6488e-06 -1.03485e-07
1.61153e-06 2.21442e-07
2.19376e-07 9.91007e-08
7.2451e-07 -3.41496e-08
1.23908e-06 4.66472e-08
-7.11473e-07 -1.48125e-07
-6.72357e-08 4.05337e-07
-4.33251e-08 1.64839e-08
-1.48675e-06 -5.14014e-07
-1.01869e-06 6.25954e-07
-1.5106e-06 -6.07498e-07
-8.1882e-07 -5.14624e-07
2.38313e-07 3.34834e-07
3.27073e-07 -5.36975e-07
-6.26071e-07 -1.32091e-07
1.66215e-06 -4.6211e-07
1.57904e-06 2.80208e-07
-7.74485e-07 1.21156e-07
4.87383e-07 -3.38104e-07
9.94256e-07 -5.16807e-07
1.23394e-06 -8.63859e-08
-8.53617e-08 -4.59148e-07
6.40165e-07 -6.48937e-08
-1.71401e-06 2.98186e-07
1.61432e-06 6.67125e-07
-8.44709e-07 6.09557e-07
1.18339e-06 -6.53337e-08
1.52487e-06 2.87904e-07
9.34296e-07 6.76054e-09
-1.41008e-06 -5.15665e-07
-9.69937e-07 5.78067e-07
1.12963e-06 3.26423e-07
-9.36713e-07 5.15213e-07
1.0024e-06 2.60286e-07
8.40832e-07 4.65292e-08
-3.06239e-07 1.02192e-07
2.36044e-07 1.26526e-07
9.60783e-07 5.70311e-08
-1.50499e-06 -6.25055e-07
-1.81036e-06 -5.86664e-07
-2.16425e-07 -2.7036e-07
1.21139e-07 -3.7221e-07
-1.94108e-07 -5.94301e-07
3.22914e-07 -5.49495e-07
6.07412e-07 -2.4445e-07
9.27039e-07 -6.34806e-07
1.17756e-06 5.01055e-07
-6.03063e-07 -3.4326e-07
6.02029e-07 2.33493e-07
-4.91067e-07 -4.15901e-07
1.81386e-06 5.41458e-07
8.37197e-07 3.94981e-07
-2.35916e-10 1.34882e-09
-1.54056e-06 5.61072e-07
3.1263e-07 2.99734e-07
-1.08923e-06 5.72052e-07
2.55833e-07 -5.60284e-07
-6.35359e-07 -2.32498e-07
-4.68844e-07 5.38085e-07
-9.47702e-07 -6.83205e-07
-5.01669e-07 1.98189e-07
-6.93608e-07 -1.78273e-07
5.61844e-07 2.28542e-07
-1.76665e-06 6.8019e-08
1.10827e-06 2.82292e-07
1.48042e-06 -1.91626e-07
-9.03038e-08 6.79509e-08
-4.13399e-07 -6.90467e-07
1.18399e-06 6.30536e-07
-7.80308e-08 2.33159e-07
1.39553e-06 1.94234e-07
1.28444e-07 -2.23671e-07
-1.66231e-06 4.52532e-07
