-2.37631e-07 -3.80129e-07
1.93517e-07 1.05616e-07
-5.5254e-07 -3.76781e-07
-5.47064e-08 2.69108e-07
1.86594e-07 5.72837e-07
1.31469e-07 2.4439e-07
7.43411e-08 3.87944e-07
1.21781e-06 -4.07444e-07
-1.2601e-06 -3.08404e-08
-1.79903e-06 -4.12323e-07
-1.28949e-06 2.25018e-08
-1.22689e-08 5.61642e-07
-3.81926e-07 6.65504e-07
1.75309e-07 -3.32358e-07
-2.06955e-07 4.76973e-07
-5.36548e-07 3.32123e-07
-6.2773e-07 -5.6513e-07
-9.20528e-07 3.17495e-07
-1.45749e-06 -3.47812e-07
-9.57564e-07 1.22501e-07
1.47761e-06 6.71136e-07
-1.39999e-06 1.41239e-07
-1.15607e-06 4.16244e-07
-2.50934e-07 -2.84077e-08
-1.19539e-06 -7.52465e-08
4.85822e-09 1.65387e-08
-1.13593e-06 5.24439e-07
6.25292e-07 5.57226e-07
1.05706e-06 6.89989e-08
-5.77249e-07 2.17339e-07
-1.70135e-06 -4.37065e-07
1.957e-07 5.9191e-08
1.76411e-06 5.82703e-07
4.2304e-07 -6.59603e-07
1.58824e-06 -1.00817e-07
-1.1889e-06 -3.88697e-08
-1.70461e-06 -6.75748e-07
-2.16542e-07 -2.90461e-07
-1.30438e-06 -5.48661e-07
9.76385e-07 -2.9092e-07
-5.44778e-07 -6.74249e-07
-1.11601e-06 -3.80466e-07
3.68634e-07 2.05571e-07
-1.69738e-06 -5.76543e-07
7.85846e-07 -5.98326e-07
-8.39921e-07 -9.63321e-08
2.178e-07 -2.73772e-07
1.18408e-06 -1.57275e-07
1.20614e-06 4.24133e-07
-1.27349e-06 -3.16457e-07
-6.06591e-07 -2.2436e-07
7.1634e-07 3.61793e-07
-7.73596e-07 -3.53813e-07
-1.71315e-06 -6.06057e-07
1.25808e-06 6.17444e-07
-1.18185e-06 -1.18534e-07
2.26591e-07 -6.07621e-07
-6.61152e-07 3.55242e-07
1.7396e-06 6.82355e-07
-7.37407e-07 -4.98681e-07
1.43943e-06 2.5371e-07
-3.47854e-07 -4.71269e-07
7.9144e-07 6.59699e-07
-7.91747e-08 -6.98803e-07
1.59701e-06 5.50631e-07
1.54356e-07 -6.26373e-07
-6.97211e-07 4.19692e-07
8.54793e-07 -3.97506e-08
-1.25417e-07 6.63093e-07
1.21715e-06 -1.38041e-08
-1.11193e-06 6.33542e-07
1.25393e-07 -6.58778e-07
-1.62997e-06 1.48201e-07
5.03909e-07 3.75315e-07
4.13624e-07 6.36102e-07
-1.19919e-06 -1.0124e-07
-8.09662e-07 -4.31234e-07
1.06152e-06 -3.94244e-08
4.76192e-07 7.87011e-08
1.36198e-06 6.74103e-07
-6.57453e-07 2.61107e-07
9.61297e-07 -6.60591e-07
1.30053e-06 -5.62946e-07
1.09351e-06 3.864e-07
-4.62004e-07 -2.56899e-07
1.09149e-07 -3.91081e-07
-9.46447e-07 2.4737e-07
-2.75798e-07 5.27458e-07
1.42402e-06 -6.08771e-07
-1.24288e-07 1.14758e-08
1.29957e-06 4.61629e-07
2.54151e-07 1.48747e-07
1.13514e-06 2.96433e-07
1.00707e-06 -4.26727e-07
1.28807e-06 3.54671e-07
-1.46215e-06 -9.77708e-08
6.53325e-07 -1.52002e-07
-2.79564e-07 3.97166e-07
-1.23315e-06 1.19064e-07
-1.73843e-07 1.95579e-07
-5.31603e-07 -1.81438e-07
1.17882e-06 1.26119e-07
-1.43097e-06 -2.11264e-07
1.20691e-06 1.27443e-07
1.31395e-06 -1.8483e-07
-2.63593e-07 1.64207e-07
-1.38689e-06 -4.24591e-07
-2.56274e-07 -1.03207e-07
-1.60017e-06 -4.71611e-08
-1.57186e-07 1.11602e-07
2.12465e-07 2.60046e-07
1.60453e-06 -6.33335e-07
8.22653e-07 1.84241e-07
1.51457e-06 -3.06465e-07
9.58226e-07 -6.82909e-07
8.85939e-07 -1.6831e-07
-8.67769e-07 4.68606e-07
5.39327e-07 1.6192e-08
8.98555e-07 -1.08485e-07
-6.38356e-07 -6.33031e-07
-7.44793e-07 3.69466e-08
7.87485e-07 -2.4064e-07
-8.34044e-07 -4.89765e-07
3.34697e-07 -4.01092e-07
-1.03222e-06 3.65538e-07
4.86299e-07 3.3458e-08
1.51692e-06 2.21943e-07
-1.48039e-06 1.80738e-07
1.73154e-06 3.39748e-07
-1.64666e-07 -5.81165e-07
1.20679e-06 -1.59283e-07
-1.51459e-06 -2.42896e-07
4.38986e-07 1.15022e-08
7.40112e-07 -1.90852e-07
1.41814e-06 3.77655e-07
-1.22677e-06 -2.29889e-07
-1.25832e-06 -3.92207e-07
6.38725e-07 -3.78605e-07
1.66395e-06 5.79311e-07
6.79825e-07 4.44855e-07
-3.47552e-07 -4.81221e-07
1.49528e-06 -6.36823e-07
-2.21305e-07 -4.40555e-08
1.54187e-06 2.29529e-07
-1.50158e-06 3.34533e-08
-7.19309e-08 4.38695e-07
9.55447e-07 4.89123e-07
-1.25767e-06 7.72544e-08
6.61798e-09 -4.38271e-07
1.06705e-06 2.02728e-07
1.19666e-06 6.76316e-07
-4.91708e-07 -1.93662e-07
-1.18772e-06 3.97351e-08
5.71376e-07 7.73829e-08
1.69469e-06 3.03321e-07
3.4378e-07 3.44339e-07
-1.407e-06 -1.91652e-07
4.07512e-07 1.14715e-07
1.4476e-06 3.221e-07
3.40611e-07 -3.17608e-07
1.3204e-06 -2.20834e-07
1.35822e-06 -2.02816e-07
1.0212e-07 -2.47847e-07
-1.28189e-06 -2.31972e-07
-1.58496e-06 2.90342e-07
-1.29038e-06 -6.20481e-07
-1.57286e-06 4.24374e-08
1.34358e-06 -5.52192e-07
-1.50267e-06 6.81397e-07
9.54663e-07 -1.59275e-07
1.10552e-07 -6.06919e-07
-7.29752e-07 1.51953e-07
-1.00431e-06 -9.42776e-08
-1.5126e-06 5.61895e-07
-1.04579e-06 -4.24632e-07
1.11167e-06 -2.86467e-07
3.1962e-07 -5.2895e-07
1.05134e-06 2.67893e-07
-1.66264e-06 -3.29981e-07
8.13797e-07 -4.35211e-07
-1.56689e-06 5.73077e-07
2.16887e-08 5.46153e-07
-1.16946e-06 1.12538e-07
-6.34061e-07 -5.1712e-07
1.3894e-06 -1.28923e-07
9.11299e-07 1.49831e-07
-1.78473e-06 -5.97786e-07
1.38374e-06 9.06531e-09
7.51017e-07 -1.84407e-07
1.60072e-06 3.83132e-08
1.64721e-06 -4.9068e-07
-4.32286e-08 5.13652e-07
1.66273e-06 4.99697e-07
1.02211e-06 2.00546e-07
-1.17394e-06 -3.5953e-07
1.16999e-08 2.55474e-07
-2.51911e-07 -6.65449e-07
-1.2823e-06 6.35423e-07
-8.80796e-07 -6.33386e-07
-1.33158e-06 8.26714e-09
-2.43202e-07 1.75747e-07
1.31594e-06 -2.44643e-07
7.83331e-07 -6.36064e-08
-1.11661e-06 3.43203e-08
-1.30528e-06 6.78854e-08
1.61647e-06 -4.5358e-07
-2.59658e-07 -4.56128e-07
1.66054e-06 6.23297e-07
-3.38405e-07 1.03314e-07
-1.31716e-06 -3.60928e-07
-1.78478e-06 6.69993e-07
8.94059e-07 1.97785e-07
9.96818e-07 3.0732e-07
1.03482e-06 -2.85052e-08
1.5896e-06 -5.15407e-07
1.78559e-06 -6.4133e-07
-6.44508e-07 2.69811e-07
-1.38018e-06 4.54604e-07
-4.83264e-07 2.37297e-07
-4.6318e-07 -5.77342e-07
9.53613e-08 4.56109e-07
-4.67728e-07 -4.98951e-07
1.1583e-06 2.30542e-08
4.9052e-07 -4.17949e-07
6.89849e-07 -3.9029e-07
-3.78071e-07 1.78134e-08
-1.51352e-06 -4.44521e-07
-1.77221e-06 3.26762e-07
-1.4524e-06 -5.13267e-08
1.60325e-06 -1.71032e-07
9.9468e-07 -4.84061e-08
-1.30912e-07 -5.79055e-07
-7.20699e-07 -4.64696e-10
-1.54978e-06 1.76599e-08
1.45566e-07 6.51698e-07
-1.44456e-06 -2.79412e-07
9.76407e-07 -6.87385e-07
-1.15218e-06 -3.90443e-07
8.07411e-09 -6.90161e-07
-6.40314e-07 3.20437e-07
-1.18003e-06 -2.45285e-07
1.34135e-06 6.06297e-07
-3.4914e-07 1.24064e-07
-1.76195e-06 5.31093e-07
-5.46094e-08 9.03009e-08
1.72198e-06 -6.41652e-07
2.3107e-07 -6.03351e-07
3.73452e-07 -4.92976e-07
1.69748e-06 3.85729e-07
-8.47728e-07 5.17935e-07
1.76026e-07 -5.92703e-07
-6.52337e-07 -6.68994e-07
-1.86756e-07 5.95547e-07
9.62817e-07 -6.1436e-07
4.64415e-07 3.44622e-07
4.35652e-07 -4.16589e-07
6.00153e-07 5.06756e-07
-4.92979e-07 2.52199e-07
-1.42062e-06 -5.09059e-08
1.01502e-06 -2.16115e-07
-5.21179e-07 -4.06135e-07
-3.99263e-07 2.94068e-07
-8.25616e-07 7.08432e-08
-7.68705e-07 5.87116e-07
8.85708e-09 -4.81398e-07
5.8732e-07 -3.09986e-07
-1.77701e-06 4.23121e-07
-6.30574e-07 3.33213e-07
-3.51981e-07 5.00382e-07
8.47702e-07 -5.60668e-07
-8.3055e-07 1.08443e-07
6.5882e-07 2.93374e-07
-7.4343e-08 -4.80506e-07
1.81199e-06 -4.34395e-07
-8.46047e-08 4.81788e-07
-1.7487e-07 -6.84475e-07
-8.30238e-09 1.63519e-07
1.58968e-06 -2.52501e-07
-1.0253e-06 -5.15786e-08
-1.76886e-06 -5.52899e-08
-5.72634e-08 4.19907e-07
-1.30181e-06 -1.94189e-08
1.68421e-06 -1.19163e-07
-1.0038e-06 -5.89403e-08
1.44652e-06 6.82059e-08
-1.41588e-06 8.69984e-08
1.65717e-06 -7.23243e-08
-7.67523e-07 8.73071e-08
1.15023e-06 1.05278e-07
3.72484e-07 -4.37159e-08
1.22648e-06 5.81318e-07
-1.26565e-06 -5.42775e-07
1.66095e-06 -4.2381e-07
-1.76565e-06 -2.4203e-07
-1.51575e-06 4.88645e-07
1.26123e-06 -8.18831e-08
2.15515e-07 4.79912e-07
5.20609e-07 7.26728e-08
-8.95801e-08 3.78277e-07
9.92911e-07 2.38825e-07
-1.22318e-06 -4.91993e-08
-1.75638e-06 6.76939e-08
1.36933e-07 -4.37781e-07
-4.21774e-07 -3.95435e-07
-5.77236e-07 -1.08635e-07
1.02128e-06 6.97841e-07
2.14779e-07 -1.78347e-07
6.05689e-07 -4.61984e-07
1.88561e-08 -5.05604e-07
-2.63411e-07 5.42781e-07
1.72065e-07 4.30483e-07
-1.17318e-06 -4.27397e-07
9.82275e-07 -5.82149e-08
-3.99251e-07 6.30541e-07
1.10899e-06 -1.96477e-07
-1.04195e-06 6.41423e-07
-3.05016e-07 -2.96088e-07
-2.05008e-07 -5.02841e-07
8.25312e-07 6.05955e-10
3.15799e-08 1.04421e-07
1.56874e-07 8.46509e-08
-4.88083e-08 -1.53833e-07
-1.43201e-06 -2.14476e-07
1.00435e-07 4.12856e-07
6.56022e-07 -5.88733e-07
-1.27021e-06 -1.33341e-07
3.24351e-07 3.54968e-09
1.43535e-06 -1.59897e-07
1.788e-06 6.65177e-07
-6.28679e-07 1.4813e-07
-1.14325e-06 -4.40271e-07
-5.73532e-07 3.40747e-07
7.88416e-07 1.75793e-07
-1.66341e-06 1.81232e-07
-3.13405e-07 5.44791e-07
-6.66272e-07 5.68182e-07
1.08273e-06 -1.22489e-07
-1.5526e-06 -2.99056e-07
-6.63961e-07 3.35509e-07
2.5957e-07 -3.90724e-08
-1.49743e-06 -1.6597e-08
1.03103e-06 6.64348e-07
-1.39523e-06 -5.39678e-07
1.80113e-06 6.49034e-07
2.1643e-07 1.60884e-07
1.22103e-06 -5.36487e-07
-1.16882e-06 -3.32545e-07
-6.19851e-07 -6.39226e-07
-1.19264e-06 3.06945e-07
-7.06207e-07 4.00744e-07
-4.75587e-07 -4.02518e-07
1.34887e-06 3.60783e-07
-1.89056e-07 -5.61118e-08
-6.67761e-07 -1.13022e-07
-1.17777e-06 6.69167e-07
1.17416e-06 4.88975e-07
3.20386e-07 -5.29646e-07
-1.6113e-06 1.10097e-08
-1.16562e-06 -6.65926e-07
1.58941e-06 2.38866e-07
3.61264e-07 -3.45562e-07
4.64469e-07 -4.36962e-07
1.97209e-07 5.69375e-07
-9.3616e-07 -9.99975e-08
-4.81828e-07 4.42641e-07
-1.04314e-06 1.9286e-07
-1.30152e-06 5.07157e-07
-1.78441e-06 1.31471e-07
-1.57718e-06 1.67022e-07
4.16945e-07 -3.93334e-07
1.56816e-06 -4.38293e-07
-1.2016e-06 -9.89654e-08
-1.01704e-06 -4.05144e-07
7.82531e-07 2.10306e-07
1.0009e-06 -3.13757e-07
-8.28126e-07 -6.21359e-08
1.16877e-06 -6.39706e-08
1.05733e-06 -6.15011e-07
-1.30821e-06 7.98924e-09
-6.15267e-07 6.91877e-07
-1.46447e-06 -5.13037e-08
-1.45394e-06 6.84551e-07
2.58249e-07 -3.37956e-07
-3.85671e-07 -6.17996e-07
9.8948e-07 6.31867e-07
-5.99758e-07 -6.83286e-08
-1.65368e-06 1.33272e-07
-1.01416e-06 -1.92679e-07
9.07464e-07 -3.96601e-07
-1.3393e-06 6.31006e-07
-1.08468e-06 -2.07225e-07
1.80175e-06 4.87759e-07
-3.70117e-07 2.52387e-07
-1.58486e-06 -1.72893e-07
-2.17413e-07 3.96769e-07
-8.63787e-07 -2.09281e-07
-1.81037e-06 5.72891e-07
9.55272e-07 -4.96377e-07
9.69232e-07 3.84055e-07
-9.15124e-07 5.25807e-07
-1.66996e-06 -7.73262e-08
5.87339e-07 4.48239e-07
-9.39855e-07 6.78382e-07
-1.33718e-06 3.76304e-07
1.65075e-06 4.05381e-07
1.61643e-06 -5.54991e-07
6.45938e-07 4.65811e-07
-1.63353e-06 1.4818e-07
7.08828e-11 4.62945e-07
1.66764e-06 -3.56038e-07
3.44307e-07 5.00626e-07
4.31651e-08 -4.33076e-07
-1.12381e-06 1.53456e-07
-8.54302e-07 -1.99304e-07
-4.08186e-07 -2.58138e-07
2.15639e-07 -2.06033e-07
-2.04218e-07 1.83264e-07
1.4089e-06 -7.38164e-08
-1.7032e-06 4.42906e-07
-1.80953e-07 2.04502e-07
6.1169e-07 -5.26918e-07
-1.66464e-06 5.73929e-07
1.69424e-06 8.19565e-09
6.16178e-07 -5.21316e-08
-2.4945e-07 5.97042e-07
1.91278e-07 6.62593e-07
1.47962e-06 6.56545e-08
1.67357e-06 -6.64146e-07
1.60285e-07 3.40848e-07
1.48384e-06 1.76959e-07
3.78601e-07 2.62892e-08
-1.08526e-07 -6.42948e-07
3.5223e-07 -2.7705e-08
9.24131e-07 2.88054e-09
6.79342e-07 6.21817e-07
8.47037e-07 -4.66013e-07
-9.7674e-07 8.05858e-08
-9.01783e-07 -6.92956e-07
-1.80135e-06 -5.72759e-07
7.78039e-07 6.64641e-07
-5.2622e-08 -5.4489e-07
8.77965e-07 -5.51021e-07
-1.18819e-06 -1.26033e-07
-1.10644e-06 -1.39832e-07
1.24536e-06 -3.46439e-07
-1.57827e-06 6.31052e-07
6.14979e-07 5.84131e-10
8.47781e-07 5.56004e-07
1.29849e-06 1.02038e-07
2.34974e-07 4.81324e-07
1.21036e-06 -4.48789e-07
-8.927e-07 -6.23046e-07
-2.11903e-07 5.67535e-07
4.67206e-07 2.14872e-07
-1.67239e-06 -3.60342e-07
1.24992e-07 7.09735e-08
1.40434e-07 -9.74447e-08
4.4138e-07 -2.21161e-07
9.81768e-08 6.76516e-07
1.03385e-06 -1.42555e-07
-2.21014e-07 4.71e-07
-1.21922e-06 6.65934e-07
3.25631e-07 -1.06275e-07
1.77656e-06 -2.64381e-07
-1.06357e-06 3.28786e-07
1.96974e-07 -3.9078e-07
7.45326e-07 -2.15176e-07
-5.21276e-07 6.06107e-07
7.74815e-07 -3.16756e-07
1.17905e-06 -6.23156e-07
6.19277e-07 1.55395e-07
-2.84449e-07 -6.01753e-07
9.4609e-07 2.33989e-07
8.93112e-07 -3.77723e-07
-1.39037e-06 6.97825e-07
1.54715e-06 -4.86204e-07
-6.23748e-07 -3.40999e-07
1.54668e-06 6.9532e-07
-4.99058e-07 -6.38604e-07
-1.48528e-06 5.27019e-07
-1.5459e-06 3.56118e-07
-1.58225e-06 5.00419e-07
-1.59953e-06 -3.11579e-07
-1.52065e-06 3.41273e-07
-1.41783e-06 -1.96046e-07
-1.11264e-06 -2.45588e-07
-1.56848e-06 7.23594e-08
6.74566e-08 -3.15508e-07
-6.7469e-07 2.8555e-07
1.17999e-06 -6.41822e-07
-4.29856e-08 -6.68777e-07
-1.0477e-06 -2.69617e-07
6.75011e-07 -1.32292e-07
4.23748e-07 -5.50213e-07
-8.54837e-07 1.51247e-07
-1.77166e-07 -5.84527e-07
1.59532e-06 1.60711e-07
-1.32305e-06 1.34223e-07
5.94691e-07 -3.05615e-07
1.02778e-06 -5.15444e-07
-1.30033e-07 -9.88069e-08
-1.34755e-07 -8.30746e-08
-6.98394e-07 1.66214e-07
-1.63028e-06 4.68951e-07
-1.38905e-06 5.32731e-07
-7.75673e-07 6.16617e-07
-3.07907e-07 6.29305e-07
1.62618e-06 6.96841e-07
-1.11102e-06 -6.44949e-07
-5.00701e-07 -6.45823e-08
-4.29978e-07 3.7023e-07
9.80308e-07 5.97318e-07
3.0265e-07 2.38461e-07
1.69406e-06 -1.31053e-07
2.14083e-07 3.8451e-07
7.17423e-07 -4.45604e-07
3.02173e-07 -4.24426e-07
1.56469e-06 -6.2413e-07
-2.77391e-07 4.34795e-08
-2.32303e-07 2.3429e-07
1.81485e-06 -3.00006e-07
4.46982e-07 -3.33876e-07
-1.79965e-06 -2.74658e-07
-8.03046e-07 6.80425e-07
1.5277e-06 -2.41008e-07
-1.40085e-06 -3.68666e-07
-1.22417e-06 5.22185e-07
-1.98832e-08 2.82405e-07
-1.41089e-06 -3.97569e-07
3.97931e-07 -3.27805e-07
-5.70804e-07 4.14534e-07
1.82157e-06 -4.33121e-07
-7.16923e-07 5.86233e-07
-1.39714e-06 -6.13678e-07
1.18287e-06 6.56061e-08
-8.12163e-07 2.36599e-07
-1.639e-06 -5.0138e-07
-1.07628e-06 1.21638e-07
1.0623e-06 -2.6668e-07
4.69264e-08 -6.69502e-07
3.01923e-07 -4.78477e-07
1.24349e-06 4.63114e-07
-1.16515e-06 -1.03197e-07
-1.31741e-06 2.17636e-07
-4.21539e-07 8.91203e-08
-1.15116e-06 6.4146e-07
-3.3036e-07 -6.60532e-07
6.56797e-07 4.7052e-07
-1.37429e-06 -4.21799e-07
7.85188e-07 2.98845e-07
-4.57123e-07 4.15992e-07
-2.21464e-07 5.27165e-07
2.3272e-07 -2.25392e-07
-6.80203e-07 -1.34933e-07
1.3488e-06 6.21617e-07
1.07341e-06 5.22148e-07
6.01386e-07 1.74775e-07
1.59118e-06 6.14509e-07
-6.10919e-07 2.34876e-07
8.45525e-07 -3.86319e-07
1.77589e-06 2.28806e-07
-1.43125e-06 6.23634e-07
2.1106e-07 -4.73986e-07
5.75564e-07 -3.82416e-08
-1.53518e-06 -6.51619e-07
-1.45261e-06 6.63957e-07
4.73512e-08 2.60757e-07
-4.19221e-07 1.02099e-07
-9.18281e-08 2.92447e-07
-1.75547e-06 -4.68586e-07
-1.66137e-06 -6.17953e-07
-2.62711e-08 5.35006e-07
1.81132e-06 5.91685e-07
-1.0749e-06 -6.99216e-07
-3.43207e-07 -5.04072e-07
-5.09342e-07 -5.90784e-07
1.23148e-06 -5.7145e-07
-5.53531e-07 3.41762e-07
6.73339e-07 -5.67943e-07
-1.13759e-06 5.53342e-07
-1.42205e-06 4.41762e-07
4.22244e-07 -5.49302e-07
-3.76925e-07 1.45744e-07
8.81735e-07 -5.74895e-07
3.88917e-08 -2.27678e-08
6.93949e-08 5.14729e-07
1.49483e-06 -6.24129e-07
1.23244e-06 -3.08227e-07
1.40282e-06 -2.35547e-07
7.74846e-07 -6.02362e-08
3.96944e-07 2.27059e-07
-5.93849e-07 -1.81757e-07
1.15425e-06 3.04583e-07
1.59011e-07 5.04343e-07
8.92244e-07 -2.69831e-07
2.89199e-08 3.9929e-07
3.68768e-07 -4.10446e-07
1.34252e-06 -6.64939e-07
5.19249e-07 2.68286e-07
-1.63831e-06 2.55687e-07
1.48109e-06 -2.80302e-07
-1.2346e-06 2.70078e-07
-3.17567e-07 1.33423e-08
-1.43971e-06 -6.92899e-07
-3.33433e-07 -2.42072e-07
-1.45698e-06 3.59011e-07
1.38325e-06 -4.01647e-08
-7.96986e-08 3.99617e-07
3.6879e-07 -6.84484e-07
-1.75609e-06 -1.05114e-07
9.23288e-07 7.86753e-08
3.82074e-07 3.31703e-07
1.93587e-07 -2.0953e-07
6.93607e-07 -3.22918e-07
2.1476e-08 -6.90825e-07
1.2806e-06 5.67878e-07
-7.90921e-07 -2.71181e-07
1.26833e-06 -4.12553e-07
-8.53153e-08 -6.26723e-07
-6.79935e-07 -1.71183e-07
-3.36e-07 -3.01641e-07
1.14413e-07 4.76646e-07
5.18609e-07 5.44792e-07
6.05415e-07 -5.14073e-07
1.37012e-06 -3.99566e-07
7.48496e-07 -2.09966e-07
-1.0727e-06 1.01663e-07
9.13575e-08 4.25019e-07
-2.83577e-07 -1.91649e-07
-9.10574e-07 -3.76148e-07
1.77435e-06 6.71529e-07
5.38373e-07 6.50269e-07
4.8269e-07 4.06553e-07
-9.16156e-07 -6.29825e-07
1.08643e-06 -3.21352e-07
-8.78919e-07 6.17227e-07
-5.03929e-07 1.10819e-07
8.98729e-07 -6.36103e-07
-1.01537e-06 -6.81251e-07
6.71692e-07 6.71998e-07
1.563e-06 2.74083e-07
1.5717e-06 4.35251e-07
-1.47396e-06 -1.58546e-08
-1.61862e-07 -5.18915e-07
-1.57687e-07 3.87772e-07
1.4399e-07 -3.73039e-07
1.08518e-06 6.55564e-07
1.04126e-06 -9.71216e-08
1.33985e-06 5.00442e-07
-1.12383e-06 1.81423e-07
1.07662e-06 -4.885e-07
-1.63987e-06 2.7725e-07
7.45155e-07 3.80406e-07
-4.81491e-07 2.44787e-07
-9.93215e-07 -4.34901e-07
-1.11997e-06 1.26664e-07
4.38319e-08 -3.36714e-07
2.48858e-07 1.43664e-07
1.30224e-06 1.29088e-07
4.12033e-07 -2.59772e-07
-1.06318e-06 3.94436e-07
-9.48313e-07 -1.48091e-07
4.04737e-07 6.19776e-07
8.79237e-07 5.88263e-07
8.39045e-07 -5.06567e-07
-1.29634e-06 -4.22296e-07
3.47959e-07 4.2005e-08
-8.95504e-07 2.88869e-07
-6.89354e-07 -6.70406e-07
-1.05121e-06 -6.1305e-09
-1.73132e-06 3.49294e-07
-1.59851e-06 -4.61755e-07
-3.98309e-07 1.39875e-07
1.65136e-06 -4.90433e-07
-4.34971e-07 5.96361e-07
2.95932e-07 -1.81592e-07
5.60662e-07 1.04357e-07
-1.16792e-06 6.86058e-07
-6.97387e-07 -6.94506e-07
1.80638e-06 1.03032e-07
1.09018e-06 -1.28086e-07
-1.03895e-07 6.75957e-07
-3.80386e-08 1.2654e-07
1.11975e-06 -4.61217e-08
6.96892e-08 -3.66765e-07
7.69409e-08 9.7809e-08
-1.65889e-06 5.51093e-07
-4.04089e-08 5.38521e-07
8.19164e-07 -5.31251e-07
-5.32661e-07 3.4418e-07
-4.28286e-07 6.35039e-07
-1.00018e-06 4.90447e-07
-4.84039e-07 4.96925e-07
1.79568e-06 -1.45554e-07
1.04788e-06 -4.29012e-07
-1.48021e-06 -9.62889e-08
9.77534e-07 6.11732e-07
1.64691e-06 -4.50637e-07
1.47323e-06 -3.13679e-07
1.36197e-06 -5.42933e-07
9.31351e-07 2.84412e-07
7.03103e-07 5.3462e-07
-1.63704e-07 -4.04471e-07
5.38746e-08 -3.36052e-07
9.88346e-07 5.05893e-07
5.89463e-07 -2.21997e-07
-1.60523e-06 6.72474e-07
-1.23026e-07 -1.86055e-07
6.12084e-08 -2.83992e-07
7.38815e-08 5.52102e-07
2.98329e-08 -5.46164e-07
-1.121e-06 4.90115e-07
-4.16392e-07 -5.09407e-08
9.35645e-07 -4.49581e-07
9.1208e-07 -5.81412e-07
-1.23397e-06 1.2161e-07
1.10482e-06 -6.09963e-07
1.22938e-06 2.17131e-07
-1.39341e-06 -1.51392e-07
1.61319e-06 -1.38095e-07
-1.73815e-06 -5.52512e-07
-5.62341e-07 6.35041e-07
-5.96414e-07 -6.18618e-07
6.04012e-07 -5.70587e-07
5.29352e-07 6.84171e-07
-1.08037e-06 -3.02229e-07
-1.61038e-06 2.47406e-07
-4.12249e-07 -1.44361e-07
-1.11486e-06 6.55518e-07
-4.23771e-07 -1.98645e-07
-1.71002e-06 6.16661e-08
-1.18186e-07 3.9011e-07
9.60865e-07 -4.24549e-07
6.7575e-07 -4.9328e-07
2.14462e-07 1.43994e-07
5.44198e-08 3.12629e-08
1.63062e-07 -6.94296e-07
-1.41101e-06 -2.58533e-07
7.42728e-07 2.97574e-08
-9.00389e-07 2.45436e-07
1.07716e-06 -5.94548e-07
1.0356e-06 -2.85816e-07
1.26134e-06 -1.49811e-07
-3.19071e-07 1.22332e-07
1.73849e-06 -3.18685e-07
1.70018e-06 -6.05875e-07
5.30178e-07 -2.85071e-07
4.69371e-07 3.19155e-07
1.78311e-06 -5.40384e-07
-1.60491e-06 -1.75101e-07
-5.89124e-07 2.25419e-07
-4.41093e-07 5.52312e-07
-4.0558e-07 -5.91814e-07
5.56675e-07 -1.66159e-07
-7.87011e-08 6.73689e-07
3.29393e-07 6.83999e-07
-9.23255e-07 3.33755e-07
-1.07492e-06 8.72459e-08
-1.36106e-06 1.14903e-07
6.25077e-07 -1.72442e-07
1.45228e-06 -1.75882e-07
-1.7038e-06 1.64543e-07
-1.40789e-06 2.69553e-07
-7.40705e-07 2.09814e-08
-2.36304e-08 -1.39045e-07
4.52458e-07 1.52529e-07
-1.37333e-06 -5.99469e-07
-4.26043e-07 -2.33182e-07
-3.64142e-07 3.99176e-07
-1.61387e-06 -1.84285e-07
-9.17478e-07 -6.55542e-07
-6.57123e-08 -1.06653e-07
-4.30757e-07 5.95067e-07
1.49992e-06 6.20152e-07
1.74766e-06 -2.55032e-07
-1.77228e-06 1.18072e-07
1.71424e-06 8.13566e-08
-8.40571e-07 -4.14322e-07
-6.38012e-07 -5.08541e-07
1.51798e-06 5.82185e-08
1.70342e-06 4.10338e-07
1.16652e-06 8.19754e-08
1.1296e-06 -2.70652e-07
1.58531e-06 4.17977e-07
2.56189e-07 6.41518e-07
1.45421e-06 3.42321e-07
-7.15814e-07 6.05955e-07
-1.05687e-06 4.3165e-07
6.79724e-07 4.37173e-07
-1.19312e-06 2.19164e-07
-1.74583e-06 5.9812e-07
-1.8671e-07 -2.29504e-07
-1.30315e-06 7.20625e-09
5.78594e-07 -5.66757e-08
-1.72832e-06 5.82337e-07
3.19989e-07 -6.32675e-07
3.10012e-08 -7.92831e-08
8.91312e-07 -6.37542e-07
1.41775e-06 6.55624e-07
1.74695e-06 1.68779e-07
4.45437e-07 -4.29906e-07
-1.19516e-06 -3.73815e-07
1.54953e-06 -2.16757e-07
-1.14813e-06 3.85801e-07
2.42852e-07 5.28987e-07
-1.34788e-07 3.19829e-07
-1.50955e-07 -4.52312e-07
8.17215e-07 6.67311e-08
-1.05417e-06 6.82733e-07
9.37676e-07 3.74858e-07
-6.17435e-07 -1.05747e-08
1.68552e-07 -4.05472e-09
3.97749e-07 -1.11055e-07
-8.49917e-07 7.53164e-08
1.78439e-06 -2.29961e-07
-1.10855e-06 -6.47031e-07
1.09554e-06 -2.8942e-07
7.21797e-07 -5.6117e-08
-5.11831e-07 -1.65239e-07
-1.1418e-06 7.5374e-08
-5.75929e-07 1.19279e-07
-9.14526e-07 -6.99301e-07
-6.36961e-08 -1.32757e-07
4.60865e-07 -4.59375e-07
1.26368e-06 1.96364e-07
7.42126e-07 2.19925e-07
-1.28021e-06 4.78484e-07
1.7103e-06 -1.54095e-08
4.50847e-07 4.20995e-07
5.97998e-07 -3.5137e-07
1.02654e-06 4.20608e-07
-1.79602e-06 2.34704e-07
1.86865e-07 6.60286e-10
1.65276e-06 2.57742e-07
4.99067e-07 -3.24925e-08
-1.62397e-06 4.26163e-07
-6.72796e-07 6.66948e-07
-1.19197e-06 6.27439e-07
1.07622e-06 -3.12e-07
-3.78123e-07 3.09231e-07
-1.80642e-06 -5.98125e-07
-1.66892e-07 3.95035e-07
9.20053e-07 -3.25789e-07
7.98716e-07 2.90151e-07
-6.2828e-07 7.2632e-08
2.15845e-07 3.49367e-07
9.97459e-07 4.36232e-07
1.63316e-06 3.61477e-07
8.64662e-07 3.55674e-07
7.0524e-07 -5.27873e-07
1.763e-06 1.69181e-07
-1.39803e-06 -5.72744e-07
1.30417e-06 -2.51471e-07
-1.13165e-06 2.57625e-07
-8.10324e-07 2.78667e-08
-2.10403e-07 -2.78694e-07
-1.79494e-06 -2.92913e-07
1.50198e-07 6.96531e-07
7.97084e-07 3.92602e-07
3.97163e-07 -1.38923e-07
1.46391e-06 -3.86525e-07
1.54139e-06 -6.71648e-08
7.99744e-07 2.83639e-07
-9.32188e-07 -1.82222e-07
-4.84157e-07 -6.78803e-07
-7.94595e-07 -3.86694e-07
-1.44456e-06 3.43055e-07
8.75765e-07 3.7236e-07
1.44252e-06 -1.19236e-07
1.26807e-06 -2.97628e-07
3.01453e-08 -5.66892e-07
1.15135e-07 7.03062e-08
-2.90881e-07 3.83033e-07
-4.74772e-07 -2.91574e-07
-1.01892e-06 7.04646e-08
-1.32759e-06 6.78664e-07
-1.56516e-06 4.34085e-07
-3.88695e-07 2.3273e-07
-1.06347e-06 -2.30652e-07
-7.57998e-07 -4.27656e-07
1.60436e-06 4.81474e-07
-1.2273e-06 5.71191e-07
-4.49607e-07 3.25175e-07
-1.85411e-07 -3.16987e-07
-1.69664e-06 5.20054e-08
-1.54845e-06 -8.16832e-09
1.74733e-06 -1.7401e-07
-2.06532e-07 5.15726e-07
6.36562e-07 -3.07479e-07
1.67379e-06 -1.96094e-07
-1.78028e-06 3.58543e-07
1.75786e-06 -4.58312e-07
-9.00189e-07 -6.44038e-07
1.06744e-06 -5.32834e-07
-1.14181e-06 3.1776e-07
-6.96242e-07 1.66348e-08
6.78431e-07 -4.61245e-08
-8.69941e-07 6.99827e-07
-1.79072e-06 1.83228e-07
1.10688e-06 -5.01117e-08
-1.37724e-06 -6.34529e-08
9.99994e-08 -9.64849e-08
9.71281e-07 3.12229e-07
8.34914e-07 -1.53612e-07
-5.98334e-07 -5.14466e-07
3.02285e-07 -2.65632e-07
-1.78651e-06 4.054e-07
-5.99106e-07 -2.00718e-07
-1.21504e-06 -1.27963e-07
1.67194e-06 -2.0504e-07
-8.33163e-08 9.5146e-08
-1.6856e-06 2.78241e-07
2.96126e-07 6.45072e-07
1.49526e-06 -4.18672e-08
-1.27416e-06 6.78534e-08
1.68025e-06 -1.54086e-07
-6.08763e-07 -4.47904e-07
-1.38572e-06 -3.43584e-07
9.99648e-07 -4.76289e-07
3.96566e-07 -4.43185e-07
-1.64005e-06 -5.67185e-07
-1.64253e-06 -9.24617e-09
-1.66757e-07 8.35019e-10
-1.2597e-06 -3.95396e-07
1.37388e-06 1.0455e-07
-1.44634e-06 -6.50411e-07
2.66358e-07 -4.75757e-07
1.6025e-06 6.41138e-07
-5.46854e-08 2.73601e-07
1.02593e-06 -6.44383e-07
1.47921e-06 -2.52487e-07
-5.7295e-07 -1.21411e-07
6.37407e-07 2.16299e-07
8.28184e-07 1.72714e-07
1.2907e-06 3.66047e-07
-8.51295e-07 -5.02803e-07
-8.27857e-07 -1.22785e-07
1.35182e-06 4.71036e-07
2.98718e-08 -6.12551e-07
-1.11022e-06 -3.00786e-07
-9.4166e-07 2.70812e-08
-6.96256e-07 -1.73945e-09
6.72612e-07 -2.97699e-07
-1.71973e-06 5.70145e-08
-5.24483e-07 6.65867e-07
-1.30441e-07 -5.74057e-07
1.51573e-07 -6.52323e-08
3.53129e-07 -2.52121e-08
-1.41093e-06 4.61095e-07
-1.76396e-06 -4.16604e-07
9.95553e-07 4.38117e-07
1.65785e-06 -6.22554e-07
1.17163e-06 -3.34679e-07
4.63281e-07 -5.96078e-07
-6.66636e-07 -2.04588e-07
-9.82288e-07 -6.51382e-08
1.44634e-06 2.27305e-07
2.94325e-07 -2.52008e-07
-5.74966e-07 -6.95902e-07
-1.19491e-06 -5.00538e-07
5.25259e-07 -2.50801e-07
8.65573e-07 -4.73125e-07
-7.09249e-07 1.48042e-07
-9.25077e-07 -3.83199e-07
-1.5936e-06 2.52529e-07
-2.88706e-07 8.39649e-08
2.33341e-07 -6.61575e-07
-8.27195e-07 -6.92912e-07
-1.10286e-07 5.1445e-07
1.75362e-06 5.46814e-07
-3.75823e-07 1.1303e-07
1.61158e-06 3.17003e-07
-6.81008e-07 5.41187e-07
1.71795e-07 -2.61295e-07
-2.8092e-07 3.74305e-07
-1.16492e-06 -2.55329e-07
-1.3553e-06 1.98431e-07
-9.071e-08 6.03757e-07
1.20557e-06 -5.14798e-07
1.40597e-07 -1.44758e-07
-1.82121e-06 -6.85652e-07
-1.43905e-07 -1.24756e-07
2.1972e-07 2.65628e-07
1.76354e-06 1.3159e-07
-8.3738e-07 -3.16588e-07
1.07854e-06 -3.20041e-07
-2.28429e-07 6.44227e-07
-1.05398e-06 -2.51592e-07
-3.24255e-07 -5.40418e-09
-1.7624e-06 -5.39742e-07
2.74267e-07 2.83084e-07
4.93673e-07 -3.9249e-07
1.45952e-06 6.70054e-07
4.29901e-07 -4.37703e-07
1.45206e-07 -1.8184e-08
-7.71865e-07 1.88147e-07
-8.95694e-07 1.69639e-07
-8.49852e-07 4.40793e-07
-3.4021e-07 2.78428e-07
4.05962e-07 -1.76575e-08
1.73257e-06 -8.56685e-08
-2.70923e-07 -4.34197e-07
1.48132e-06 -1.85028e-07
1.1972e-08 1.05199e-07
3.91e-07 -5.57101e-07
-1.32085e-06 1.42317e-07
7.90238e-07 -6.975e-08
-4.06662e-07 -4.88509e-07
9.06559e-07 5.45071e-07
-2.91554e-07 -7.09723e-08
-4.25775e-07 -6.88767e-07
-2.00292e-07 7.7778e-09
8.33124e-07 1.46225e-07
-9.00106e-07 7.54215e-09
-1.61401e-06 4.87259e-07
1.59236e-06 5.44561e-08
-9.41701e-07 6.48537e-07
-2.35642e-07 2.22965e-07
-1.18347e-06 2.1977e-07
1.32368e-06 4.62315e-07
-1.20716e-06 -5.85487e-08
4.92688e-07 -1.08891e-07
-1.40778e-06 5.01502e-07
1.17539e-06 -6.22889e-07
-6.07003e-08 1.1497e-07
-6.18655e-07 5.42815e-07
5.81706e-07 -7.75158e-08
1.2045e-07 3.14627e-07
1.35742e-06 5.40691e-07
-6.08307e-07 8.41112e-08
8.21572e-07 2.95614e-07
2.45914e-08 3.78749e-07
1.28316e-06 2.72743e-07
-1.66446e-06 -2.88021e-07
8.34924e-07 4.02001e-07
-2.28231e-07 -1.56739e-07
-1.12371e-06 5.05147e-07
-2.50169e-08 -6.51608e-07
7.96193e-07 -3.28175e-07
-3.0203e-08 -3.77979e-07
1.01679e-06 -3.03656e-07
7.07805e-07 3.0018e-07
-3.02052e-09 5.08119e-07
5.3988e-07 6.42945e-07
-1.99121e-07 -1.44185e-07
-9.50026e-07 -4.658e-07
-2.78373e-07 -1.2568e-07
1.80666e-06 -5.28102e-07
1.45502e-06 3.74654e-07
-5.08558e-07 1.17783e-09
-1.28654e-06 3.08557e-07
1.64899e-06 -2.09679e-07
3.19929e-07 -1.06307e-07
1.02526e-06 -3.63985e-07
-1.20649e-06 5.43957e-07
3.8789e-07 -3.93568e-07
1.46146e-07 6.72448e-07
8.88502e-08 5.74865e-07
1.13988e-06 -9.52443e-08
7.96906e-07 -6.02315e-07
-4.67387e-08 2.74535e-07
3.96567e-07 -1.50219e-07
4.66598e-07 -4.52505e-07
-2.59639e-07 -6.50123e-07
1.73983e-06 5.27995e-07
-8.42766e-07 5.09742e-07
1.82331e-06 3.55351e-07
-8.45959e-07 -5.81177e-07
-1.04826e-06 6.76973e-07
-1.5938e-07 -1.77747e-07
-6.48736e-07 -7.12003e-08
1.70208e-06 -8.88544e-08
9.97937e-07 4.43097e-07
-6.84716e-07 -1.59275e-07
-1.39863e-06 2.56438e-07
-8.11099e-07 4.30539e-07
-1.79891e-06 -5.82572e-07
1.63163e-06 5.90886e-07
-1.20622e-06 -2.5428e-07
1.57561e-06 -5.72822e-07
1.28532e-06 -6.38675e-07
-1.17372e-06 -6.69194e-07
-1.23292e-07 -5.56565e-07
-1.08832e-06 -5.21617e-07
1.65241e-06 4.3406e-08
7.93289e-07 1.84987e-07
-4.24681e-07 3.51705e-07
1.19887e-06 -4.40921e-07
3.61647e-07 -3.11012e-07
1.34399e-07 5.90984e-07
1.54265e-06 1.18119e-08
2.69808e-08 2.03149e-07
-1.1795e-06 -1.67261e-07
-8.31618e-07 -6.42122e-07
1.45558e-06 1.16764e-07
-1.54445e-06 6.17464e-07
1.27795e-06 -8.51376e-08
4.3545e-07 1.81449e-07
-5.09267e-07 -3.56994e-07
-4.22796e-07 -4.07754e-07
-5.07273e-07 2.18418e-07
-1.67614e-06 5.00797e-07
1.22508e-06 2.14364e-07
-7.71325e-07 3.98676e-07
-1.26778e-07 -6.78109e-07
1.38044e-07 -6.47363e-08
-1.22208e-06 5.87107e-07
-5.45427e-07 3.3989e-08
1.50195e-06 2.66636e-08
-3.99698e-07 -4.4737e-07
-1.66192e-06 -4.68058e-07
1.42635e-06 5.98244e-07
-2.65068e-07 -4.89493e-07
-1.08114e-07 -1.64829e-07
-2.81003e-07 -1.67287e-07
9.93139e-07 3.97954e-07
1.34713e-06 -4.16228e-07
2.27062e-07 4.95335e-07
-6.56116e-07 2.96824e-07
1.55602e-06 -4.05131e-07
1.41843e-06 9.46118e-08
1.61658e-06 4.77414e-07
2.79516e-08 -6.20419e-07
-6.74364e-07 -2.04634e-07
-5.0011e-08 -4.07781e-07
3.06323e-07 4.62078e-07
-6.30258e-08 -3.6882e-07
1.24159e-06 5.26836e-07
1.5088e-06 -5.52786e-07
-1.11602e-06 2.72528e-07
8.37297e-07 -6.01708e-08
1.07809e-06 1.30758e-07
-1.52674e-06 -5.91462e-08
-1.12802e-06 -2.15505e-07
-5.88591e-07 1.01145e-07
1.46013e-06 -5.83139e-07
-1.00082e-07 -2.06422e-07
-3.17543e-07 -5.91616e-07
1.06826e-06 2.75424e-07
1.18956e-06 3.10511e-07
7.31162e-07 4.42698e-07
-6.29402e-08 4.35239e-07
6.15334e-07 -2.82483e-07
1.17936e-06 2.57676e-07
-6.86052e-07 4.37942e-07
-1.7543e-06 -4.03464e-08
-1.11617e-07 -1.61506e-08
-3.71933e-07 -4.0996e-07
-2.31288e-07 -1.753e-07
1.08548e-06 -5.49472e-07
1.21425e-06 -1.0322e-07
1.64605e-06 1.56578e-07
6.14161e-07 -3.86418e-08
8.26204e-09 -6.93589e-07
-4.53504e-07 -2.38239e-07
-6.59584e-07 -9.51112e-08
-5.5936e-07 -3.87958e-07
1.1197e-06 -6.09688e-07
9.51327e-07 2.14085e-08
1.35526e-06 -5.45242e-07
1.22636e-06 -6.10679e-07
-1.20205e-06 3.83847e-07
-1.00054e-06 -5.77764e-07
-1.45584e-06 -3.40961e-07
-1.27671e-06 4.08639e-07
6.64999e-07 6.29843e-07
-2.7342e-08 5.08127e-07
-9.69652e-07 -9.71047e-08
-1.37424e-06 -6.23471e-07
1.25109e-08 -3.44795e-07
6.5284e-07 4.82091e-07
3.42272e-07 1.56366e-07
-1.78951e-06 4.88822e-08
-1.04371e-06 6.0142e-07
-1.62521e-06 -4.79003e-07
1.65991e-06 -6.94694e-07
-5.02488e-07 3.27099e-07
-1.32256e-06 -6.58899e-07
-6.37817e-07 1.63719e-07
-1.60969e-06 2.04533e-07
-1.04343e-06 -6.56314e-07
-3.09612e-07 3.86069e-08
1.49243e-07 3.04576e-08
-1.6669e-06 -2.64483e-07
-1.7824e-06 1.73457e-08
9.95569e-07 -5.4705e-07
1.95369e-07 -4.88613e-07
-3.7258e-07 2.50588e-07
-3.4699e-07 5.72216e-07
-2.08312e-07 -5.1892e-07
-6.24609e-07 4.62579e-07
-1.8084e-06 -3.26535e-07
-3.45163e-07 -4.2165e-07
5.59966e-07 -5.09532e-07
-1.46701e-06 5.7035e-07
-3.78564e-07 -2.64605e-07
2.05767e-07 2.54194e-07
-1.1819e-06 -4.05848e-07
2.60057e-07 9.95296e-08
-1.58787e-06 -4.97039e-08
-5.82906e-07 -3.55685e-07
1.6148e-06 4.35987e-07
9.01286e-07 6.67607e-07
1.7189e-06 6.89902e-07
6.947e-08 -4.87637e-07
3.83871e-07 -4.23741e-08
7.16133e-07 -1.04387e-07
1.16893e-06 4.20101e-07
9.02076e-07 -2.36845e-07
-1.20571e-06 4.02162e-07
-1.63761e-06 4.30978e-07
9.02087e-07 -1.32932e-07
9.19142e-07 -2.338e-07
-1.80834e-06 6.36876e-07
-7.65906e-07 1.53126e-07
5.5929e-08 -3.7719e-07
-1.28779e-06 5.21523e-07
1.27124e-06 -5.4442e-08
3.6709e-07 -7.3194e-08
6.30536e-07 1.90412e-07
1.21787e-06 2.00904e-07
-1.65062e-06 3.02561e-07
-1.192e-06 4.41994e-07
-6.92336e-07 -3.31947e-07
-1.1738e-06 2.1184e-07
-1.66867e-06 9.17283e-08
-4.4553e-07 5.62344e-07
-1.04881e-06 1.92252e-07
6.66703e-08 -6.62569e-07
-1.08362e-06 1.89194e-07
1.75578e-06 3.68219e-07
-5.83501e-07 -1.58953e-07
-1.36253e-06 1.66898e-07
1.52737e-06 1.25513e-07
-9.93538e-07 5.43688e-07
1.02751e-06 -6.64101e-08
9.96224e-07 -6.84046e-07
-1.31737e-06 -6.3161e-08
1.62342e-06 -1.0706e-07
3.77231e-07 3.46877e-07
5.41627e-07 1.93456e-07
5.44815e-07 5.70693e-07
-1.06604e-06 -2.00586e-07
-3.36745e-07 5.35987e-07
-1.49708e-06 1.42865e-07
-1.20958e-06 6.36518e-07
-4.53713e-08 -5.15466e-07
1.7034e-06 -5.94596e-07
-1.6795e-06 2.49273e-07
-1.62313e-06 -4.40048e-07
-1.65767e-06 -6.44955e-07
-7.53047e-07 3.03961e-07
-1.08613e-06 -5.41549e-07
-1.16816e-06 -2.34244e-07
-1.39263e-07 -2.09581e-07
1.80282e-06 6.94133e-07
1.79487e-06 -4.91638e-07
4.24896e-07 3.2667e-07
9.19051e-07 3.3625e-07
-1.75523e-06 6.52957e-07
1.7951e-06 2.82051e-07
-5.74004e-07 -2.72763e-07
6.73222e-07 3.0079e-07
3.70586e-08 2.35386e-07
-1.78958e-06 3.99756e-07
-6.46509e-07 -5.37028e-07
-1.60238e-06 1.35603e-07
6.04661e-07 9.40718e-09
9.43959e-07 -4.18187e-07
-3.31175e-07 6.24746e-07
1.17942e-06 -2.73934e-07
5.42838e-07 -2.81033e-07
9.33928e-07 4.14013e-07
1.68338e-06 -2.31393e-07
-1.21128e-06 -1.66964e-07
-3.11975e-07 4.14841e-07
1.39503e-06 -5.25359e-07
1.57398e-06 6.4397e-07
1.77314e-06 4.30956e-07
9.69501e-07 -6.80179e-07
-1.13061e-06 1.30197e-07
1.63908e-06 3.53279e-07
8.75337e-07 -5.5919e-07
-7.92628e-07 6.75623e-07
-1.73885e-06 5.32617e-07
-5.58498e-07 5.80553e-07
-3.00381e-08 -9.06906e-08
-1.39222e-06 -4.54229e-07
-1.18322e-06 -5.49315e-07
7.67022e-07 6.00936e-07
-1.72672e-06 2.25348e-07
-5.80797e-07 -5.33577e-07
1.39537e-06 -4.73562e-07
1.30141e-06 -3.41145e-07
1.05622e-06 2.99766e-07
1.50387e-07 -2.10374e-07
-1.87934e-07 -5.87805e-07
1.37421e-06 -5.6143e-07
8.1694e-07 -3.18415e-07
-4.95759e-08 -7.31355e-08
-1.79789e-06 4.74172e-07
6.06213e-07 -3.86107e-08
-1.75424e-06 -3.36881e-07
-1.47831e-06 9.47273e-08
-1.04928e-06 -3.40039e-07
-1.3522e-07 -3.98221e-08
1.01566e-06 6.14989e-07
1.20551e-06 2.28431e-07
-8.12143e-07 -5.87593e-09
5.11726e-08 2.04082e-07
9.15482e-07 4.43107e-07
-8.68575e-07 4.17948e-07
2.9762e-07 2.11552e-08
1.61442e-06 6.0607e-07
4.34682e-07 6.15115e-08
8.67751e-07 -1.58841e-07
5.12854e-07 2.65272e-07
1.22148e-06 -4.45754e-07
-6.83082e-07 -3.18327e-07
-1.01779e-06 -5.3505e-07
3.94297e-07 -4.96818e-08
-8.90973e-07 -4.76793e-07
4.88315e-07 -4.80774e-07
5.66943e-07 -6.69672e-07
-4.63068e-07 1.40206e-07
-1.16384e-07 -4.50424e-07
1.06721e-06 2.37998e-07
-7.57571e-07 1.10892e-07
-1.65557e-06 1.99704e-08
-1.74006e-06 -6.78961e-07
1.47543e-06 3.09027e-08
1.00539e-06 3.39152e-07
1.02772e-06 3.96986e-08
1.42842e-06 -5.13975e-07
-1.14108e-06 6.13903e-07
9.14725e-07 -4.92555e-08
1.43707e-06 -6.2908e-07
-1.08845e-06 -3.779e-07
-1.45607e-06 2.79569e-07
-2.66514e-07 1.64454e-07
3.58557e-07 6.28143e-08
1.52073e-07 6.91127e-07
-8.68569e-08 -5.43272e-07
4.34872e-08 1.70253e-07
-7.94978e-07 1.597e-07
8.39535e-07 -6.22534e-08
8.1235e-07 -5.60835e-07
-1.4078e-06 3.61997e-07
6.88561e-07 2.22695e-07
1.51425e-06 -4.75808e-07
5.02838e-08 3.78334e-07
-1.88734e-07 1.27183e-07
1.66987e-06 -1.62193e-07
-1.11358e-06 6.2345e-07
1.01782e-06 6.38131e-07
9.25906e-07 4.29075e-07
3.60132e-07 5.33202e-07
-8.04209e-07 -2.43535e-07
3.56749e-07 2.88463e-07
-9.4369e-07 -3.323e-07
7.56174e-07 6.13647e-07
-3.84715e-07 -3.06594e-07
1.50613e-06 1.65506e-07
-1.17941e-06 -4.23367e-07
9.5665e-07 3.46051e-07
9.84614e-07 -6.20886e-08
1.55771e-06 -2.01206e-07
5.69186e-07 -2.05838e-07
1.39967e-06 2.88887e-07
1.78825e-06 -1.85362e-07
-5.18182e-07 -6.51926e-07
6.60934e-07 2.49719e-07
-1.14609e-06 -1.1578e-08
-8.49692e-07 2.59391e-07
1.33381e-06 4.07948e-07
1.19454e-06 3.14226e-07
-2.06942e-07 5.9466e-07
1.0066e-06 -4.4025e-07
1.01437e-06 5.4395e-07
-7.16842e-08 3.81726e-07
-1.32915e-07 2.14699e-07
1.35043e-06 5.10122e-08
7.98341e-07 -1.57817e-07
1.41698e-06 -6.16259e-07
-1.02967e-06 2.94122e-07
-6.86433e-07 3.02369e-08
1.58163e-07 6.51098e-07
3.10253e-08 2.01026e-07
1.44562e-06 -4.65544e-07
1.80946e-06 -3.20321e-07
-5.02248e-07 -6.0619e-07
1.06371e-06 -1.58946e-08
1.15133e-06 1.23322e-08
1.30263e-06 -4.8968e-07
6.55964e-07 -5.42481e-07
-1.28962e-06 3.14398e-07
1.25215e-06 3.88249e-07
-1.31373e-06 1.46328e-07
-1.55556e-06 -1.90943e-07
1.10992e-07 -2.05609e-07
1.77721e-07 6.80013e-07
-1.72663e-06 4.78767e-07
-1.97239e-07 -3.64738e-08
6.71856e-07 6.20014e-07
5.04972e-07 6.04989e-07
3.75932e-07 1.8101e-07
2.70513e-07 4.92301e-07
7.87294e-07 -5.35608e-07
1.71272e-06 2.31719e-07
-9.60051e-08 -4.10039e-07
-5.79571e-07 -4.41273e-07
1.63787e-06 4.02553e-07
3.01518e-07 3.37715e-07
-1.76903e-06 -1.06589e-07
-1.38992e-06 -2.52887e-07
-4.73098e-07 4.39091e-07
-1.74874e-06 -6.535e-07
-9.22307e-07 2.72502e-07
-5.10796e-07 3.24257e-07
-3.82177e-07 -1.16669e-07
-1.71909e-06 2.66769e-07
-9.6421e-07 -6.1835e-07
1.49729e-06 3.90142e-07
8.04331e-07 2.8612e-07
-1.10161e-06 -6.02603e-07
1.05233e-06 -3.11474e-07
1.39605e-06 3.9244e-09
-1.3895e-07 5.72998e-07
-1.64993e-06 6.62461e-07
6.65271e-07 2.93625e-07
4.06763e-07 -3.2209e-07
3.7588e-07 -1.12211e-07
8.71808e-07 -8.36473e-09
1.5495e-06 1.24822e-07
-3.58512e-07 1.9032e-08
6.83356e-07 -1.4611e-07
-4.04921e-07 5.35311e-07
-5.57383e-07 6.49407e-07
8.10096e-07 -2.17697e-07
9.87055e-07 4.90456e-07
1.19178e-06 -4.82395e-07
-1.41481e-06 -4.63214e-07
-1.49306e-06 1.86196e-07
3.49195e-07 6.16296e-07
-1.11553e-06 -3.03776e-07
-1.5698e-06 -6.15816e-07
1.20138e-06 6.44116e-07
1.11435e-06 -9.46932e-08
1.09203e-06 3.38978e-07
7.33803e-07 3.5142e-07
7.73226e-07 5.06114e-07
-3.12344e-08 -4.2181e-07
2.20025e-07 5.30233e-07
-1.12011e-06 -2.5743e-07
1.24324e-06 4.23848e-07
-1.41772e-06 -2.37944e-07
-3.01964e-07 2.05928e-07
1.24282e-06 -3.26514e-07
-1.55245e-06 6.81969e-07
1.28254e-06 -3.52203e-07
1.31662e-06 -4.75103e-07
-1.65385e-06 2.29673e-07
-1.79223e-06 1.74558e-07
-1.79576e-06 -5.34982e-07
-9.38784e-07 6.3012e-07
-4.1796e-07 -2.67736e-07
-3.64864e-08 -8.42985e-08
-3.43125e-07 1.36708e-07
1.23133e-06 -2.30507e-07
1.04155e-06 -1.83424e-07
-1.47308e-06 2.36992e-07
1.04549e-06 7.88328e-08
1.41246e-06 2.41686e-07
1.32456e-06 3.91407e-07
1.40369e-06 3.08989e-07
8.07899e-08 -3.57003e-07
1.56078e-06 -6.4616e-07
-1.09743e-06 -5.97916e-07
-1.63203e-06 4.12374e-07
-1.09456e-06 -4.45894e-07
-2.48537e-07 5.09238e-07
-9.06075e-07 -4.8155e-07
-1.52141e-06 6.75156e-07
1.00833e-06 5.57162e-08
1.71902e-06 5.1863e-07
-1.21282e-06 -3.55546e-07
7.68752e-07 1.12597e-07
2.66535e-07 5.80285e-07
5.59578e-07 3.91988e-08
-8.33739e-07 1.74802e-07
-7.75414e-07 -2.64092e-07
8.26506e-07 -5.44777e-07
9.67323e-07 -4.85285e-07
-1.36816e-07 -4.46656e-07
1.76098e-06 -3.40274e-07
-4.36272e-07 -5.47479e-07
1.47024e-06 3.08608e-07
1.79515e-06 9.9456e-08
1.00724e-06 3.02183e-07
3.4509e-07 2.35326e-07
1.72693e-06 -3.37875e-07
-1.59619e-06 5.32126e-07
1.03279e-06 4.40629e-07
4.40855e-07 -6.705e-07
2.93748e-07 -1.6151e-07
-1.53787e-06 -3.49676e-07
1.13613e-06 -3.62354e-07
1.52916e-07 3.05148e-07
9.91346e-07 -3.29903e-07
5.54239e-07 -5.62906e-07
-1.71392e-06 -3.76549e-07
1.42256e-06 6.45816e-07
2.45194e-07 -4.24846e-07
-1.11817e-06 6.94617e-07
1.09655e-06 5.1165e-07
-8.67412e-07 1.72919e-07
-1.01042e-06 -5.16173e-07
1.40229e-06 4.53044e-07
1.50342e-06 -5.37551e-07
-1.72587e-06 -3.90454e-07
1.21602e-06 5.11189e-07
6.14171e-07 6.57978e-07
1.22984e-07 2.15879e-07
-1.73392e-06 -2.49663e-07
-1.43993e-06 6.70829e-07
8.69292e-07 2.93789e-07
1.67514e-06 1.18887e-07
-3.19103e-08 -2.35176e-07
8.83076e-07 -4.8749e-07
1.73524e-06 4.69873e-07
8.34393e-07 -3.82668e-08
1.55711e-07 -5.97082e-07
-4.09153e-07 -6.85542e-08
3.99037e-07 -2.94309e-07
-2.91214e-07 4.55945e-07
1.74719e-06 6.40691e-07
-1.81056e-06 -1.61257e-07
-1.58435e-06 -5.18193e-07
-5.73255e-07 -1.32489e-07
-3.13472e-07 1.60415e-07
2.95309e-07 -3.85833e-07
-2.11898e-08 -4.46681e-07
1.74017e-06 -4.96031e-07
-1.1763e-06 -3.41187e-07
1.78462e-06 -8.21828e-08
5.22665e-07 -5.38448e-07
-1.71715e-06 1.17597e-07
4.00052e-07 6.43371e-07
6.49339e-07 -2.03111e-07
3.98803e-07 6.22172e-07
1.55457e-06 1.24575e-07
1.1726e-06 1.72219e-07
7.5635e-08 1.08154e-07
-1.6426e-06 -2.02177e-07
-1.45305e-07 -5.99549e-07
7.17129e-07 1.31785e-07
-1.57805e-07 -6.59564e-07
3.104e-07 -2.8881e-07
-1.01509e-06 -2.91602e-07
-1.50035e-06 2.84058e-07
6.82155e-07 6.50542e-08
5.96283e-07 -3.4955e-08
-5.62292e-07 4.04164e-07
-4.02952e-08 1.18772e-07
-1.15017e-08 5.17443e-07
-1.19063e-07 -4.02199e-07
-1.43385e-06 3.39414e-08
-1.05767e-06 3.70796e-07
5.38795e-07 4.85209e-07
8.88618e-07 3.30225e-07
-3.63762e-07 -6.19457e-07
-4.5354e-07 -1.01319e-08
-4.72388e-07 1.59939e-07
-4.22201e-07 -5.68121e-07
1.56376e-06 -1.51292e-07
3.66891e-07 4.60614e-07
-1.50936e-07 -3.38048e-07
1.18315e-06 4.28989e-07
1.71909e-06 -1.91914e-07
-1.61521e-06 6.21006e-07
-1.12322e-06 -3.29016e-07
1.71823e-06 3.33294e-07
1.22472e-07 -5.11846e-07
2.69534e-07 3.64556e-07
3.5647e-07 8.67759e-08
-8.0669e-07 -3.85713e-07
-1.01293e-06 4.08091e-07
1.24493e-06 -5.33531e-07
5.52663e-07 2.17169e-07
-4.25215e-07 5.80016e-07
1.12684e-06 2.08543e-07
-5.17162e-07 -5.37075e-07
-1.59555e-06 -3.37608e-07
-7.50726e-07 1.83043e-07
9.20157e-08 4.0201e-08
6.93738e-07 3.66193e-07
-7.17067e-08 1.37303e-07
1.11788e-06 6.39529e-07
1.33814e-07 -2.90405e-07
-2.31964e-07 -4.57702e-07
1.04393e-06 4.99901e-07
4.45914e-07 1.35609e-07
5.66778e-07 4.79606e-07
2.11042e-07 -4.49503e-07
1.06808e-06 5.21183e-07
-1.49575e-06 1.83817e-07
9.73115e-07 6.51927e-07
1.07555e-06 1.35181e-07
-1.91129e-07 3.96768e-07
-1.16732e-07 -6.0423e-08
-1.73103e-07 2.98678e-07
-1.29804e-06 8.47657e-08
-1.55864e-06 -7.59356e-08
-1.53183e-06 3.53078e-08
-1.52567e-06 -1.03747e-07
7.49326e-07 -4.16131e-08
-1.05912e-06 4.1288e-07
2.04315e-07 5.64251e-07
8.34327e-07 -3.43887e-07
-6.28327e-07 -4.38094e-07
1.13918e-06 2.93574e-07
-1.27538e-06 2.1315e-07
-9.86205e-07 4.12314e-07
1.22991e-06 -4.74059e-07
3.82448e-07 -5.08963e-07
1.04745e-06 1.82786e-07
2.08421e-07 -1.9342e-08
-8.46613e-07 5.00062e-07
1.81393e-06 1.26978e-08
-1.34804e-06 1.13507e-07
1.34269e-06 5.15594e-07
1.25887e-08 4.89837e-07
1.28374e-07 6.49288e-07
-1.37575e-06 -1.11501e-07
3.66225e-08 2.00695e-07
-2.31244e-07 -1.28618e-07
3.64386e-07 -1.72281e-07
-1.77756e-06 3.57251e-08
7.99401e-07 -5.4851e-07
9.47167e-07 3.97433e-08
1.2061e-06 -3.70512e-07
-7.69476e-07 -2.90806e-09
-1.05881e-07 9.8699e-08
-9.39501e-07 -5.87276e-07
-1.57162e-06 -4.0007e-07
3.71264e-10 -1.91834e-07
1.74448e-06 5.85847e-07
-6.69896e-07 -2.93857e-07
1.76969e-06 -1.11623e-08
-2.35155e-07 1.66161e-07
4.99585e-07 -3.40601e-07
-3.7412e-07 -5.77364e-08
-2.09735e-07 -6.63083e-07
-1.00143e-06 4.06109e-07
-6.36992e-08 2.2014e-07
-3.63901e-07 -3.77526e-07
6.78914e-08 2.32029e-08
-9.14542e-07 4.94159e-07
-5.03238e-07 6.08767e-07
1.2023e-06 -3.5051e-08
1.49705e-06 3.10854e-07
-1.71878e-06 3.9701e-07
1.74293e-06 4.76642e-07
-4.86172e-07 3.43481e-09
4.75639e-08 -2.91186e-07
-1.1423e-07 -4.37751e-07
-7.60844e-07 1.21708e-08
7.56232e-07 -7.14848e-08
-9.00313e-07 2.38755e-07
9.91304e-08 3.34738e-07
1.05049e-06 -1.3233e-07
1.90709e-07 2.06391e-07
3.71976e-07 -5.24768e-07
9.13611e-07 3.54446e-08
-1.66774e-07 9.22272e-08
7.90127e-07 2.51453e-07
-1.46989e-06 1.33984e-07
-2.70301e-07 5.43704e-08
4.68114e-07 -1.91975e-07
-1.67831e-06 4.0564e-07
-1.04726e-06 -1.76102e-07
1.55638e-06 -6.45984e-07
1.73215e-06 5.61484e-07
1.74853e-06 -2.73143e-07
1.33423e-06 -2.97032e-07
3.81043e-07 -7.87072e-08
-1.99458e-08 5.64674e-07
3.26259e-07 4.52985e-07
1.1825e-06 3.21992e-07
-1.50144e-06 -9.54818e-08
1.29064e-06 4.66129e-07
-6.99744e-07 -2.81863e-07
-1.42284e-07 -5.799e-07
-9.67943e-07 -6.55364e-07
-8.27688e-07 1.21082e-07
-1.79107e-06 6.5093e-07
1.15509e-06 6.68688e-07
-4.86928e-08 6.55309e-07
-9.26653e-07 -2.44689e-08
1.64534e-06 -1.22909e-07
9.99032e-07 6.15976e-07
8.76492e-07 -3.67796e-08
-2.34271e-07 3.40255e-07
9.43692e-07 5.88226e-07
1.1759e-06 3.51163e-07
1.55619e-06 -3.47861e-07
-1.77911e-06 -5.79381e-07
-1.37296e-06 3.05974e-07
-9.08797e-07 2.88055e-07
-1.49712e-06 -4.22968e-07
-9.14067e-07 -5.87869e-07
-2.31307e-07 3.75562e-08
1.30963e-06 6.17223e-08
1.52427e-06 -9.85505e-08
-5.53005e-07 -6.75475e-07
7.298e-07 -4.3295e-08
1.49039e-06 6.50082e-07
9.63641e-07 4.74388e-07
-1.06702e-06 2.92992e-07
-1.81481e-06 5.25751e-07
1.1949e-06 -1.68635e-07
-3.38757e-08 -4.14057e-07
1.10449e-08 2.06001e-07
-2.04169e-07 6.54014e-07
-1.55175e-06 4.47071e-07
1.19037e-06 -5.46394e-07
-1.49826e-06 -2.78394e-07
-3.0018e-07 3.23813e-07
1.655e-06 -3.88152e-07
1.08474e-07 4.82411e-07
-2.41957e-07 3.43705e-07
8.15119e-07 5.69984e-07
1.41564e-06 5.74611e-07
3.08493e-07 1.85187e-07
-6.61357e-07 -3.70461e-07
-6.36193e-07 -2.40558e-07
1.65551e-06 2.01139e-07
-1.15783e-06 -1.03026e-07
-1.27338e-06 6.77199e-07
1.48118e-07 5.52046e-07
-2.87406e-07 -2.22127e-08
1.78016e-06 -4.33296e-07
-1.70539e-06 -4.55944e-07
-6.85811e-07 1.00841e-07
-1.56733e-06 -8.59857e-08
-1.51004e-06 -4.13e-08
-2.52312e-08 -3.62464e-07
3.13678e-07 -5.53885e-07
-1.68284e-06 2.57437e-07
1.26785e-06 -5.55797e-07
1.18684e-06 1.35716e-07
-7.48767e-07 -4.64849e-07
-7.26453e-08 4.29889e-07
-1.72292e-06 5.09628e-07
-6.6932e-07 -4.97108e-07
-8.80738e-07 -1.77164e-07
-2.25068e-07 -3.74805e-07
6.32709e-07 -1.50606e-07
-1.25215e-06 8.69013e-08
5.50664e-07 1.64966e-07
1.83725e-07 -5.06085e-07
-7.48102e-07 -2.42233e-08
1.52422e-06 6.34676e-07
2.1708e-07 -5.10001e-07
-1.48518e-06 4.54247e-07
-2.93011e-07 -8.54214e-08
-7.11069e-07 6.07606e-07
1.03932e-08 -2.37513e-07
-3.74545e-07 -4.424e-07
-1.7743e-06 6.1075e-07
4.17373e-07 -1.19981e-07
-1.08991e-06 -8.51714e-08
-1.29968e-06 -1.90224e-07
3.38977e-07 -4.55243e-07
5.40177e-07 4.25732e-07
1.82027e-07 4.20769e-07
-7.56964e-07 -7.47196e-08
1.28221e-06 2.20764e-07
-8.12692e-08 -2.90254e-07
-7.85631e-07 4.66944e-07
4.68892e-07 6.43467e-07
2.2447e-07 6.4808e-07
7.95175e-07 -2.87427e-08
-1.50077e-06 2.3939e-08
-1.22537e-06 -3.37776e-07
-1.82387e-07 5.16161e-07
-9.33118e-07 4.24303e-07
1.19323e-06 -3.59208e-07
-1.79136e-07 -5.69458e-07
8.30943e-07 -3.67862e-07
1.44902e-06 8.16632e-08
7.18016e-07 -1.01985e-07
6.38519e-07 2.13787e-07
-6.1723e-07 6.95795e-07
1.71854e-06 -2.57477e-08
3.74448e-08 1.90133e-07
-2.07511e-07 -6.77195e-07
-1.19936e-06 6.58107e-07
1.22689e-06 1.86066e-07
1.12776e-06 1.84641e-07
9.03176e-07 -2.66029e-07
-5.1216e-07 6.17859e-08
9.01492e-07 -4.82876e-07
2.24306e-07 9.90858e-09
-8.53831e-08 6.94067e-07
1.69388e-06 -5.0696e-07
1.61948e-06 -7.20525e-08
-1.48842e-06 5.52485e-07
-1.31141e-06 -3.48893e-07
1.222e-06 -8.2289e-08
-9.74586e-07 -4.67221e-08
8.52676e-07 3.87848e-07
1.36441e-06 -4.96121e-08
-4.26508e-07 -1.47969e-07
1.77919e-06 -1.20171e-07
1.58452e-07 1.82281e-07
-1.71999e-06 -1.48316e-07
-9.00762e-07 5.31955e-07
-2.59106e-07 8.10348e-08
-1.34442e-06 -2.41317e-07
-9.59433e-08 4.25357e-07
9.1271e-07 7.85969e-08
4.12019e-07 2.04462e-08
-1.6364e-07 -6.62493e-07
-1.3206e-06 5.63428e-07
7.29148e-07 -3.80637e-07
-9.25229e-07 5.1231e-07
3.33242e-07 -6.56073e-08
1.65904e-06 3.41092e-07
3.97288e-07 2.73739e-07
2.19072e-07 4.27877e-07
-1.32381e-07 -6.34633e-07
-7.19271e-07 5.85284e-07
-1.01148e-06 -5.57869e-08
3.37835e-07 5.34048e-07
3.0649e-07 5.31142e-07
1.18184e-06 2.22202e-07
-7.41746e-07 -5.78448e-07
-7.3015e-07 1.54891e-07
-8.48289e-07 6.82186e-07
-6.11978e-07 1.64214e-07
1.09696e-06 -3.60587e-07
-6.07297e-07 1.19932e-07
2.45609e-07 -6.85483e-07
-1.61975e-07 -3.09678e-07
5.48678e-07 1.51878e-08
8.58414e-07 -5.9176e-07
-6.7486e-07 -3.10506e-07
-1.65094e-06 9.97293e-08
1.70629e-06 -5.51581e-07
-1.79476e-06 5.52818e-07
8.36844e-07 4.16239e-08
-1.0206e-06 -6.50798e-08
1.78155e-06 1.53985e-08
7.5697e-08 4.39431e-07
-1.58478e-06 5.76137e-07
-7.47728e-07 2.23832e-07
1.49028e-06 -6.30203e-07
-2.23946e-08 -5.9235e-07
7.38076e-07 6.06826e-07
7.00296e-07 3.0761e-07
1.61887e-06 -6.16522e-07
-1.81427e-06 1.47084e-07
1.02532e-06 5.54712e-07
1.22236e-06 3.48945e-08
1.66593e-06 -5.84895e-07
-8.80661e-08 1.40448e-07
1.27055e-06 -3.11461e-07
-1.23493e-06 -4.75634e-07
-9.20188e-07 -7.94329e-09
-1.30339e-06 -3.38911e-07
9.30589e-07 -3.68928e-07
1.00788e-06 1.91995e-08
7.39771e-07 1.14055e-07
1.34062e-06 -1.01588e-07
-3.221e-07 -5.64049e-07
-5.86376e-07 -3.11101e-07
-6.39601e-07 5.16803e-07
-3.96696e-07 -6.95984e-07
-2.87156e-07 -5.51686e-07
-5.68618e-08 1.12416e-07
-9.91806e-07 6.27474e-07
1.07254e-07 5.55302e-07
-1.26178e-06 5.57268e-07
-1.7456e-06 1.13926e-07
-1.2825e-06 -2.32503e-07
-1.60611e-06 -6.24739e-07
1.62369e-07 6.94951e-07
5.97971e-07 2.59738e-07
-6.59447e-07 -2.35816e-07
1.08042e-06 3.91568e-07
-4.76735e-07 -2.28967e-07
-1.08719e-06 1.41615e-07
7.86305e-07 -1.55369e-07
-1.42393e-06 2.62754e-07
1.5074e-06 1.30885e-07
1.46454e-06 6.60467e-07
5.79435e-08 -4.84135e-07
5.23478e-08 2.66222e-07
-5.67475e-08 1.78517e-07
1.86634e-07 6.86344e-07
1.01361e-06 3.57835e-07
1.01286e-06 9.81601e-08
-5.87433e-07 6.29192e-07
-9.36664e-07 -4.85405e-07
-1.8842e-07 6.71885e-07
5.36742e-07 -2.2357e-07
4.51108e-07 4.65839e-07
-1.17732e-06 -4.24088e-07
2.9977e-07 -4.2039e-07
-1.3727e-06 -6.79333e-07
-4.21947e-07 -4.26792e-07
-8.39928e-07 3.06093e-07
1.50528e-06 -5.28237e-07
-8.49288e-07 -2.47614e-07
-8.08528e-08 -3.52831e-07
9.26796e-07 6.25821e-07
2.0802e-07 -6.10136e-07
-2.27821e-08 6.62551e-07
6.46172e-08 6.76688e-08
2.75827e-07 -4.25544e-08
1.5048e-07 -6.24955e-07
1.28823e-06 -6.78311e-07
5.58064e-07 4.60099e-07
1.62029e-06 6.89822e-07
-1.79749e-06 8.45178e-09
5.47715e-07 1.19899e-07
-1.50066e-06 1.03492e-07
1.63368e-06 -1.34915e-07
1.26985e-06 5.21331e-07
-1.02588e-06 -6.35552e-07
-4.63053e-07 5.13906e-07
-1.10006e-06 6.858e-08
8.98839e-07 -5.63989e-07
-7.32503e-07 3.01225e-07
-5.43145e-07 -6.9643e-07
-2.05106e-07 -2.13338e-07
-9.89019e-07 6.58499e-07
1.35838e-06 6.15734e-07
1.59557e-06 -5.0237e-07
1.8111e-06 -6.91843e-08
-9.26364e-07 2.2332e-07
-2.90487e-07 -4.15568e-07
-1.80004e-06 -5.14241e-07
-5.69424e-07 4.28989e-07
-1.72343e-06 5.21216e-08
-5.72897e-07 1.37934e-07
1.06709e-07 4.87044e-07
1.86449e-07 2.28437e-07
5.97993e-07 4.74301e-07
-3.65099e-07 2.65449e-07
1.56759e-06 2.18032e-07
-8.78338e-07 1.53708e-07
7.13043e-07 1.36061e-07
1.00137e-06 -3.31655e-07
-1.74569e-06 -4.71888e-07
-2.83881e-07 5.34027e-07
-5.98403e-07 -2.85423e-07
3.11794e-07 6.99134e-07
-1.26851e-06 3.99217e-07
7.52602e-07 -5.39858e-07
-8.7039e-07 -2.10041e-07
2.26297e-07 1.85215e-07
-3.86709e-07 -6.09938e-07
-1.73417e-06 -4.69845e-07
-1.30252e-07 -3.03597e-07
1.49516e-06 -6.3102e-07
1.80213e-06 -6.1948e-07
9.87689e-07 -5.86572e-07
-7.99261e-07 -3.07361e-07
1.34853e-06 1.52886e-07
-1.76457e-06 -2.84806e-07
-1.31796e-06 -2.18947e-07
1.44894e-06 -1.78143e-07
-1.54101e-06 -6.32637e-07
1.25386e-06 6.5174e-07
-1.26292e-06 -1.87733e-07
-1.64343e-06 4.87615e-07
-1.76879e-06 4.07943e-07
1.55408e-06 -6.89113e-08
-1.6525e-06 3.38032e-07
-1.46624e-06 5.15019e-07
-3.22649e-07 2.42844e-08
-8.15844e-07 -1.87148e-08
1.04735e-06 -2.21541e-07
1.38505e-06 6.73737e-07
-1.7777e-08 -8.0355e-08
1.50352e-06 -5.30462e-07
-3.41459e-07 -4.67585e-07
-4.76486e-07 6.62123e-07
-1.08363e-06 -4.96075e-07
1.49767e-06 -3.52056e-07
7.91983e-07 -1.33775e-07
1.51588e-06 1.82342e-07
-2.76556e-07 5.46112e-07
4.48166e-07 -2.07981e-07
3.76591e-07 4.14967e-07
1.21237e-06 -4.99215e-07
-7.36309e-07 2.41703e-07
6.04365e-07 4.96915e-07
