-1.46445e-07 -1.50617e-07
1.00385e-08 3.42373e-07
1.31695e-06 -1.59082e-07
-1.35424e-06 -8.53842e-08
1.17399e-06 -3.11448e-07
-4.58676e-07 4.48512e-07
-4.7019e-07 -3.24335e-07
-1.40625e-07 7.69008e-08
4.12077e-07 1.19353e-07
-1.42521e-06 2.31293e-07
4.09213e-07 -5.20091e-07
3.75922e-08 -1.73593e-07
-2.06153e-07 -4.20413e-08
-9.6453e-07 5.70821e-08
-2.7952e-07 -4.21313e-09
2.2499e-07 6.19779e-07
-7.23585e-07 4.74249e-08
1.54952e-07 -2.77377e-07
6.53954e-07 -1.44142e-07
1.99421e-07 2.12043e-07
1.31266e-06 -4.63728e-08
-9.60017e-07 4.61788e-07
-3.37181e-08 6.13794e-08
2.66275e-07 2.30075e-07
2.68084e-07 3.62691e-07
1.09586e-06 -5.27093e-07
-1.1559e-06 3.14731e-07
-5.3219e-07 -1.86724e-07
1.09339e-06 3.53416e-07
2.36376e-07 -3.48622e-07
-1.25552e-06 1.62802e-07
2.0494e-07 2.07995e-07
3.89314e-07 2.45902e-07
1.36994e-07 5.38817e-07
-7.1633e-07 3.74254e-07
9.39286e-07 2.12316e-07
1.19473e-06 -5.712e-07
8.88363e-07 6.32265e-07
9.04972e-07 2.15669e-07
-1.44933e-07 -8.55591e-08
1.0776e-06 7.03924e-08
-1.06171e-06 7.14215e-08
1.32176e-06 -1.88546e-07
8.14486e-07 3.70312e-07
5.83466e-07 5.82386e-07
-3.07068e-07 4.29906e-07
-4.105e-07 -2.13956e-07
-4.13114e-07 3.09434e-07
-7.11886e-07 1.87894e-08
6.70993e-07 3.9667e-07
1.2374e-06 -3.39999e-07
2.0173e-08 2.03173e-07
1.21208e-06 -2.69697e-07
-1.10322e-06 2.39332e-07
6.49551e-07 4.5749e-07
1.34823e-06 7.60318e-08
1.06748e-06 -4.49278e-07
4.91136e-07 6.08197e-07
-8.05922e-07 -3.0783e-07
-1.12351e-07 -1.50109e-07
-7.05033e-07 5.63572e-07
-2.33286e-07 -5.19604e-07
6.49652e-07 -3.63343e-07
-5.98414e-07 3.63711e-07
4.08031e-07 6.71958e-08
-3.55283e-07 -3.59247e-07
-1.09561e-06 -6.58095e-07
6.05147e-07 4.01405e-07
-1.33874e-06 4.08175e-07
9.73326e-07 -5.3308e-07
-4.37228e-07 4.01178e-07
5.62007e-07 -6.48994e-07
-5.61726e-07 4.04046e-07
-9.72864e-07 4.85097e-07
3.23615e-07 -2.0593e-07
-8.99503e-07 -3.47424e-07
-2.75611e-07 3.63155e-07
1.73529e-08 -4.514e-07
-8.14463e-08 -2.04559e-07
4.70629e-07 -4.36216e-07
1.33776e-06 1.52151e-07
-5.53082e-07 -2.72096e-08
6.20518e-07 -6.88796e-07
-8.28509e-07 -3.47051e-08
5.76055e-07 -6.64825e-07
-1.31818e-06 2.83083e-07
7.94263e-07 -6.12602e-07
-5.17218e-07 3.90296e-07
1.16508e-06 -4.98645e-07
-3.24931e-07 5.23037e-07
6.85569e-07 -6.90436e-07
-4.48531e-07 4.74556e-07
-7.76309e-07 3.1687e-07
5.88431e-07 3.3574e-07
5.05017e-07 -5.7014e-08
1.22743e-06 2.20827e-07
1.00561e-06 -5.29774e-07
-6.53265e-07 -5.05549e-07
-8.73459e-07 -5.11769e-07
1.01716e-06 -3.67713e-07
-6.95897e-08 4.11234e-07
-2.33006e-07 -1.96999e-07
-2.46075e-07 -4.29852e-07
3.71931e-07 -2.48628e-07
1.40033e-06 6.40093e-07
7.49911e-07 -3.26169e-07
7.39147e-07 -5.89239e-07
-1.19292e-06 -4.92442e-07
-1.41672e-06 -1.02405e-07
1.85381e-07 -6.801e-07
-2.8669e-08 -1.92057e-07
1.379e-06 -6.44167e-07
5.85199e-07 1.91764e-08
-3.972e-07 -1.52925e-07
1.08464e-06 -4.30762e-07
1.54332e-07 -4.11223e-07
5.83279e-07 -6.29427e-07
4.18839e-07 3.56945e-07
1.42518e-06 -5.87683e-07
-1.33454e-06 5.39582e-07
-1.20481e-06 -4.50908e-07
6.68351e-07 -5.08967e-07
-5.45519e-07 6.69011e-07
-1.30935e-06 -1.66811e-07
-3.36948e-07 4.68809e-07
-7.22387e-07 -6.40723e-08
-6.24855e-07 4.60429e-07
-6.45793e-08 2.36315e-07
-7.25379e-07 -2.59314e-07
-1.91836e-07 4.80078e-07
1.39047e-08 2.31064e-07
3.12784e-07 -4.43651e-07
1.41677e-06 4.18488e-07
1.40627e-06 3.30646e-07
4.32632e-07 2.54931e-07
1.21161e-07 5.72527e-07
6.10115e-07 -4.90239e-07
-4.45846e-07 -4.06013e-07
7.36059e-07 1.78527e-07
-3.12736e-08 -7.73997e-08
-1.39039e-06 -4.07958e-08
-6.83119e-07 3.75011e-07
-4.97116e-07 -6.6817e-07
-3.3586e-07 5.23403e-07
3.73403e-07 -6.09579e-07
-1.04201e-06 3.92014e-08
7.11601e-07 5.39416e-07
-2.75704e-08 -1.24625e-07
-1.80693e-07 -6.28943e-09
6.54859e-07 -4.45673e-07
-1.01278e-06 3.87035e-07
4.58219e-07 5.52337e-08
-4.1251e-07 4.00468e-07
2.26797e-07 -4.43416e-07
-6.35759e-07 -3.16126e-07
-1.48414e-07 -5.04905e-07
-7.5898e-07 -4.55389e-07
-7.26988e-07 -6.29948e-07
9.48284e-07 -4.28887e-07
-4.9924e-07 -4.25782e-07
1.24616e-06 -1.36135e-07
-7.29887e-07 2.13075e-07
-5.62236e-07 6.23559e-07
-9.0837e-07 5.07289e-07
1.23491e-07 2.50037e-07
-9.39573e-07 -1.50023e-07
-5.99013e-07 2.48563e-07
-1.038e-06 6.77936e-07
1.07726e-06 -8.34655e-08
-4.8444e-08 -5.58471e-07
7.17812e-07 -2.10532e-08
1.54637e-07 6.51397e-07
-1.21402e-06 2.31913e-07
5.55165e-07 1.78294e-07
8.37337e-07 4.4746e-07
-1.38252e-06 4.53617e-07
-8.63075e-07 -3.00355e-07
1.38398e-06 -3.21722e-07
-8.80069e-07 -2.63145e-07
9.42543e-07 -4.00926e-07
-2.02725e-07 3.23818e-07
7.68662e-08 1.9922e-07
-3.56692e-07 5.4786e-10
-7.75792e-07 3.50386e-07
8.196e-07 -7.02632e-08
4.14701e-07 -6.11515e-08
-2.00698e-07 -2.0274e-07
1.02151e-06 6.95916e-07
3.04143e-07 4.6485e-07
-1.23589e-06 -6.74909e-07
3.87516e-07 -4.82405e-07
1.3972e-08 2.78663e-08
-1.00911e-06 -5.27853e-07
-8.91199e-07 -2.30905e-07
-8.82554e-07 3.16364e-07
1.22251e-06 -1.69902e-08
9.72656e-07 -4.69795e-07
9.7815e-07 -5.69592e-07
5.3093e-07 -1.50202e-07
2.91621e-07 5.81116e-07
-1.06822e-06 -4.95721e-07
-7.23752e-07 1.81498e-07
-4.46399e-07 -3.97561e-07
8.64119e-08 3.58848e-07
8.54019e-07 2.6831e-07
7.48648e-07 1.56851e-07
6.41782e-07 -5.18402e-07
7.14032e-07 -4.31716e-08
-4.84555e-07 3.50407e-07
8.15785e-08 4.38357e-07
1.64572e-07 2.02239e-07
-1.26649e-06 -3.55942e-07
-8.30168e-07 1.56508e-07
-8.52882e-09 3.28624e-07
1.18938e-06 -6.87842e-07
1.27213e-06 6.05295e-07
-1.06091e-06 -1.74579e-07
5.92326e-07 8.42923e-08
-5.3851e-07 5.08748e-07
-1.78522e-07 1.81418e-07
1.10988e-06 6.27984e-07
4.69845e-07 -3.5e-07
-1.21429e-06 -1.57103e-07
-3.33535e-07 3.1657e-07
-6.94877e-07 3.62493e-07
5.75774e-07 6.8433e-07
5.50189e-07 4.87626e-07
-1.40612e-06 -4.31295e-07
-3.28002e-07 6.16169e-07
4.75248e-07 -2.12912e-07
8.50427e-09 -5.93988e-07
4.69154e-07 -4.90647e-07
6.04967e-07 1.8769e-07
-8.7257e-07 -3.33066e-07
-4.87108e-07 -4.05544e-07
-5.34103e-07 -6.9615e-07
-2.27119e-07 4.49485e-07
-7.23067e-07 2.54278e-07
2.96367e-07 1.41433e-07
8.3676e-07 -1.11646e-07
1.17546e-06 -4.82628e-07
1.65571e-07 -5.83191e-07
-1.6641e-07 4.02994e-07
-5.05694e-07 5.83456e-07
1.33253e-06 3.46506e-07
7.24765e-07 -6.1989e-07
8.16037e-08 -3.81059e-07
1.44999e-06 5.75438e-07
-9.41462e-07 -6.29864e-07
7.50597e-09 6.65317e-08
1.01811e-06 4.72328e-07
-7.60149e-07 1.4289e-07
2.0825e-07 -5.69803e-07
-4.41841e-07 5.6603e-07
1.21969e-06 -4.81073e-07
-1.21648e-06 6.66805e-07
3.83457e-07 -5.01095e-08
7.4041e-07 -2.582e-07
-8.64339e-07 -3.90882e-09
-1.02847e-06 -1.02064e-07
-5.40555e-07 2.86105e-07
9.09189e-07 -2.2658e-07
-1.08091e-06 -1.93181e-07
-1.04629e-06 -1.32945e-07
-5.19032e-07 -6.89112e-07
-1.20582e-06 3.85373e-07
-4.33824e-07 4.33597e-07
1.01557e-06 1.31443e-07
-9.75228e-07 6.41239e-08
-7.22564e-07 -2.07503e-07
-4.85032e-07 -6.60552e-07
3.90849e-07 3.43185e-07
-7.00775e-07 3.5116e-08
-2.8537e-07 -5.06948e-08
6.15904e-07 2.52739e-07
-2.2038e-07 -6.09779e-07
-3.03782e-07 -2.83605e-08
9.05649e-07 4.43098e-07
-8.72046e-07 2.4761e-07
4.73779e-07 5.46783e-07
1.35094e-06 -1.2666e-07
6.26867e-07 -3.44068e-07
-2.76032e-07 -3.08556e-07
1.13771e-06 -2.1165e-07
8.70864e-07 2.94138e-07
-3.7297e-07 -3.10241e-07
-4.34791e-07 5.41703e-07
2.6746e-07 6.66723e-07
9.10772e-07 -2.57863e-07
1.0048e-06 2.72752e-07
-9.87188e-07 -6.73527e-07
-5.89468e-07 1.8224e-07
7.88826e-07 -6.59308e-07
5.41429e-07 -2.9818e-07
-5.36555e-07 3.16741e-07
-8.91211e-07 2.74043e-07
1.31477e-06 2.43122e-08
3.81281e-07 9.79081e-08
1.29366e-06 -3.93997e-07
7.31099e-08 3.95196e-07
-1.76051e-07 5.5259e-07
-1.3725e-06 6.4694e-07
-7.56078e-07 6.6446e-07
-2.70924e-07 5.22267e-07
1.09247e-07 -5.92322e-07
3.04793e-08 -4.48685e-07
8.27114e-08 -5.89387e-07
-1.27747e-06 4.87065e-07
-3.65907e-07 6.49803e-07
4.35579e-07 -5.02013e-07
-1.02706e-06 -2.25527e-07
8.1803e-07 5.81827e-07
5.57234e-07 6.12215e-07
8.10127e-07 2.54435e-07
2.8254e-08 -1.75419e-07
1.00579e-06 2.6854e-07
1.33901e-06 1.0336e-08
-1.28128e-07 5.5135e-07
-1.29759e-06 6.65501e-07
3.36029e-07 -3.95659e-07
-4.5799e-08 2.79324e-07
3.95852e-07 6.83636e-07
-2.591e-07 5.86579e-07
1.20557e-07 -1.17421e-07
-1.47549e-07 -2.378e-07
1.29217e-06 -1.74685e-07
-1.9067e-07 -6.31088e-07
3.89148e-08 2.43293e-07
1.29656e-06 -2.44847e-07
1.33736e-06 3.89398e-07
1.33171e-06 3.98954e-07
1.35936e-06 6.097e-07
1.86161e-07 -1.43538e-07
-9.86525e-07 -2.53097e-07
-4.79654e-07 -2.64074e-07
-7.38188e-07 2.50685e-07
-1.11878e-06 -3.52634e-07
8.70238e-07 2.26407e-07
1.12094e-06 8.76361e-08
-4.16151e-07 -1.62326e-07
-5.84008e-07 -2.53859e-07
-8.27884e-07 1.51632e-08
-1.20101e-06 -2.69907e-07
-2.06222e-07 -5.51277e-08
4.457e-07 -7.95816e-08
-1.7971e-07 -3.97236e-07
-1.0184e-06 -4.28602e-07
1.26138e-06 1.60147e-07
7.1577e-07 -3.57786e-07
-4.42564e-07 3.04893e-07
-5.34704e-08 -8.81022e-08
1.28286e-07 5.12562e-07
-1.57261e-07 -1.52716e-07
7.06774e-07 -6.73032e-07
1.09416e-06 5.47961e-07
1.19908e-06 -2.31454e-07
-1.32261e-06 -4.09777e-07
-5.79662e-07 -2.36071e-07
-8.98431e-07 6.29032e-07
5.86405e-07 3.66648e-08
-1.26986e-06 -2.17384e-07
2.96217e-07 4.46722e-07
-7.37635e-07 3.67165e-07
-1.32263e-06 -2.70299e-07
1.25916e-06 -1.43282e-07
5.87143e-07 -4.54048e-07
4.17479e-07 5.55357e-08
-1.65173e-07 -3.19653e-07
-2.22613e-07 3.28875e-09
-1.29184e-07 4.75575e-07
-2.94896e-07 4.81815e-07
-9.03123e-07 4.18227e-07
-4.17269e-07 -7.5497e-08
-1.08362e-06 -6.47792e-07
2.21696e-07 -4.08797e-07
5.43191e-07 -5.05984e-07
-1.13041e-06 -2.10429e-07
-6.30714e-07 2.42984e-07
-1.6895e-07 5.38197e-07
6.13517e-07 4.32399e-07
1.24622e-06 6.09377e-07
-5.26323e-07 -1.16635e-07
7.45586e-07 -6.87519e-07
2.49171e-08 -4.23703e-07
9.24505e-08 3.21427e-07
3.97187e-07 2.93545e-08
1.33662e-06 5.71969e-07
6.97687e-07 -3.23447e-08
8.07603e-07 -2.58112e-07
1.17489e-06 5.24133e-07
1.88426e-07 -2.50668e-07
1.80061e-07 3.84178e-07
1.36342e-06 -5.69028e-07
4.3609e-07 3.0186e-07
-1.07983e-06 1.13177e-09
2.24182e-07 -2.51869e-07
1.89818e-07 -4.79565e-07
3.82579e-07 -5.07636e-07
3.0469e-07 -2.7183e-07
-1.03492e-06 -3.0344e-07
3.96598e-07 6.03686e-07
2.57757e-07 -6.86048e-07
1.38258e-06 6.26292e-07
8.05855e-07 -1.53074e-07
-1.24574e-06 -6.09254e-07
-5.96366e-07 -2.54343e-07
-3.21615e-07 5.80046e-07
5.04491e-07 -2.58888e-07
5.57455e-07 -2.80105e-07
-8.10787e-07 -1.89775e-07
-3.12089e-07 2.70919e-08
-9.54414e-07 6.40377e-07
9.23658e-07 4.26847e-07
-1.12114e-06 -4.85899e-07
-9.40474e-07 1.52864e-07
-6.85578e-08 4.65521e-07
-1.01767e-06 -5.81643e-07
-6.8587e-07 -4.33438e-07
-4.21951e-07 -1.83501e-07
-1.16368e-06 2.81137e-07
-5.8794e-07 -1.73555e-07
-8.71451e-07 2.52184e-07
3.79744e-07 5.73914e-07
-1.47908e-07 -1.57833e-07
8.82889e-07 4.6192e-07
3.16833e-07 -4.37078e-07
7.83341e-07 3.49148e-07
4.16365e-07 -6.87415e-07
5.24084e-07 -4.69925e-07
-2.4908e-07 4.29298e-07
1.08393e-06 -6.18441e-07
-1.58834e-07 7.05081e-09
1.02531e-06 -2.10688e-07
4.00936e-08 5.3387e-08
6.15555e-07 2.16753e-07
5.23893e-07 -2.03641e-07
1.1648e-06 -1.69476e-07
-3.8016e-07 5.07613e-07
7.38743e-07 1.86028e-07
1.36658e-06 -8.85428e-08
-1.19451e-06 -5.23745e-07
-1.04376e-06 -2.63062e-07
-1.84878e-07 -1.05172e-07
-1.01882e-06 -6.07462e-07
-5.06636e-07 -2.91443e-07
-1.18389e-06 -3.09675e-07
1.30922e-06 -1.14974e-08
-6.93825e-07 -3.83676e-07
1.23552e-06 3.71199e-07
8.99554e-07 -4.84695e-07
-1.22393e-06 4.58318e-07
-9.96229e-07 -1.12368e-07
5.29551e-07 9.49176e-08
5.45705e-07 3.74793e-07
-9.1701e-08 -9.99062e-08
-6.5923e-07 2.96512e-08
1.02751e-07 1.21417e-07
3.54873e-07 -1.52752e-08
4.56293e-07 -1.10752e-07
-1.39619e-06 3.0501e-07
-1.41646e-06 6.5574e-07
-9.918e-08 -4.10115e-07
-6.63035e-07 3.73323e-07
5.89031e-07 -3.01509e-07
-7.11983e-08 1.57481e-07
-1.38297e-06 2.48604e-07
8.89923e-07 3.40935e-07
1.09435e-06 -2.06251e-07
6.71489e-07 -3.69182e-07
-4.65531e-07 6.04395e-07
2.56468e-08 4.80637e-07
1.20083e-06 1.01611e-07
-1.05807e-06 1.18326e-07
1.54764e-08 -5.89877e-07
-1.10086e-06 1.17493e-07
1.18371e-06 -5.73767e-07
-1.40683e-06 -2.1614e-07
1.06551e-06 2.87002e-08
4.01354e-07 -6.51728e-07
1.20743e-06 2.94584e-07
-2.47279e-07 6.43822e-07
9.76527e-08 9.97703e-08
3.88268e-07 4.62068e-07
-1.17523e-06 -5.64778e-07
-1.06513e-06 6.27684e-08
9.32374e-07 -4.33922e-07
1.04076e-06 3.16173e-07
-2.70881e-07 4.14639e-07
-1.24798e-06 5.88631e-07
1.01087e-06 -2.29369e-07
6.22309e-07 -3.55537e-07
4.44667e-07 -1.1597e-07
4.01004e-07 -9.21872e-08
-1.29746e-06 6.85183e-07
1.05537e-08 -5.78138e-07
-1.92576e-07 -5.14834e-07
1.37524e-06 2.44043e-07
5.23161e-07 -1.34746e-07
1.40037e-06 1.91809e-07
6.49287e-08 3.27928e-07
-1.3983e-06 4.65379e-07
1.32338e-06 -3.72803e-07
-4.53124e-07 -5.2237e-07
1.3218e-06 -6.65836e-07
8.65055e-08 -4.38744e-08
-8.31541e-07 4.42701e-07
3.53023e-07 5.14921e-07
-2.02519e-07 4.0118e-07
1.24898e-06 1.01749e-07
1.20441e-06 4.36505e-07
-7.68458e-07 -6.65421e-07
-1.17629e-06 -6.06076e-07
-8.12174e-07 3.30927e-07
-1.19343e-06 4.17727e-07
-1.80727e-07 -9.30026e-10
9.43442e-07 5.24791e-07
-1.17745e-06 -2.24432e-07
-5.13204e-07 -5.97542e-07
2.60377e-07 -1.40147e-07
3.25107e-07 -5.60573e-07
-4.97934e-07 -3.94551e-07
-9.1716e-07 4.38826e-08
2.38255e-07 -6.68631e-07
-4.96465e-07 -5.3635e-07
6.5339e-08 3.49588e-07
-1.10874e-06 2.13138e-07
-1.18801e-06 5.09472e-07
8.02329e-07 -3.90879e-07
-4.11823e-08 -4.19521e-07
6.519e-07 6.93395e-08
4.32752e-07 6.75003e-07
-1.4424e-06 3.34987e-07
-1.32216e-06 -6.33202e-08
1.29855e-06 4.07375e-07
8.16789e-07 2.72829e-07
-1.9425e-07 2.83624e-07
9.75652e-07 2.45129e-07
-1.00921e-06 2.93257e-07
-4.29566e-08 -1.46743e-07
5.23422e-07 -2.35339e-07
-2.80833e-07 4.49466e-07
-1.13979e-07 4.74843e-07
1.14998e-06 -4.86364e-07
2.36937e-08 6.05294e-07
7.56783e-07 -4.64197e-07
-1.16387e-06 -3.86587e-07
3.61524e-07 4.7687e-07
5.60168e-07 4.82573e-07
-4.31639e-08 -3.99571e-08
-1.00787e-06 2.46875e-07
-1.27668e-07 6.63098e-07
-1.44432e-06 -3.37271e-07
1.33406e-06 -2.49997e-07
1.42048e-06 -6.97212e-07
-2.79042e-07 -8.87386e-08
-8.36098e-07 -4.08854e-09
9.87242e-07 1.50997e-07
1.45663e-08 -3.98829e-07
-6.04095e-07 6.63571e-07
-1.02433e-06 2.31971e-07
3.96556e-07 4.4967e-07
-8.21555e-07 4.92032e-07
5.07854e-07 2.00831e-07
1.41216e-06 2.29151e-07
-1.35717e-07 -1.76127e-07
-2.95654e-07 6.07722e-07
5.05817e-07 1.18886e-07
-1.30068e-06 -6.21866e-07
-2.95072e-07 4.41769e-09
1.25845e-06 1.68548e-07
1.17392e-06 1.61827e-07
1.12154e-06 -6.45063e-07
7.87726e-07 2.47974e-07
-1.12958e-06 -6.76567e-07
8.15804e-07 -1.17209e-07
8.09954e-07 -4.52204e-07
-8.06236e-08 4.94842e-07
-7.4587e-07 -3.32555e-07
1.38331e-06 2.51141e-07
1.41097e-06 3.93886e-07
2.90628e-07 1.21315e-07
4.53611e-07 -5.31134e-07
1.36922e-06 -2.09699e-07
-1.27156e-06 1.66251e-08
-1.18082e-07 -4.58556e-07
-1.32442e-06 -2.03821e-07
-2.17443e-07 1.14585e-07
2.56221e-07 2.90961e-07
2.28768e-07 -6.00667e-07
1.10874e-06 -4.27369e-07
2.57683e-07 1.64927e-07
-7.14259e-07 -3.9412e-07
-1.27245e-06 5.33817e-07
1.00915e-06 5.7224e-07
-9.06455e-07 -2.04997e-07
-9.68305e-07 -4.27655e-07
4.23153e-07 5.8592e-07
1.12708e-06 5.09553e-07
-1.40593e-06 -2.91798e-07
1.0679e-07 -1.70362e-07
-1.14661e-06 -3.41467e-08
-1.15025e-06 3.31433e-07
-7.59301e-07 -1.80764e-07
-3.11918e-08 3.06136e-07
1.16618e-07 6.4876e-08
-6.79339e-07 -4.49415e-07
-2.82355e-07 1.2e-07
-4.51949e-07 -5.83952e-07
-3.58196e-08 -4.29437e-07
-6.50433e-07 3.48677e-07
-1.63656e-07 -5.92703e-08
-1.26351e-06 -2.64211e-07
-2.78333e-07 6.19967e-07
5.26259e-07 -6.7188e-07
-1.17923e-06 2.70854e-07
1.94961e-07 1.00182e-07
-1.02544e-06 -5.48671e-07
6.09364e-07 6.51498e-07
1.14735e-06 6.94965e-07
4.95888e-10 1.1413e-07
-9.66393e-07 -2.72756e-07
6.75677e-07 -6.88085e-07
3.92545e-07 1.14211e-08
4.97243e-08 6.73459e-07
9.35598e-07 -4.84128e-07
-8.46475e-07 2.03964e-07
-5.97661e-07 -6.27924e-07
-6.45491e-07 6.00012e-07
-1.40169e-06 -6.93889e-07
-3.96986e-07 1.61895e-07
-5.25012e-07 -2.61592e-07
8.77355e-07 -5.14978e-07
-1.29205e-06 -4.64285e-08
-1.23633e-07 9.22383e-08
-5.00241e-07 6.14884e-07
-4.62986e-07 6.97055e-07
-1.54286e-07 -4.18486e-08
4.33777e-07 -3.41594e-07
-2.79773e-07 -3.12319e-07
3.55457e-07 -5.57774e-07
-4.41351e-08 5.12868e-07
-1.17565e-06 3.99012e-07
6.81132e-07 -3.40131e-07
-6.38824e-07 5.63937e-07
5.0978e-07 1.96907e-07
1.09588e-06 -5.31491e-07
-4.70075e-07 6.44553e-07
-1.43935e-06 -3.97979e-08
1.44206e-07 4.03726e-07
5.09753e-07 -2.9634e-07
2.07725e-07 -3.71179e-08
3.61166e-07 3.30621e-08
1.7696e-07 -4.35902e-07
1.12704e-06 -1.6261e-07
-2.20737e-07 3.39228e-07
8.90179e-07 -4.23844e-07
1.21986e-06 6.3873e-07
-3.29732e-07 1.28572e-07
-1.01212e-06 -2.53498e-08
-9.13822e-07 3.36163e-07
3.60087e-07 2.55967e-07
-1.23667e-06 2.50124e-07
-1.31284e-06 -5.52004e-07
-5.10262e-07 8.17374e-09
-1.34736e-06 -1.91955e-07
-1.10401e-06 -1.90767e-07
1.79773e-08 -6.90402e-07
3.42441e-07 -4.2962e-07
-8.20681e-07 -8.56692e-08
-8.23808e-07 -5.57193e-07
-1.16614e-06 1.6938e-07
7.94855e-07 3.88374e-07
1.25525e-06 -4.79173e-07
-6.77393e-07 1.42573e-07
-1.40353e-06 6.44408e-07
-1.26239e-07 -5.73102e-07
-6.87532e-07 1.55162e-08
-9.31761e-08 4.31086e-07
-1.36096e-06 4.20619e-07
5.48088e-07 4.25717e-07
7.45923e-07 2.56823e-07
-1.4359e-07 -3.89669e-07
4.81931e-07 -3.90789e-07
-1.36371e-06 1.82583e-07
2.56737e-08 1.84083e-07
-1.0615e-06 -3.50301e-07
-9.93721e-07 -3.56367e-07
5.77224e-07 -1.80833e-07
2.31323e-07 -5.71908e-07
-8.60145e-07 -5.26198e-07
-1.11132e-08 -3.91142e-08
7.17615e-07 -2.95783e-07
-6.7788e-07 1.16693e-07
-1.01831e-06 -3.58194e-07
1.29072e-06 -1.07214e-07
2.33221e-07 -2.2839e-08
-1.28607e-06 2.88141e-07
9.85292e-07 3.60993e-07
5.41207e-07 -7.63724e-08
-4.28299e-07 -6.10586e-07
2.00159e-07 -9.28948e-08
-6.49397e-07 -2.79921e-07
1.30002e-06 -2.05222e-08
9.43551e-07 4.85521e-07
1.06867e-06 6.07595e-07
-1.41408e-06 3.29347e-07
9.29136e-07 4.63312e-07
2.74751e-07 6.19371e-09
-6.29248e-07 5.28638e-07
9.55561e-07 4.1375e-07
1.19511e-06 1.87669e-07
7.57875e-07 6.24374e-08
-8.35252e-08 8.59237e-08
5.49398e-07 -2.73284e-07
-8.93566e-07 2.80622e-07
5.75195e-07 2.47152e-07
1.00657e-06 -3.16525e-07
-6.39378e-07 4.65323e-07
1.25508e-06 -3.66273e-07
-8.31088e-07 -3.09982e-07
3.07322e-07 5.46837e-09
1.03151e-06 -5.13577e-07
-1.17025e-07 -4.17134e-07
-5.89708e-07 -5.9075e-07
-6.93601e-07 6.32431e-07
-9.70859e-07 -2.74729e-07
9.99108e-07 -2.81142e-07
1.30384e-07 3.29249e-07
1.65123e-07 1.6884e-07
-1.73974e-07 6.87015e-07
2.14092e-07 5.31136e-07
4.81994e-07 -6.59723e-07
1.10583e-07 4.42124e-07
6.87637e-07 3.2627e-07
8.2143e-07 4.2181e-07
-1.85503e-07 -2.10051e-07
1.08102e-06 -2.72473e-07
1.29628e-06 -6.49053e-07
-2.20015e-07 5.15351e-07
-7.69662e-07 2.51302e-07
-4.07815e-07 -4.95565e-07
1.2781e-06 -2.03834e-07
4.9174e-07 -5.74917e-07
6.31868e-07 -6.33905e-07
9.49506e-07 -1.79401e-07
-4.6647e-07 -5.2732e-07
-4.36649e-07 3.84814e-07
1.07821e-06 8.46501e-09
-1.72269e-07 -5.07069e-07
9.2712e-07 5.9701e-07
7.37666e-07 -3.33268e-07
1.43139e-06 3.61689e-07
8.03865e-07 3.74244e-07
-7.7387e-07 6.91352e-07
-2.86433e-07 3.39391e-07
-5.68292e-07 -6.60898e-07
-1.80833e-07 -2.11286e-07
1.32337e-06 -1.79222e-07
1.14186e-06 -6.07243e-07
-8.74568e-07 -4.08567e-07
3.97873e-08 -1.38634e-07
-3.67934e-07 -5.07438e-07
-1.44311e-06 -1.00012e-07
-4.62034e-07 7.50531e-08
-4.2215e-07 -2.08313e-07
-1.26982e-06 5.81552e-07
6.86074e-07 5.88308e-07
-1.15671e-06 6.67769e-07
-1.02733e-06 5.02563e-07
8.87976e-07 6.7647e-07
-6.5253e-08 5.85343e-07
4.51765e-07 1.22301e-07
-5.14991e-07 -4.89684e-07
4.47636e-07 -1.74834e-07
-1.99429e-08 4.42548e-07
5.04656e-07 -1.66931e-07
-1.2167e-06 -3.67438e-07
1.11132e-06 -5.93858e-07
-1.05621e-06 -3.1311e-07
-6.7621e-07 4.45189e-07
-4.8785e-07 -2.30285e-07
1.36573e-06 -6.03532e-07
-1.0079e-06 4.3631e-07
8.35626e-07 -1.64284e-07
7.78744e-07 -5.66398e-07
-1.99609e-07 -7.3758e-08
1.86341e-07 1.98588e-07
8.91182e-07 6.88876e-07
1.3506e-06 -3.04901e-07
-6.9057e-07 4.4256e-07
-7.61772e-07 -5.38735e-08
-5.15326e-08 -5.48342e-07
-6.92777e-07 1.0972e-07
-1.18532e-06 -3.54267e-07
2.12165e-07 -3.9928e-07
6.36508e-07 -7.91453e-08
6.71086e-07 3.55195e-07
2.67033e-07 2.69658e-07
-1.29623e-06 -5.65803e-07
4.45205e-07 -6.23488e-07
-8.09717e-07 2.67856e-07
-1.21834e-06 3.1532e-07
8.82759e-07 -3.22173e-07
-2.35838e-08 1.6689e-07
1.3739e-06 -1.11455e-07
1.91609e-08 6.60122e-07
1.42733e-06 -5.02557e-07
-1.32995e-06 -2.75944e-07
8.87657e-07 4.60682e-07
4.93158e-07 9.81509e-08
-9.3807e-07 6.21732e-07
-7.20146e-07 -1.2193e-07
9.56416e-07 -5.20562e-07
-1.38068e-06 6.41121e-07
9.33918e-07 4.43899e-07
5.1886e-07 4.32964e-07
-4.93392e-07 -5.40914e-07
4.37027e-07 -6.08703e-07
-2.63246e-07 6.98593e-07
-1.11565e-06 -5.31047e-07
2.27414e-07 6.30725e-07
-7.84405e-08 5.61522e-07
8.6057e-07 -2.37228e-07
1.0506e-06 3.16547e-07
-1.14721e-06 3.21234e-07
-1.22605e-06 -2.88564e-07
-9.90641e-07 -5.75439e-07
-1.25562e-06 -1.24171e-07
9.69091e-07 5.0809e-07
-1.34119e-06 3.68734e-07
1.44092e-06 -5.40034e-07
8.31459e-07 8.36769e-08
2.98546e-07 5.77347e-07
6.98157e-09 4.01254e-07
-9.64567e-07 -1.92119e-07
-5.41681e-07 1.23572e-07
-1.38547e-06 1.33247e-07
-1.145e-06 2.86978e-08
-8.02012e-07 -6.80683e-07
5.41731e-07 -6.95999e-07
-4.37587e-07 -4.27347e-07
4.25625e-07 -1.6511e-07
-5.06553e-07 -5.59421e-07
1.18501e-06 6.22396e-08
-1.29119e-06 -6.19729e-07
-5.86243e-08 -3.89107e-07
1.33972e-06 1.04992e-07
5.20141e-07 5.36248e-08
-1.1291e-06 5.05575e-07
-4.64022e-07 2.78278e-09
1.39383e-06 3.34474e-08
-9.83795e-07 5.75334e-07
1.71185e-07 -6.83155e-07
3.74514e-07 -1.98903e-07
-8.87145e-07 6.01377e-07
-6.42646e-08 4.63075e-07
9.47029e-07 -2.91821e-07
3.19865e-07 2.29537e-07
-1.30585e-07 -6.73521e-07
-4.90608e-07 -1.10317e-07
5.85594e-07 3.14171e-07
5.82141e-07 -6.38284e-07
5.22095e-07 -1.9642e-08
5.19039e-07 -3.0891e-09
-1.16457e-06 -1.40218e-07
9.9773e-07 1.57916e-07
1.13859e-06 -2.27725e-07
8.55133e-07 3.1675e-07
-1.85534e-07 -3.75389e-07
-1.0491e-08 1.26554e-07
-4.74392e-07 5.24128e-07
1.20587e-06 -3.44524e-07
-4.92043e-07 2.1317e-07
5.75406e-07 4.2833e-09
-1.03548e-08 6.9188e-07
1.30211e-06 3.60218e-07
1.03224e-06 -6.01237e-07
7.70171e-07 -2.83049e-07
-7.49705e-07 -3.53336e-09
-1.32082e-06 1.83628e-07
4.13978e-07 -5.18451e-07
3.3101e-07 4.82657e-07
3.26996e-08 -4.79999e-07
-1.37416e-06 1.17729e-07
-1.08099e-06 2.98123e-07
1.06722e-06 5.17488e-07
-1.08987e-07 -6.49601e-07
-1.44317e-06 -6.35241e-07
-8.00824e-07 1.94228e-07
3.44927e-07 2.18596e-07
7.45695e-07 3.42946e-07
-1.67397e-07 -5.40273e-07
-1.9842e-07 2.96322e-07
-9.69195e-07 4.64667e-07
5.76291e-07 -5.42743e-08
1.00514e-06 -5.57986e-07
4.58056e-07 4.32883e-07
-1.24762e-07 -3.11959e-09
-7.49382e-07 2.66887e-07
-3.23558e-07 3.88528e-07
1.22802e-06 -1.53812e-07
1.28322e-06 -3.391e-07
-8.04335e-07 -5.23711e-07
5.24009e-07 6.12946e-07
5.76241e-07 3.60898e-07
2.24152e-07 -5.36082e-07
-7.42527e-07 -6.97257e-07
-8.35679e-07 5.43305e-07
1.09755e-06 -1.66316e-07
-1.28989e-06 -4.19672e-07
-2.78056e-07 -1.1951e-07
-5.06602e-07 5.6712e-07
1.44348e-06 -1.04313e-07
4.02423e-07 -5.42495e-07
8.81868e-07 -1.30205e-07
-1.40299e-06 -5.20539e-07
-1.18918e-06 2.82294e-07
7.41606e-08 2.16761e-07
1.22367e-06 -3.98074e-07
-6.68509e-07 -4.57702e-07
8.80688e-07 -4.83806e-07
-7.45077e-07 6.39686e-07
1.0963e-06 -6.07149e-07
-6.24389e-07 -2.76294e-08
7.69733e-07 -5.00429e-09
-1.42263e-06 4.24774e-07
4.75469e-07 9.17285e-08
-2.27517e-07 6.60866e-07
8.10807e-07 5.06492e-07
9.39736e-07 -5.38053e-07
-5.26008e-07 -2.35667e-07
9.44835e-08 1.80551e-07
7.24812e-07 3.52444e-07
4.5666e-08 2.16917e-07
-5.64899e-07 -5.26704e-07
-5.50687e-07 3.44202e-07
4.87232e-07 6.53702e-07
1.91412e-07 -1.49051e-07
-5.55743e-07 2.49022e-07
2.8015e-07 2.221e-07
6.04153e-07 -1.27521e-07
-3.49999e-07 2.03764e-07
1.20225e-08 -9.80368e-08
9.77625e-09 7.55874e-08
-5.76349e-07 -4.21806e-07
-8.28953e-07 -2.72995e-07
-7.85687e-07 -5.72222e-08
-1.28211e-06 -2.72769e-07
1.29671e-06 6.63516e-07
-1.14176e-06 5.58085e-07
-8.49677e-07 1.71295e-08
-2.13266e-08 1.78852e-07
-6.4677e-07 5.54789e-07
2.21849e-07 -1.90372e-07
-9.51348e-07 -1.14535e-07
-1.20079e-06 -4.36335e-07
-9.17495e-07 -4.01623e-07
2.03622e-07 6.01445e-07
1.33703e-07 1.97588e-07
1.04439e-06 3.37444e-07
7.81041e-07 5.68988e-07
-5.71469e-07 2.44655e-07
-5.45606e-07 -1.61187e-07
-4.80279e-08 3.80515e-07
-6.61694e-07 -1.54575e-07
8.13547e-07 6.84732e-07
-3.55769e-08 3.37712e-07
1.24301e-06 4.55234e-07
-2.19113e-07 -5.60785e-07
1.70825e-07 5.41959e-07
1.35889e-09 -4.8898e-07
-2.89088e-07 -1.73354e-07
-1.26435e-06 -6.99764e-07
5.51356e-07 2.89265e-07
-1.31745e-06 3.69276e-07
-9.59205e-07 -4.26526e-07
-4.30998e-07 -4.22036e-07
6.27273e-07 -6.60262e-07
5.76253e-07 5.22022e-08
1.32701e-07 -6.00132e-07
-6.18267e-07 3.75399e-07
5.79039e-07 -5.91724e-07
-8.54381e-07 -2.62242e-08
-4.02689e-07 -5.36544e-07
-1.14049e-06 -5.52838e-08
6.79888e-07 6.55574e-07
-1.1264e-06 -3.74027e-07
-1.39756e-06 -2.71352e-07
-1.30303e-06 2.11222e-07
-8.64289e-07 -5.21431e-07
7.89116e-07 5.17361e-07
-2.70642e-07 -1.69585e-07
6.7892e-07 1.35138e-07
1.42817e-06 2.15397e-07
2.48348e-07 -5.11124e-07
6.67661e-07 -4.13291e-07
-6.10377e-07 -6.28704e-07
7.82193e-07 -1.94094e-07
-9.01431e-07 -1.84443e-07
1.34515e-06 4.04153e-08
