3.69523e-07 -6.3534e-07
6.80493e-07 -5.56086e-07
5.28945e-07 -3.73558e-07
-1.42268e-06 5.21528e-07
-1.21024e-07 -5.17245e-07
-8.77171e-07 3.7755e-08
-1.35e-06 6.62229e-07
9.49935e-07 1.56786e-07
1.29498e-08 6.43825e-07
-2.06074e-07 -4.74413e-07
1.32696e-06 -2.11917e-08
1.34429e-06 -6.68086e-07
2.65727e-07 -6.08118e-07
-9.9887e-07 6.97359e-07
-1.43802e-07 -2.80793e-07
-5.84767e-08 -6.2008e-08
-1.02422e-06 8.79949e-08
-6.72501e-07 -1.87743e-08
1.03683e-06 -3.29942e-07
9.03387e-07 3.46765e-07
7.39326e-07 8.75825e-08
-6.63363e-07 2.63526e-07
1.41271e-06 -6.6737e-07
-2.78754e-08 -4.81536e-07
-4.32658e-07 -6.08768e-07
-1.35506e-06 -3.39034e-07
-1.19247e-06 -3.31312e-07
3.88769e-07 5.57491e-07
1.28686e-06 2.91175e-07
-1.32712e-06 -4.51125e-07
4.72173e-07 6.18791e-07
-1.34722e-06 -5.30864e-07
1.31953e-06 -5.96498e-07
-1.26004e-07 5.91339e-07
1.11624e-06 4.0691e-07
-7.83717e-08 -2.81535e-07
6.99974e-07 5.10192e-07
-6.03924e-07 2.12236e-07
-5.3556e-07 -5.50931e-08
-7.20761e-07 -1.98084e-08
-7.89526e-07 -1.58615e-07
-1.14348e-06 -1.15364e-07
-1.25363e-07 -4.40738e-07
-4.84562e-07 -6.01945e-07
1.35839e-08 2.89097e-07
-2.02815e-07 -8.33833e-08
-1.4478e-06 3.06642e-07
9.85999e-07 6.30346e-07
-3.34193e-07 -2.84512e-08
-7.84614e-07 -2.30101e-07
-1.42046e-06 8.03386e-08
7.06423e-07 -3.4295e-07
-6.76266e-07 3.01566e-07
1.52217e-07 -2.99585e-08
-1.01889e-06 3.71821e-07
-1.27823e-06 -6.544e-07
2.28654e-07 6.581e-07
-3.61229e-08 -2.00211e-07
-1.35221e-06 3.94959e-07
6.09703e-07 3.03345e-07
1.09322e-07 -3.0207e-07
1.10693e-06 -3.81166e-07
1.06509e-06 2.65998e-07
-9.62872e-07 5.01061e-07
-1.36745e-06 1.46816e-07
1.30343e-06 1.5927e-07
-1.23315e-06 -6.02601e-07
5.6113e-07 -3.55875e-08
-9.26715e-07 2.81811e-07
-5.96034e-07 5.19073e-07
-5.95615e-07 1.37159e-07
1.14606e-06 -1.19407e-07
-4.35846e-07 6.99173e-07
-1.34896e-06 6.42937e-07
-1.26201e-06 -6.24119e-07
-1.1125e-07 5.53241e-07
2.21372e-07 8.61705e-08
4.39534e-07 -4.82073e-07
-2.6375e-07 5.1798e-07
1.95053e-07 -4.7904e-07
-1.37803e-06 -1.59746e-07
4.07992e-07 -2.1901e-07
1.44417e-06 -8.23685e-08
-3.53668e-07 -1.90631e-07
-9.15243e-07 -6.24033e-07
-7.64889e-07 4.48778e-07
-1.04347e-06 3.02298e-07
1.35822e-07 -2.75797e-07
-9.58507e-07 5.63498e-07
8.56674e-07 -4.67209e-07
9.69729e-07 3.72187e-08
1.7439e-07 -4.50357e-07
9.89405e-07 -4.52082e-07
-7.96032e-07 -5.5983e-07
-1.67406e-07 6.96794e-07
-2.49072e-07 2.09029e-07
-1.43638e-06 9.55321e-08
6.49399e-07 -4.05538e-07
9.49753e-07 -6.98593e-07
5.23443e-08 -6.79447e-07
6.33378e-07 3.72064e-08
4.56844e-07 -2.46069e-07
-9.77447e-07 -4.81038e-07
-2.0243e-08 9.30137e-08
-3.93886e-07 5.28394e-07
-1.37291e-06 7.85078e-09
2.60884e-07 4.54634e-08
1.51479e-07 -5.48849e-07
1.32285e-06 -4.38871e-07
-1.19795e-06 2.88271e-07
-2.1558e-07 1.48189e-07
2.64728e-07 -6.96119e-07
-5.76935e-07 -4.96762e-07
-7.01694e-07 9.92477e-08
1.31179e-06 3.2013e-08
8.92686e-07 5.99984e-07
8.43482e-07 -5.3396e-07
7.51636e-07 1.79115e-07
1.14646e-06 -5.45055e-07
2.38084e-07 2.56258e-07
-8.15533e-07 5.55987e-07
-8.77925e-07 9.82186e-08
1.07868e-07 -4.11506e-07
-1.63753e-07 2.21494e-07
1.44638e-06 1.77204e-07
-1.79587e-07 7.04343e-08
-1.00156e-06 6.99415e-07
8.57537e-07 2.7653e-07
6.12121e-08 3.47729e-07
-9.99486e-07 -1.83349e-07
2.37996e-07 2.41032e-07
1.26456e-06 -1.60971e-07
1.18859e-06 5.99571e-07
-5.31179e-07 3.80723e-08
3.34618e-07 -1.77405e-07
-9.05324e-07 -1.98875e-07
7.52142e-07 1.73638e-07
7.80688e-07 -4.74318e-07
-1.32271e-06 2.08682e-07
1.30027e-06 -8.61728e-08
7.1736e-07 6.08254e-07
1.04315e-06 2.55126e-07
3.91257e-07 -1.70844e-07
6.5709e-07 -6.54879e-07
-1.25673e-06 2.89837e-07
-2.6165e-07 3.8771e-07
-1.13439e-07 6.09482e-07
9.481e-07 3.57918e-07
-1.05238e-06 5.28662e-07
-9.52001e-07 -2.71124e-07
4.51731e-07 -2.07962e-08
1.25667e-06 6.89979e-08
9.17506e-07 5.48708e-07
-1.17958e-06 -5.05245e-07
1.87148e-07 1.95949e-07
-5.24811e-07 -4.68067e-07
-1.32668e-06 5.49478e-07
4.74367e-08 4.02737e-07
1.10765e-06 6.02037e-07
-1.24883e-06 3.32735e-07
-5.82631e-07 3.01168e-08
1.0534e-06 -2.43772e-07
-1.29819e-06 3.56074e-07
1.23702e-06 3.43545e-07
-1.16692e-06 1.45924e-07
-8.90403e-08 1.48303e-07
1.31149e-06 2.2256e-07
5.77851e-07 6.99157e-07
9.38361e-07 4.977e-07
-4.5672e-07 -6.33063e-07
1.14412e-06 -2.81129e-07
2.71397e-07 3.55343e-07
-6.00981e-07 -5.4584e-07
-6.45116e-07 -2.27503e-08
4.46817e-07 -5.17561e-07
1.26722e-06 2.79605e-07
-5.37112e-07 5.83145e-07
-1.3325e-06 2.67543e-07
3.82466e-07 -2.12274e-08
1.07639e-06 2.58254e-07
1.40268e-06 6.63142e-07
-4.52543e-07 5.77173e-07
5.97368e-07 5.10884e-07
-3.56338e-07 -1.13019e-07
8.52922e-08 -6.42808e-07
-1.41879e-06 -3.45355e-07
-1.07868e-06 1.35773e-07
6.34985e-07 1.14635e-08
1.27379e-06 5.85515e-08
1.76618e-07 -2.26302e-07
-9.47907e-07 5.14316e-07
1.43157e-06 -8.95917e-08
-6.98576e-08 -2.12699e-07
-8.40385e-07 -1.89845e-07
1.10913e-06 -5.64979e-07
-1.25371e-06 -1.94557e-07
9.19898e-07 -7.19544e-08
-4.96897e-08 5.63122e-07
-1.77164e-07 -5.94109e-07
-6.98912e-07 -3.85913e-07
2.02126e-08 4.88301e-07
-4.29247e-08 4.30214e-07
1.01833e-06 -6.63975e-07
1.0449e-08 3.53874e-08
-1.59639e-07 -4.64093e-07
-2.63054e-07 4.74795e-07
6.77756e-07 2.14153e-07
-4.2141e-07 2.9858e-08
6.09377e-07 3.92642e-07
5.25725e-07 -3.65168e-07
4.89936e-07 -2.53511e-07
1.32489e-06 1.47207e-07
-4.36921e-07 -1.17983e-07
-1.29742e-06 6.21046e-07
-4.6851e-07 -1.09319e-07
8.9622e-07 -6.70957e-07
-8.96738e-07 6.91343e-07
-1.36779e-07 -3.84111e-07
7.21585e-07 1.31049e-07
3.9402e-07 -3.00241e-07
-1.02739e-06 3.05478e-07
-1.20929e-06 -5.8672e-07
-3.36075e-08 -5.1132e-07
-5.68348e-07 -9.30999e-08
-1.98355e-07 -5.30581e-07
-2.6983e-07 -3.3576e-07
3.96875e-07 3.20272e-07
8.25742e-09 6.37529e-08
1.04811e-06 4.40654e-07
-4.59925e-07 4.27022e-07
-2.66248e-07 -2.52698e-07
8.46839e-08 3.04129e-07
-8.6581e-07 -6.46869e-07
-6.56622e-07 2.97897e-07
-1.90352e-07 1.92545e-07
3.16469e-07 3.55277e-07
4.54349e-07 4.38007e-07
1.3809e-06 1.88113e-07
7.12496e-07 -5.96743e-07
1.79834e-07 3.92927e-07
-3.35759e-07 -2.97742e-07
1.52627e-07 7.85754e-08
-3.17828e-08 -6.38351e-07
6.29023e-07 -1.13748e-08
4.98688e-07 -7.54783e-08
-1.05956e-06 -5.36978e-07
3.14588e-07 -8.63138e-08
1.06724e-06 2.44082e-07
-2.00502e-07 1.37548e-07
6.30924e-07 2.74618e-07
7.09495e-08 2.59029e-07
8.80062e-07 -2.03499e-07
-7.71127e-07 6.93696e-08
-3.80443e-07 -3.23526e-07
-2.48117e-08 1.03283e-07
5.31231e-07 -3.12261e-07
-6.94769e-07 -4.80234e-07
-1.35461e-06 1.74973e-07
-7.35187e-07 -6.07873e-07
4.05136e-07 6.98508e-10
4.80192e-07 4.39889e-07
-2.45452e-07 -2.99968e-07
-3.72765e-07 -3.24113e-07
1.09278e-06 4.74849e-07
1.16816e-06 -4.7951e-07
-1.28821e-06 -2.61451e-07
1.04824e-06 5.63667e-07
-4.632e-07 -6.9775e-07
1.12465e-07 -4.17441e-07
1.21392e-06 -2.36604e-07
-8.034e-07 -4.592e-07
-1.26144e-07 3.79169e-07
-7.98159e-07 1.87148e-07
-1.28766e-06 5.75019e-07
-1.10205e-06 3.40465e-07
2.62518e-07 6.46601e-07
1.17764e-06 1.84747e-07
-6.56757e-07 -6.66977e-07
-3.27746e-07 4.40166e-08
-4.55534e-07 -6.51078e-07
4.40842e-07 6.52964e-07
-6.7634e-07 -3.43585e-08
-8.34961e-07 -2.1032e-07
4.73988e-07 -4.19766e-07
5.32291e-07 -2.60187e-07
-1.61678e-08 6.16124e-07
-4.87649e-07 4.78392e-07
2.40307e-07 -5.39629e-07
6.52465e-07 -3.5871e-07
-1.03291e-06 5.75261e-07
-4.05793e-07 -3.28253e-07
-7.83103e-07 -2.92791e-07
-3.05456e-07 -3.43671e-07
-7.48958e-08 -4.87963e-07
-1.08247e-06 2.57919e-07
8.07711e-08 1.09159e-07
1.12093e-06 -4.71447e-07
2.69359e-07 2.98495e-07
7.93238e-07 -2.52235e-07
1.05412e-06 1.87124e-07
1.38654e-06 -4.50788e-07
-5.29164e-07 1.7231e-08
-1.16981e-06 4.89868e-08
7.62776e-07 -2.23301e-07
-2.48786e-07 -2.38839e-07
-6.32869e-07 -4.63217e-07
3.79251e-07 2.34722e-07
6.89929e-07 3.9882e-07
3.26708e-09 5.36618e-07
8.99217e-07 1.56326e-07
-4.48471e-07 -2.40616e-07
6.53704e-07 -5.47585e-07
1.31502e-06 -3.70702e-07
8.03747e-07 2.94798e-07
-3.1465e-07 3.86581e-07
-1.08529e-06 4.20979e-07
-1.07807e-06 -6.52957e-07
5.3681e-07 -5.1825e-07
5.57707e-07 4.32677e-07
4.56232e-07 6.35474e-07
1.30464e-06 5.92919e-07
-6.69462e-07 -3.27864e-07
5.15436e-07 -5.29977e-08
5.50772e-07 -4.02534e-07
3.17804e-07 3.60071e-07
4.99314e-08 -4.6727e-07
-1.12979e-06 2.08879e-07
1.23227e-06 5.01377e-07
-1.41099e-06 9.12776e-08
-7.55729e-07 -5.7732e-07
1.22644e-06 -6.24992e-07
-1.31162e-06 -3.87886e-07
2.74637e-07 4.82164e-07
-8.41258e-07 -2.26534e-07
-1.14296e-06 -6.17682e-07
1.35089e-06 6.22854e-07
-3.97183e-07 3.07077e-07
5.94712e-07 -1.84768e-07
1.41825e-06 -5.2062e-07
-1.08242e-06 1.19626e-07
-9.52233e-07 -4.51632e-07
4.55886e-07 -6.54796e-07
1.39559e-06 -1.9732e-07
5.09342e-07 -4.51734e-07
-4.58165e-07 4.42136e-07
-7.47616e-07 7.94173e-08
-3.14731e-07 3.89279e-07
1.39778e-06 2.41187e-07
-5.55968e-09 2.27823e-07
-7.58104e-07 5.37463e-08
-1.28589e-06 -8.7875e-08
4.53161e-07 -1.78523e-07
-3.26998e-07 -2.99737e-07
1.44991e-06 -2.64555e-07
2.59922e-07 5.22197e-07
1.33695e-06 2.64704e-08
-2.63786e-07 4.18999e-07
4.02757e-07 3.49076e-07
5.20829e-07 4.36744e-07
-1.1532e-06 2.83233e-07
1.26531e-06 -5.62187e-07
-1.03382e-06 6.38766e-07
7.91727e-08 -6.72874e-07
3.12451e-07 6.89818e-08
4.47574e-08 3.14821e-08
-3.93458e-07 4.75799e-07
-1.42688e-06 5.69849e-07
-3.08934e-07 5.92619e-07
-3.30786e-07 3.33744e-07
-6.94954e-07 -5.34856e-07
-1.39277e-06 -3.16734e-07
-4.7784e-07 -6.07444e-07
-5.42388e-08 -1.95077e-07
-7.98028e-07 -5.99979e-07
5.13208e-09 -2.07986e-07
1.03229e-07 -6.02942e-07
-1.4188e-06 -9.42713e-08
-6.29758e-07 5.27761e-07
-1.15474e-06 -6.76948e-07
-1.05156e-06 6.72816e-07
-1.31736e-06 1.43154e-07
6.35021e-07 2.89625e-08
-1.06377e-06 5.57078e-07
3.25196e-07 1.69673e-07
-2.42367e-07 -6.67441e-07
-1.0437e-06 -1.05787e-07
-7.75527e-07 -1.59768e-07
8.53726e-07 -3.13056e-07
2.5126e-08 -1.68151e-08
8.00677e-07 -4.18037e-07
1.58707e-07 6.02438e-07
-2.22288e-07 -5.58731e-07
-1.18983e-06 1.27515e-07
-1.41855e-06 -5.25212e-07
-8.40908e-07 2.81962e-07
6.69819e-07 -1.87525e-07
-2.23862e-07 -7.46443e-08
-1.10329e-06 2.08648e-07
1.17473e-06 -1.10125e-07
1.06891e-06 -4.61499e-07
8.534e-07 -1.778e-07
8.56216e-07 3.7758e-07
1.09025e-06 -2.19727e-07
1.31836e-06 -6.5565e-07
8.14267e-07 1.29093e-07
8.7803e-07 -9.03332e-08
1.19278e-06 1.47015e-07
-8.6588e-07 5.24549e-07
-8.75512e-07 -1.90213e-09
1.14331e-06 -1.40771e-07
1.12912e-06 1.21846e-07
-8.31455e-07 -3.66103e-07
-5.37325e-07 -9.49341e-08
-1.32943e-06 -4.93465e-07
-8.91144e-07 2.92499e-07
-5.19643e-07 -4.16144e-08
1.54222e-07 -5.47471e-07
9.53694e-07 3.39086e-07
7.28262e-09 -1.90949e-07
-5.86585e-07 3.39229e-07
-3.97123e-07 5.32552e-07
-6.66374e-07 -3.59307e-07
-8.97563e-07 -4.62451e-07
8.74844e-07 6.05225e-07
-4.60452e-07 -1.98193e-07
6.9701e-07 -6.13766e-07
-1.6534e-08 1.70759e-07
-8.94668e-07 -3.43674e-07
-5.8237e-07 2.099e-07
8.70191e-07 6.05986e-07
-1.2804e-06 -4.98678e-07
-1.3953e-06 2.93543e-07
1.88048e-07 -1.1764e-07
-6.63727e-07 -6.65688e-07
6.10125e-07 -1.23264e-07
-1.10583e-07 -5.74825e-07
-9.10067e-07 -3.29292e-08
-4.95936e-08 1.62775e-07
6.04795e-07 6.25164e-07
8.08919e-07 -1.07e-07
1.19946e-06 -5.6005e-07
-5.05276e-07 -1.41062e-07
-1.22152e-06 3.8073e-07
-2.51724e-07 5.09461e-07
-4.25812e-07 -4.67365e-07
-9.5157e-07 1.2447e-07
1.14715e-06 5.2838e-07
-6.72957e-07 6.70716e-07
7.5483e-08 -5.71473e-07
7.11901e-07 5.99761e-07
5.0534e-07 1.55074e-07
-1.37393e-06 -4.8333e-07
-4.84598e-07 -4.52621e-07
-1.19774e-06 -8.81691e-08
5.05629e-08 5.32523e-07
1.15342e-06 -6.74203e-07
9.71304e-07 -2.45733e-07
-6.26399e-07 -5.05661e-07
1.53862e-07 1.53021e-08
2.27043e-07 2.72636e-07
-1.36055e-06 6.26469e-07
-5.15027e-07 -3.14525e-07
-1.23976e-07 -5.89577e-07
1.42561e-06 4.71802e-07
-1.08719e-06 -3.98765e-07
-2.7337e-07 -5.51504e-07
1.20986e-06 -1.73256e-07
-1.25556e-06 -6.74963e-07
-8.36434e-08 -3.65233e-07
-5.25787e-07 5.63939e-07
2.2786e-07 5.812e-07
-9.17185e-07 5.71565e-07
1.10803e-06 -5.95083e-07
-8.63516e-07 -5.88701e-07
1.08097e-06 -3.0766e-07
4.09471e-07 -4.35319e-08
1.01883e-06 -6.56491e-07
4.66095e-07 9.85099e-08
3.46934e-07 1.69637e-07
-3.25242e-07 -4.76749e-07
-1.43397e-06 -5.2717e-07
-5.59073e-07 3.89389e-07
1.24337e-07 -1.31197e-07
8.26053e-07 -4.12632e-07
8.94942e-07 -6.27992e-07
1.02748e-06 2.86362e-07
2.33403e-07 6.1846e-07
1.193e-06 6.53669e-07
6.4974e-07 6.26831e-07
5.27474e-07 -5.98639e-07
-1.2486e-06 -1.73022e-07
9.82254e-07 3.65465e-07
1.46498e-07 -2.27222e-07
-1.35566e-06 1.64749e-07
6.43484e-07 -6.59409e-07
-8.45951e-07 -4.78476e-07
8.92217e-07 6.34278e-07
5.12522e-07 -5.01469e-07
7.91693e-07 6.173e-07
7.3211e-07 -6.53258e-07
1.00203e-06 4.29452e-07
-1.31636e-06 -1.01181e-07
-8.93035e-09 -2.46589e-07
5.24591e-07 5.53535e-08
-8.78459e-07 -1.11595e-07
-7.60133e-07 4.92337e-08
1.38907e-06 -2.41052e-07
-9.45418e-07 6.96024e-07
8.17994e-07 -4.80235e-07
-1.05007e-06 4.26846e-07
7.50282e-07 -4.678e-07
-7.89556e-07 4.39177e-07
1.36155e-06 6.91479e-07
1.48256e-07 -3.72739e-08
-1.03702e-06 -5.37006e-07
9.66781e-07 2.39882e-07
-1.28693e-07 8.95728e-08
7.75547e-07 4.37175e-07
7.65567e-07 -3.08264e-07
-1.34122e-06 2.81221e-08
-1.13899e-06 4.09385e-07
-8.56655e-07 4.00253e-07
-9.19322e-07 6.67675e-07
-6.48506e-07 3.22478e-07
9.32242e-07 -5.27594e-07
-8.79337e-07 2.3741e-07
9.53945e-07 -9.24501e-08
-6.79931e-07 -2.50028e-07
-3.37017e-07 -4.87587e-08
-8.94217e-07 -5.05996e-07
9.0543e-07 -4.03149e-07
-3.76638e-07 6.84296e-07
4.38264e-07 -4.11697e-07
4.00629e-07 4.15345e-07
-1.81568e-07 3.53234e-07
4.03852e-07 -6.2932e-07
1.30222e-06 -2.67738e-07
-7.82867e-07 -6.7251e-07
-9.63969e-07 -2.56882e-07
-5.42858e-07 -7.73849e-08
2.53817e-07 -3.96664e-07
-1.21841e-06 2.31119e-07
-2.88828e-07 -5.29672e-07
-1.25354e-06 3.67119e-07
9.57498e-07 -9.93267e-08
8.321e-07 3.93235e-07
-6.33475e-07 5.93402e-07
-1.15204e-06 1.66527e-07
9.30926e-07 -2.00409e-07
1.40562e-06 -3.94219e-07
7.92401e-07 5.02778e-07
6.10399e-07 -1.42192e-07
-8.9821e-07 2.23242e-08
-1.13329e-06 -1.2511e-07
-1.09234e-06 -4.11674e-07
9.50618e-07 -5.04781e-07
-2.88677e-07 3.738e-07
7.41201e-08 -4.67612e-08
4.42037e-07 4.48197e-07
-5.96169e-07 2.16499e-08
6.30104e-07 -1.49867e-07
7.17803e-07 -3.31995e-07
-2.90005e-07 1.46927e-07
-9.91403e-07 -1.55868e-07
5.16021e-07 2.96896e-07
4.85315e-07 -4.45038e-07
-1.28491e-06 2.29621e-07
-1.36449e-06 -3.84768e-07
4.66364e-07 3.00132e-07
8.59688e-07 4.38906e-08
-6.32928e-07 3.66322e-07
-1.15523e-06 -5.8748e-07
-8.72151e-07 6.42748e-08
6.60157e-07 3.67405e-07
-3.27339e-07 6.08126e-08
8.22988e-07 3.85144e-07
1.07814e-06 -2.3034e-07
-1.37584e-06 3.92174e-07
6.92277e-07 -1.96519e-07
5.03903e-07 -3.06035e-07
1.19767e-06 3.74168e-07
3.45298e-07 -2.79335e-07
-4.97018e-08 -4.51995e-07
1.23711e-06 -3.94604e-07
-7.22869e-07 -4.06079e-07
-5.28976e-07 6.61001e-07
-1.03945e-06 1.32598e-07
9.3783e-07 -6.17531e-07
-8.17672e-07 6.81207e-07
-3.82821e-07 5.29927e-07
9.24785e-07 6.69051e-07
2.23075e-07 -5.80866e-07
2.66459e-07 -4.32715e-07
9.2238e-07 -5.64699e-07
1.14902e-07 1.48111e-07
1.33207e-06 -3.52865e-07
3.78068e-07 -3.47902e-07
-1.11381e-06 -1.59639e-07
-8.81837e-07 6.18674e-07
1.83884e-07 3.49021e-07
-1.03808e-06 -1.1822e-07
1.07464e-06 5.05657e-07
-1.21842e-06 -6.11618e-08
1.12247e-06 -6.25203e-07
1.3828e-06 -5.382e-07
2.95502e-07 -2.92542e-07
-2.7142e-07 4.72487e-07
-6.29638e-07 6.19241e-07
2.54812e-07 1.09234e-07
6.88914e-07 -5.6054e-08
1.05389e-06 -2.74311e-07
8.4282e-07 3.15646e-07
8.47864e-07 4.98198e-07
-6.77894e-07 3.24422e-07
-1.19104e-06 -5.87604e-07
-9.68669e-08 1.83173e-07
4.48663e-07 -4.29546e-07
-9.45662e-07 -4.18142e-07
-1.00783e-06 -5.42465e-07
-1.40681e-06 3.47895e-07
-2.25612e-07 4.23652e-07
-7.33112e-08 -4.76456e-07
-8.72745e-07 2.49041e-07
1.07102e-06 -4.2643e-08
-2.93459e-07 -1.99565e-07
4.62685e-07 5.68517e-07
1.74132e-07 1.42041e-07
-8.29496e-07 -1.46827e-07
-9.55258e-07 3.95308e-07
1.29169e-06 -5.19487e-07
2.0862e-07 6.8436e-07
9.57581e-07 1.02311e-07
-6.97379e-07 3.1509e-07
5.23848e-07 4.47291e-07
-1.34593e-07 4.65777e-07
-7.41803e-07 3.54276e-07
-8.26347e-07 5.98024e-08
1.46529e-07 3.70232e-07
-1.20793e-06 6.34454e-07
-2.505e-07 6.38582e-07
1.15803e-06 8.01805e-08
-1.20521e-06 -4.12398e-07
3.25887e-07 -3.55089e-07
1.16938e-06 -5.48378e-07
4.95588e-07 -5.8034e-07
7.62951e-07 -3.54172e-07
2.61895e-07 -4.07255e-08
-4.14795e-07 8.62985e-08
-7.74547e-07 -1.76487e-07
1.21525e-06 -3.89317e-07
-9.73816e-07 -5.02953e-07
1.31104e-06 6.43627e-07
3.8001e-07 3.974e-07
-1.33099e-06 3.86622e-07
-1.38316e-06 3.60815e-07
-1.43878e-06 2.76077e-07
-8.21902e-07 -5.76981e-07
1.28074e-06 1.83432e-07
-5.07906e-07 -1.76296e-07
2.1354e-07 4.79525e-07
-4.37574e-07 5.07608e-07
4.54111e-08 -6.3605e-07
-4.42257e-07 6.84295e-07
1.16875e-06 5.71953e-07
-8.57927e-07 -4.0366e-07
-4.42348e-07 -1.09881e-07
-1.40994e-06 -4.30599e-07
-8.32724e-07 6.76454e-07
8.61845e-07 -4.85678e-07
1.04856e-06 4.36275e-08
1.33747e-06 5.10104e-07
-6.43252e-07 -6.18033e-08
1.86752e-07 -7.30661e-08
6.72062e-07 -4.11276e-07
2.66537e-08 3.61936e-07
1.71363e-07 5.39222e-07
-7.6613e-07 -2.79818e-07
-6.06975e-08 2.90358e-07
-1.43591e-06 -3.33682e-07
-2.32609e-08 -1.74031e-07
-1.41697e-06 2.77102e-07
1.32709e-06 1.90822e-08
-5.32814e-07 1.19968e-07
-1.38299e-08 -3.03083e-07
-7.02843e-07 2.14889e-08
-5.13936e-07 3.13462e-07
1.98684e-07 -8.00473e-08
1.21343e-06 -1.37086e-07
-3.30503e-08 -6.34097e-07
-3.18578e-07 5.38796e-07
-3.61001e-07 -6.16137e-07
3.56327e-07 -3.3304e-07
-7.30376e-08 9.84618e-08
-8.93445e-07 2.01735e-07
4.37579e-07 -4.57144e-07
-8.7179e-07 -6.40073e-07
-7.50559e-07 3.31095e-07
1.29987e-06 9.96582e-08
-5.71827e-07 4.04148e-07
-9.86292e-07 6.42782e-07
2.53247e-07 3.72954e-07
1.39387e-06 -1.44304e-07
-2.6114e-07 -3.90335e-07
-5.02042e-07 6.74252e-07
-1.33921e-06 4.58188e-07
-7.3913e-07 -1.2047e-07
-9.64189e-08 1.40956e-07
5.69964e-07 1.7519e-07
1.07455e-07 5.80238e-07
1.09909e-06 4.36493e-07
8.01374e-07 3.87286e-07
6.48205e-07 -4.46324e-07
-9.94499e-07 -5.7064e-07
1.11935e-06 -4.90035e-07
6.35661e-07 -5.13528e-07
-6.2474e-07 -2.5368e-07
-1.26844e-06 2.4373e-07
-6.62843e-07 3.47414e-07
-1.18759e-06 4.20411e-07
-6.81055e-07 1.58615e-07
5.34087e-07 5.4896e-08
5.3046e-07 -3.38447e-07
-6.75077e-07 6.0102e-07
5.19091e-07 -3.46629e-07
-8.75283e-07 3.0238e-07
-1.05527e-06 -4.48174e-08
-6.62334e-07 2.99232e-07
-8.04497e-07 5.26268e-07
-1.11423e-06 1.16226e-07
-4.87162e-07 2.40052e-07
-4.55185e-07 3.6404e-07
1.09084e-06 5.90357e-07
-1.34913e-07 -2.97568e-07
-7.70386e-07 -3.67988e-07
-9.56508e-07 -6.28927e-08
7.39887e-07 -2.06925e-07
-6.86286e-07 -4.18456e-07
5.4244e-07 -3.79626e-08
9.27582e-07 3.18864e-07
-3.95917e-07 -2.80145e-07
-1.1424e-06 -4.86323e-08
1.10401e-06 1.2563e-07
1.23367e-06 3.41622e-07
1.17051e-07 -4.53552e-07
5.61846e-07 3.59689e-07
9.4099e-07 5.16582e-07
-1.07451e-06 5.95025e-07
-1.21029e-06 -6.68896e-07
-1.2287e-06 -2.82117e-07
-9.42703e-07 -2.27994e-07
7.31397e-07 -2.57145e-07
-8.38761e-08 1.75709e-07
7.10978e-07 8.65847e-08
-1.372e-06 2.6468e-07
-1.0171e-06 -1.89831e-07
3.79433e-07 6.76625e-07
5.53115e-07 -5.60276e-08
1.06785e-06 2.7438e-07
1.04314e-07 1.18061e-07
-8.28147e-07 1.46944e-07
1.04013e-06 3.91292e-07
-1.26124e-06 6.20241e-07
-1.24185e-06 -1.14925e-07
1.28699e-06 -3.27834e-07
-1.08962e-06 6.44162e-07
-6.68756e-07 -6.85131e-07
7.01273e-07 -3.15728e-07
-1.27312e-06 -4.97786e-07
2.57303e-07 -5.11569e-07
1.15667e-07 3.72424e-07
7.92046e-07 -3.94593e-07
-9.32861e-07 -2.64585e-07
1.34901e-06 -6.54414e-07
-1.19015e-06 4.47668e-07
-1.44548e-06 -6.79169e-07
9.02382e-08 -3.77961e-07
7.60367e-08 -5.95238e-07
2.57733e-07 5.5664e-07
1.35167e-06 6.05017e-07
1.93173e-07 -1.51126e-07
9.06065e-07 -1.15631e-07
5.59392e-07 6.33097e-07
3.12995e-07 -4.45911e-07
3.23012e-07 4.60782e-07
-2.04498e-07 -1.2758e-07
1.02404e-06 -3.78767e-07
4.2142e-08 4.26482e-09
-1.04503e-06 6.88325e-07
-5.2256e-07 -5.34176e-07
-9.59661e-08 -3.36364e-07
1.40449e-06 -6.35093e-07
8.17889e-07 7.20803e-08
7.1763e-07 -4.60183e-07
-2.02714e-07 -1.64013e-07
-8.63723e-07 -3.68698e-07
-1.36185e-06 -2.27002e-07
5.40713e-07 -4.6951e-07
3.57873e-07 4.81299e-07
1.02775e-06 3.14448e-09
7.47352e-07 4.67629e-07
-5.83508e-07 -4.96959e-07
2.6706e-07 -6.79699e-08
1.18207e-06 -5.16017e-07
-1.08715e-06 4.19479e-08
6.29184e-07 4.15959e-07
-2.29326e-08 -5.50987e-07
-3.92176e-07 -3.34331e-07
9.44482e-07 -1.68345e-09
-3.7196e-07 -1.5249e-07
1.03988e-06 5.43211e-07
1.44815e-06 5.36175e-07
-5.89674e-08 2.57047e-07
-4.15581e-07 -3.34476e-07
1.26606e-06 -8.8322e-09
-8.59253e-07 3.97258e-07
6.95801e-08 5.33901e-07
1.29079e-06 3.40338e-07
-9.40001e-07 -2.69727e-08
1.30795e-06 -3.72972e-07
-4.47976e-07 -8.55036e-08
1.70973e-08 -8.33251e-08
1.39236e-06 2.9828e-07
1.32599e-06 1.08915e-07
4.14651e-07 -1.4979e-07
-4.78931e-07 -5.13452e-07
-1.13315e-06 -4.37348e-08
1.44931e-06 -6.2905e-07
-9.13997e-07 6.28362e-07
-1.43396e-06 -2.10972e-07
-6.46001e-07 -6.31828e-07
5.85608e-07 1.03094e-07
3.82843e-09 2.94523e-07
1.08061e-06 -2.3379e-07
-3.0691e-07 -5.3252e-07
8.99209e-07 -3.60819e-07
7.9845e-07 5.79224e-07
1.38726e-06 -4.12449e-07
1.41778e-06 -6.77538e-07
-8.06838e-07 4.59484e-07
2.5494e-07 -5.09365e-07
1.09093e-06 -6.97947e-07
1.16658e-06 -1.40558e-07
1.32818e-06 -9.10716e-09
3.30445e-08 -6.18522e-07
-9.88116e-07 4.56187e-08
3.61285e-07 5.67827e-07
1.42957e-06 2.18637e-07
3.54796e-07 -2.52159e-07
-4.72358e-07 -6.40357e-08
1.33179e-06 3.73142e-07
-7.70078e-07 -3.09828e-07
6.04475e-07 5.78278e-07
9.58398e-07 2.77491e-07
2.17806e-07 6.18718e-07
1.6823e-07 -4.82626e-07
-1.06556e-06 -3.8234e-07
-5.81269e-07 -4.6376e-08
-7.95607e-07 4.03217e-07
4.83046e-08 5.55117e-07
9.10957e-07 6.35465e-07
9.91693e-07 1.09168e-07
6.85959e-08 -2.8664e-07
-1.04667e-06 5.32489e-07
-1.39277e-06 -1.59608e-07
7.6005e-07 -1.42995e-07
8.38374e-08 4.37816e-07
7.29423e-07 -6.35314e-07
1.32601e-06 1.61895e-07
-6.31353e-07 5.42002e-07
1.59136e-07 -5.09678e-07
9.93098e-07 4.19374e-07
-2.96626e-07 9.90942e-08
-6.18528e-07 -5.24577e-07
4.96563e-10 6.52713e-08
-4.37827e-07 -1.49471e-07
-1.03374e-06 2.5567e-07
1.181e-06 -6.84962e-08
-1.11495e-06 5.16539e-07
1.22471e-06 -6.43655e-07
-1.18047e-06 6.99552e-07
-1.14553e-06 -1.94513e-07
2.97894e-08 -1.29831e-07
-1.00115e-06 2.44472e-07
-1.16162e-06 -6.73584e-08
8.63168e-07 -4.2815e-07
5.36881e-07 -6.63795e-07
1.14109e-06 3.35385e-07
-1.33973e-06 -2.10909e-07
8.69568e-07 -2.05954e-07
-1.28285e-06 -3.30577e-07
-4.13277e-07 2.20296e-07
1.42514e-06 -2.75386e-07
-8.62909e-07 1.08595e-07
-2.6387e-07 -4.52367e-07
-1.42131e-06 4.77239e-07
-1.20333e-06 -3.10207e-07
1.13116e-06 6.56769e-07
4.91352e-07 7.69149e-08
-8.87638e-07 2.9533e-07
6.85472e-07 4.67487e-07
1.21897e-06 5.48631e-07
9.15179e-07 -1.08284e-07
-5.06113e-07 1.72039e-07
-8.14194e-07 3.40343e-07
1.29192e-06 -3.50748e-07
-1.50164e-07 5.16525e-07
-1.33436e-06 5.22218e-07
1.91765e-07 5.51142e-07
-1.41247e-06 6.29731e-07
6.46557e-07 -5.68684e-07
1.28364e-06 1.48752e-07
-5.60555e-07 1.24272e-07
9.49512e-07 4.00486e-07
-4.03842e-07 -2.7908e-07
1.01708e-06 3.81859e-07
-1.40261e-07 6.93654e-07
8.45674e-07 3.75946e-09
1.00011e-07 1.9877e-07
2.83057e-07 -2.11135e-07
-1.3183e-06 -2.55988e-07
9.14127e-09 6.34901e-07
-4.343e-07 8.15541e-08
-1.28214e-06 5.39346e-07
2.38521e-07 -5.55543e-07
6.57408e-07 3.66521e-07
4.86241e-07 5.90672e-08
3.86399e-08 -2.02007e-07
8.08839e-08 -3.03619e-07
1.08357e-07 6.55742e-07
1.35667e-07 -1.19042e-07
-2.74483e-07 -2.37183e-07
-1.03899e-06 1.07758e-07
7.22217e-07 6.75625e-07
-1.09302e-06 -2.96049e-07
2.26095e-07 2.58403e-07
1.24802e-06 -6.20518e-07
9.89078e-07 -1.29815e-07
1.1922e-06 -3.46777e-07
7.21102e-08 3.6762e-07
3.59097e-07 -6.823e-07
1.30878e-06 5.40165e-07
7.16774e-07 -4.13331e-07
-8.05137e-07 1.65907e-07
-1.1774e-06 2.76865e-07
4.61932e-07 -2.18914e-07
4.48557e-07 5.39134e-07
-1.93247e-07 2.3916e-08
1.44964e-06 -6.99863e-07
1.25978e-06 6.00365e-07
-3.69768e-08 -3.66271e-07
1.17107e-07 -2.90682e-07
1.31204e-06 8.42756e-08
1.28356e-07 1.00025e-07
-6.02398e-07 3.40894e-07
-1.20543e-07 -3.97071e-07
-1.27535e-06 3.81164e-07
1.22427e-06 -2.90543e-07
6.9747e-09 -4.67577e-07
1.59183e-07 -1.94616e-07
2.36512e-07 -3.97842e-07
5.44718e-07 5.87766e-07
-9.54224e-07 3.32318e-07
1.10121e-06 -4.33769e-07
2.76612e-07 -4.48905e-07
-8.65777e-07 -5.76701e-07
4.06954e-07 2.29914e-07
6.07863e-07 1.96994e-07
-1.00629e-06 -5.69975e-07
7.58599e-07 5.16918e-08
5.85974e-07 2.33143e-07
5.62472e-07 -5.67955e-07
-8.48965e-07 5.22724e-07
4.0922e-07 -4.75754e-07
-1.42163e-06 -2.13269e-07
-1.95244e-07 5.72585e-07
3.91207e-07 -5.54136e-07
1.18025e-06 -4.63975e-07
1.231e-06 -6.90467e-07
-8.36176e-07 -2.77203e-07
-6.70584e-07 3.01589e-07
1.11061e-07 5.59594e-07
1.09301e-06 -2.56946e-07
-5.28449e-07 5.97725e-07
2.62675e-08 1.82481e-07
-1.38745e-06 -3.36432e-07
5.04541e-07 -5.22429e-07
-8.16217e-07 -5.72731e-07
-7.89752e-07 -5.25975e-07
-3.00682e-07 6.55442e-07
-6.69878e-07 6.64997e-07
1.15979e-06 3.81302e-07
-4.74228e-07 4.41917e-07
-3.75163e-07 -1.22687e-07
1.32769e-06 1.98754e-07
-1.25658e-06 -3.64757e-08
1.21334e-06 -2.85633e-07
9.4477e-07 6.58405e-07
-8.73012e-07 -8.83172e-08
1.4135e-06 5.79932e-07
1.07261e-06 -2.21076e-07
