1.35425e-06 -3.18916e-07
-8.57548e-07 3.24974e-08
-8.71184e-07 -8.12569e-08
-4.37809e-07 -1.59637e-08
-6.95037e-07 1.23489e-08
6.46677e-07 5.01196e-07
2.44614e-07 2.95808e-07
1.37843e-06 2.54942e-07
5.11638e-07 1.1655e-07
1.15911e-06 -6.98207e-07
-1.00313e-07 3.89865e-07
-8.01343e-07 5.39435e-07
-7.97961e-07 5.54906e-07
-4.29688e-07 -5.24032e-07
3.73552e-07 5.36847e-07
-7.14408e-07 -7.47857e-08
-5.68408e-07 1.02254e-07
-2.63725e-08 -7.08688e-08
1.19614e-06 3.26161e-07
-1.40477e-06 5.45892e-07
1.24481e-06 6.01353e-07
-2.43813e-07 7.7863e-08
1.08767e-06 4.28374e-07
-5.12598e-07 4.94927e-07
-1.23335e-06 -2.77839e-07
1.19863e-07 -4.40868e-07
-1.56301e-07 -5.66327e-07
3.36806e-07 3.07076e-07
1.0192e-06 -5.02469e-07
-3.08052e-07 3.96569e-07
-1.31678e-06 -4.2174e-07
9.29383e-07 1.3275e-07
-4.28353e-07 -6.16346e-07
1.13491e-07 -4.74992e-07
-6.51208e-07 4.32003e-07
1.09424e-06 -4.60054e-07
3.15787e-07 -1.48944e-07
-5.81909e-07 3.12812e-08
4.58558e-07 -5.54299e-07
-2.87458e-07 -3.01697e-07
4.97425e-08 5.74268e-07
-3.65763e-07 -4.40161e-07
-4.22705e-07 5.0722e-07
-8.31465e-07 -1.72793e-07
6.59347e-07 6.55088e-08
-4.80082e-07 -5.93684e-09
6.22409e-07 5.55187e-07
1.26211e-06 3.94203e-07
-8.75086e-07 -1.26511e-07
6.69196e-07 2.7626e-07
1.21828e-07 -6.29504e-07
-1.09996e-06 2.69575e-07
-1.12302e-06 -6.01336e-07
-7.9311e-07 1.10271e-07
-8.85981e-07 -3.66807e-07
5.8841e-07 5.49003e-07
8.88488e-08 -3.34152e-07
-4.81803e-07 -1.2219e-07
2.01494e-07 2.44976e-08
-3.19559e-07 4.90811e-07
2.16443e-07 6.68841e-07
-2.74541e-07 6.90813e-07
-4.86108e-07 9.0815e-08
2.81686e-07 -6.56342e-07
-9.38305e-07 6.12315e-08
-1.14734e-06 4.6728e-07
9.64443e-07 6.84045e-07
7.4659e-07 4.10322e-07
-1.22216e-07 4.15679e-07
-4.80118e-07 2.39856e-07
-1.27318e-06 -6.87811e-07
-2.66922e-07 2.54293e-07
-6.40766e-07 -4.12161e-07
-1.28668e-06 -6.68064e-07
-1.02187e-06 -5.23372e-07
1.04779e-06 3.72035e-07
8.0492e-07 4.02341e-07
2.95898e-07 1.62922e-07
8.11551e-07 5.10708e-07
-8.69614e-07 6.96421e-07
1.12954e-06 3.31424e-07
-4.9612e-07 -1.85995e-07
-5.62645e-07 -2.09063e-07
1.19924e-06 1.09026e-07
-1.25212e-06 3.31446e-07
3.35489e-07 4.39408e-07
4.37798e-07 1.40944e-07
-5.98407e-08 1.72501e-08
-2.02485e-07 1.90137e-07
1.07568e-07 5.23215e-07
1.11331e-06 -2.10632e-07
1.43915e-06 -2.58874e-07
-9.69589e-07 6.77047e-07
-1.44297e-06 3.53145e-07
-1.13557e-06 -3.31802e-07
4.03639e-08 4.7998e-07
9.84432e-07 1.01124e-07
1.17141e-06 -1.38906e-08
1.2734e-06 -7.96062e-08
-9.00448e-07 2.15384e-07
7.51695e-07 2.8291e-07
6.54113e-07 -9.37451e-08
-4.04437e-07 9.21236e-08
8.64239e-07 -6.27821e-07
-1.13035e-06 5.09146e-07
-1.39242e-06 -1.77925e-07
-3.60073e-07 3.43063e-07
1.13248e-06 -5.0693e-07
9.57138e-07 -3.16076e-07
7.4046e-07 3.2133e-07
-1.36389e-06 -3.40072e-07
8.13207e-07 -5.2307e-07
-1.88273e-07 5.16527e-07
-9.97011e-07 4.3384e-07
-1.35123e-06 5.84525e-07
7.74256e-07 -3.6232e-07
-1.20169e-07 2.23066e-07
-5.31539e-07 3.47155e-07
4.858e-08 -3.37228e-07
-1.053e-06 -6.88446e-07
-1.23252e-06 1.39713e-07
1.18608e-07 4.79606e-08
9.54225e-07 -3.20564e-07
-1.00239e-06 -3.32347e-07
-8.30878e-07 -4.24813e-07
-7.68657e-08 -1.95147e-07
3.46216e-07 5.83532e-07
6.56153e-07 5.26304e-07
-1.02139e-06 3.29956e-07
1.07043e-06 -4.93149e-08
7.66629e-07 6.1817e-07
-2.97295e-07 -1.5812e-07
1.23508e-06 8.75746e-09
-1.22418e-06 6.14224e-07
-9.33301e-08 1.5937e-07
-9.95436e-07 3.85351e-07
1.01937e-06 -3.95073e-07
-9.47525e-07 6.52691e-07
-4.22564e-07 -2.95894e-07
1.79417e-07 -4.40752e-07
6.04527e-07 1.21529e-07
-1.13452e-06 2.15634e-07
-1.23354e-06 -6.10368e-08
3.08999e-07 -1.82024e-08
4.52245e-07 3.48066e-07
5.03672e-07 6.71405e-08
5.74618e-07 7.05972e-08
-5.24959e-07 1.77545e-07
-1.41655e-06 2.97993e-07
-2.1225e-07 -1.77894e-07
-9.07325e-07 3.08425e-07
3.38473e-07 2.70908e-07
-3.77548e-08 2.0313e-07
-9.19691e-07 -9.87889e-08
-1.2935e-07 2.08931e-07
3.42749e-07 -6.51027e-07
5.13351e-07 5.0699e-07
-1.40802e-06 -3.22237e-07
5.29352e-07 6.64223e-07
-2.12788e-07 6.96346e-07
4.16668e-07 -5.81674e-07
1.01892e-07 -5.9554e-07
-3.6874e-08 3.2909e-07
-6.99501e-07 -4.73092e-07
-2.37957e-07 6.63969e-07
-1.19209e-06 2.45647e-08
-1.1858e-06 -5.72455e-07
1.27147e-06 -3.51703e-07
-1.28487e-06 8.53099e-08
1.18537e-07 5.48073e-07
-1.17582e-06 -4.69481e-07
6.31436e-07 4.47967e-07
-3.15237e-07 -3.21287e-07
7.0039e-07 5.2077e-07
5.18411e-08 -2.42641e-07
1.23986e-06 1.28715e-07
-1.17315e-06 4.0012e-07
1.88964e-07 6.14189e-07
-2.68025e-07 4.73688e-08
-5.31666e-07 5.65084e-09
-1.34207e-06 -4.12842e-07
4.24846e-07 -6.31654e-07
1.11898e-06 -1.86302e-07
-2.9291e-07 -5.20432e-07
-1.07633e-06 4.79306e-07
-1.18448e-06 -3.81192e-07
3.60314e-07 4.90765e-07
1.25603e-06 -4.44545e-07
7.66104e-07 3.11084e-07
1.00882e-06 -2.934e-07
-3.31874e-07 3.52173e-08
-1.60091e-07 -1.16672e-07
8.39663e-07 4.2873e-07
9.32687e-07 5.81653e-07
1.0566e-06 6.62356e-07
-5.6466e-07 6.18967e-07
7.24338e-07 4.01837e-07
-1.31507e-06 4.13465e-07
-9.76554e-07 -5.50513e-07
-1.43669e-06 6.92979e-07
1.06635e-06 -6.80095e-07
1.10381e-06 -3.55551e-07
2.07253e-07 3.17301e-07
-9.5661e-07 9.16326e-08
9.52255e-07 4.10962e-07
-1.56064e-07 -3.01873e-07
-6.79949e-07 4.52414e-07
-5.3263e-07 -9.88087e-08
1.03388e-07 -5.07086e-07
-8.67168e-08 -5.49624e-07
-1.59956e-08 4.29979e-07
-1.23309e-07 5.97078e-07
7.7951e-08 -1.37707e-07
-7.61017e-07 2.76022e-08
-1.62826e-07 1.59643e-07
-5.41735e-07 -5.95552e-07
-7.50435e-07 2.90597e-08
-2.6785e-07 5.68536e-07
2.86025e-07 -4.3393e-07
-1.42573e-06 -6.07104e-07
6.83438e-07 3.18295e-08
-4.75326e-07 -1.98939e-07
1.09335e-06 2.50493e-07
-6.1414e-08 -3.76524e-07
8.84988e-07 2.06777e-07
2.66148e-07 6.45887e-07
8.85347e-07 4.06442e-07
1.23571e-06 8.78513e-08
1.06075e-06 2.08797e-07
-9.68048e-07 -5.47691e-07
1.24518e-06 -1.60433e-07
3.58044e-07 -6.17045e-07
-4.97953e-07 -5.03646e-07
-3.53607e-07 1.36802e-07
1.0863e-06 9.38583e-08
2.63843e-07 5.40768e-07
-1.31584e-06 1.46197e-07
-1.34732e-06 4.73297e-08
-1.01291e-06 -4.93119e-08
9.96161e-08 3.07839e-07
9.14913e-07 -1.61338e-07
-1.28135e-06 6.06527e-07
-1.18046e-06 6.94448e-07
-2.5275e-07 5.39184e-07
7.13163e-07 5.56475e-07
-1.34794e-06 3.45296e-07
-1.95921e-07 6.68968e-07
-1.43582e-06 -2.99813e-07
3.10536e-07 -6.4291e-07
-1.32604e-06 -4.73431e-07
1.27482e-06 -5.36059e-07
-6.63328e-07 1.68137e-07
-9.633e-07 -4.73281e-07
-1.16301e-06 2.6064e-07
-1.35249e-06 3.35415e-07
8.33641e-07 -3.31377e-07
-8.49265e-07 5.50041e-07
-1.15615e-06 5.62122e-07
-3.57188e-07 -5.11369e-07
1.01075e-06 9.68457e-08
-1.41048e-06 -4.52378e-07
4.8269e-07 5.05927e-07
5.29722e-07 -3.1112e-07
-1.39364e-06 5.83888e-07
-9.40246e-08 6.77378e-08
1.29132e-06 3.02842e-07
1.43696e-06 -2.64105e-08
1.70333e-07 -8.96273e-08
-1.4463e-07 -5.56884e-07
-8.64536e-08 -6.0209e-07
-1.29845e-06 3.56467e-07
-1.0611e-06 6.83218e-07
-8.06696e-07 -6.13143e-07
-5.73768e-07 4.97177e-07
-1.25652e-06 -2.82974e-07
-5.50185e-07 -3.32359e-08
-1.39594e-06 -5.57652e-07
8.68691e-07 1.30234e-07
4.08561e-08 -1.58872e-07
-2.73636e-07 -1.95871e-07
-1.44172e-06 6.63349e-07
1.28595e-06 -2.57816e-08
1.28597e-07 3.76714e-07
4.46887e-07 4.89201e-07
8.93738e-08 -3.92458e-08
1.21304e-07 -2.44847e-07
-1.8377e-07 5.63616e-07
1.13513e-06 -3.06029e-07
-6.99777e-07 -3.26053e-07
-4.85588e-07 -5.66725e-07
9.62713e-07 -4.32824e-07
1.18382e-06 2.03402e-07
-1.1426e-06 -6.35047e-07
1.65583e-07 5.64752e-08
-9.41942e-07 2.9146e-07
-1.01661e-06 -7.44411e-11
-4.96062e-07 1.04244e-07
-1.37111e-06 -5.87149e-07
-1.20718e-06 4.58236e-07
-8.05457e-07 5.07685e-07
7.53279e-07 4.35587e-07
-7.04353e-07 1.10947e-07
-1.3075e-06 6.92984e-08
7.60034e-07 -3.79374e-07
-7.51359e-07 1.74566e-07
2.44454e-07 6.60308e-07
9.50718e-07 -5.60249e-07
9.40326e-07 -3.25812e-07
-1.04707e-06 2.96835e-07
-1.04282e-06 3.89081e-07
-5.18796e-07 4.31004e-07
-1.18203e-08 2.59222e-08
-1.41373e-06 -5.81984e-07
-1.48063e-08 1.33369e-07
-7.1873e-07 2.73798e-09
-2.05687e-07 6.55139e-07
7.17782e-07 1.49642e-07
2.7819e-07 2.72255e-07
4.44826e-07 9.47574e-11
-1.36689e-06 9.69824e-08
-1.42611e-06 9.54412e-08
1.84253e-07 -1.13279e-07
-1.44835e-06 -4.81089e-07
9.69921e-07 -1.27832e-07
-1.0458e-06 4.99567e-07
-6.27784e-07 1.50991e-07
-8.88823e-07 4.67405e-07
7.34334e-07 3.18299e-07
1.1392e-06 -5.91733e-07
-1.28981e-06 6.67566e-07
-9.77367e-07 -4.77274e-08
2.50961e-07 -1.30879e-07
-6.72293e-07 4.10301e-07
5.14871e-07 3.33233e-07
1.06003e-06 3.80969e-07
1.12402e-06 -6.14865e-07
1.17906e-06 -2.02304e-07
4.56129e-07 -1.46952e-07
-1.21204e-06 -3.5426e-07
1.00943e-06 9.05265e-08
1.93104e-07 9.36707e-08
-4.6379e-07 -6.75738e-07
-3.61296e-07 5.15903e-07
-6.23648e-07 -6.79149e-07
-5.36011e-07 -2.3706e-07
6.2583e-07 -5.01286e-07
-8.26721e-08 -5.20182e-07
-1.21541e-07 2.08391e-07
-1.21013e-06 -3.50345e-08
3.15024e-07 -1.74567e-07
-1.33749e-06 -5.42173e-07
7.25898e-07 5.44905e-07
6.52694e-07 -2.87572e-07
3.27979e-07 -4.29287e-07
5.98927e-07 -5.46232e-07
-1.1549e-06 5.26356e-07
9.58126e-07 -6.21105e-07
-1.24861e-06 -4.64785e-07
-1.08446e-07 -6.29591e-07
3.10775e-07 -3.65305e-07
1.1087e-06 1.68025e-07
3.7418e-08 -3.35343e-07
5.15244e-07 2.36606e-07
9.02006e-07 4.51661e-07
1.33279e-06 1.10365e-07
-2.96647e-07 -6.25623e-07
4.67128e-07 2.29288e-07
6.01432e-07 5.7218e-07
-3.54218e-07 6.27917e-07
1.01397e-06 1.25697e-08
-1.36875e-07 5.31781e-07
-2.2609e-07 3.722e-07
-4.87212e-07 -1.00728e-07
8.85848e-07 6.06526e-07
-9.12314e-07 7.13007e-09
5.64782e-07 4.34401e-07
-5.7445e-07 1.36746e-07
7.42125e-07 -2.79434e-07
7.89889e-07 -4.62346e-07
-6.70728e-07 1.55408e-07
-1.04655e-06 -3.89584e-07
-2.24418e-07 -3.87837e-07
7.08667e-07 -7.93076e-08
-9.36972e-07 -5.70374e-07
2.91545e-07 -2.94667e-07
1.21982e-06 5.68305e-07
6.59206e-07 2.87887e-07
-3.01302e-07 6.31277e-07
6.71379e-07 7.81788e-08
4.87287e-07 -5.53191e-07
-6.67407e-07 1.70896e-07
1.28727e-06 3.00641e-07
1.17611e-07 6.86228e-07
-1.16426e-06 -6.63566e-07
-1.3091e-06 6.33359e-07
-1.35816e-06 -1.64562e-07
1.23333e-06 5.38513e-08
-1.38675e-06 -4.94356e-07
1.02847e-06 -4.92885e-07
1.92875e-07 -6.78109e-07
1.15039e-07 -9.55381e-09
1.02376e-06 -3.2162e-07
9.10913e-07 2.27491e-07
-3.00371e-07 -1.31853e-07
-1.02072e-06 1.79392e-07
-3.81792e-07 2.03852e-08
4.46133e-09 -3.19831e-07
-4.48133e-07 -3.25254e-07
1.2421e-06 6.41094e-07
-1.01612e-06 2.25207e-07
-8.7072e-07 -2.59603e-07
1.27826e-07 6.51074e-07
-1.21809e-06 2.18708e-07
-2.57349e-07 -6.47348e-07
-6.84099e-07 5.60741e-07
5.93107e-07 -5.99893e-07
-1.15179e-06 5.75283e-07
-1.32085e-07 3.32368e-07
1.30993e-06 6.22683e-07
-1.44342e-06 -1.12287e-07
8.59613e-07 -1.88542e-07
-3.66808e-07 -2.45943e-07
-8.60546e-07 5.57014e-07
3.58912e-07 2.76585e-07
-4.9538e-07 2.70822e-07
-6.81147e-07 6.02844e-10
5.29713e-07 -5.04661e-08
-9.61708e-08 2.51661e-07
-4.55039e-07 6.36851e-07
-7.58103e-07 4.73884e-07
6.54459e-07 1.27286e-07
1.28844e-07 1.00574e-07
-1.20937e-06 -6.71035e-07
5.76367e-09 -1.02707e-07
-8.89191e-07 -1.77384e-07
1.39779e-06 9.86048e-08
1.29904e-06 1.95955e-07
1.0112e-06 1.46292e-07
7.39785e-07 -6.13031e-07
1.40145e-07 -4.8072e-07
-1.44295e-07 -5.12854e-07
-8.89381e-07 5.20453e-07
-1.39579e-06 3.41868e-07
-1.37024e-06 -4.85925e-07
1.13326e-06 3.46517e-08
1.3189e-06 -7.35281e-08
6.91265e-08 -4.88567e-07
-1.00024e-06 -1.90145e-07
1.3575e-06 -2.13846e-07
-3.74562e-07 -2.58837e-07
-9.51087e-07 1.26002e-07
3.67704e-07 -3.43357e-07
-1.43318e-06 -3.15939e-07
-2.50911e-08 -5.52629e-07
-3.03547e-08 3.44019e-07
1.53706e-07 2.09249e-07
-1.42724e-07 -5.66669e-07
7.57738e-07 4.28604e-07
7.70463e-07 5.21222e-07
-8.25505e-07 -3.80886e-07
2.0742e-07 6.38303e-07
3.73678e-07 9.6112e-08
1.22007e-06 -3.11194e-07
9.43557e-08 -1.34132e-07
-3.76187e-07 -6.05741e-07
1.01285e-06 -3.3507e-07
-7.83755e-07 6.6757e-07
9.69606e-07 -4.34755e-08
1.0915e-06 -6.82215e-07
4.42132e-08 -2.70684e-08
-1.02247e-06 -1.68592e-07
-9.01156e-07 -3.19054e-07
-1.30073e-06 -4.19381e-07
1.08452e-06 6.4174e-07
1.26431e-06 2.61325e-07
-1.13729e-06 3.3565e-07
-1.03053e-06 2.61054e-07
-4.35116e-07 8.01751e-08
8.65396e-07 3.3723e-07
9.57729e-07 -3.25526e-07
9.03368e-07 -4.52031e-07
1.26731e-06 6.30815e-07
-9.89461e-07 6.90942e-07
-7.17774e-07 2.02549e-07
-7.14513e-07 5.7523e-07
-1.60841e-07 -4.34251e-07
9.86338e-07 6.26689e-07
-1.70794e-07 1.69411e-07
1.07917e-06 2.60614e-07
4.89575e-07 -5.09802e-07
-9.54867e-07 4.45254e-07
-1.30496e-06 4.10324e-07
-7.69034e-07 -1.79916e-07
4.32754e-07 5.13117e-07
1.09232e-06 6.38603e-07
-1.3427e-06 4.60745e-07
6.2299e-07 4.21224e-07
8.37197e-08 3.52413e-09
1.00308e-06 6.80905e-07
-5.61384e-07 -1.52659e-07
-1.01114e-06 -1.33222e-07
-9.5319e-07 2.88202e-07
9.07337e-07 -5.4318e-07
4.71814e-07 5.46558e-07
-7.84648e-07 -6.1125e-07
-1.09027e-06 -1.15061e-07
2.1954e-07 -6.0956e-07
-2.74577e-07 -1.76461e-07
-1.36421e-06 -1.19722e-08
-5.05843e-08 -4.33859e-07
6.16061e-07 -6.84173e-07
-2.79672e-07 -1.70752e-08
3.56208e-07 -3.79371e-07
-1.01578e-06 3.52691e-07
1.13485e-06 -3.11181e-07
4.33463e-07 -5.26095e-07
-7.35898e-07 1.99157e-07
9.70028e-07 -4.57388e-07
-7.42469e-07 2.88003e-07
9.11644e-07 -3.99453e-07
-1.02789e-06 4.79025e-07
1.18452e-06 -5.56614e-07
-3.44992e-07 6.43237e-07
-6.8429e-07 1.43841e-07
2.82257e-07 4.55687e-07
3.29163e-08 -4.81889e-07
-9.85913e-07 -3.08679e-07
7.6252e-08 -1.40571e-07
1.78733e-07 5.51004e-07
-6.69926e-08 5.17719e-07
9.72315e-07 -3.99263e-07
5.72338e-07 -5.39673e-07
6.05583e-08 -1.04312e-07
-1.28634e-06 -1.82675e-07
-9.2624e-07 -6.94833e-07
-1.01675e-06 5.50624e-07
5.36109e-07 -3.58515e-08
-1.18799e-06 -2.49378e-07
5.19613e-07 -4.96776e-07
1.18445e-06 4.04953e-07
-6.39037e-07 3.65893e-07
-1.18795e-07 4.45165e-07
-1.27131e-06 -5.61469e-07
7.25059e-07 2.84301e-07
-1.39054e-07 -2.77816e-07
5.24506e-07 5.84409e-07
-5.52529e-07 -2.98927e-07
-5.90247e-07 2.7793e-08
-5.40118e-07 -3.86853e-07
-2.81549e-07 3.2232e-07
-1.10068e-06 2.79415e-07
-1.85161e-07 -3.92112e-07
-1.05271e-06 -3.6324e-07
4.11398e-07 -5.83945e-07
-1.34876e-06 2.7798e-07
2.17723e-07 3.17592e-07
-2.57903e-07 4.58439e-08
-7.08742e-07 6.80883e-07
-1.31856e-06 1.57882e-07
1.1911e-06 1.4595e-07
-1.08146e-06 2.51693e-07
2.12723e-07 4.40701e-07
-3.35612e-07 -1.40847e-07
-1.41079e-06 -7.42222e-08
-1.05815e-06 -2.33365e-07
-1.06971e-06 3.8771e-08
6.8238e-08 4.55524e-07
-4.55306e-07 1.78214e-07
8.24082e-07 -6.24315e-08
6.21394e-07 2.20048e-07
1.30197e-06 -7.74829e-09
8.42016e-07 1.22124e-07
-1.33847e-06 -3.38225e-07
-1.12534e-06 2.49685e-07
-1.22899e-06 6.22368e-08
-1.0336e-06 5.78552e-07
-1.97407e-07 3.12451e-07
1.07876e-06 3.10459e-08
-4.45453e-07 6.78142e-07
1.0909e-06 4.03096e-07
7.82474e-07 1.10029e-07
-6.034e-07 5.19369e-07
9.69028e-07 -3.66181e-08
6.72107e-07 -1.25342e-08
4.18197e-07 5.58355e-07
-1.06931e-07 -1.09217e-07
1.41858e-06 -6.56393e-08
-2.33745e-07 -4.22218e-07
-4.02862e-07 8.20274e-08
-3.9825e-07 -5.17834e-07
3.40993e-07 2.74991e-07
-1.54501e-07 -4.69286e-07
1.45611e-07 -4.2295e-07
-2.9395e-07 -5.58649e-07
-4.90705e-07 -1.68033e-08
-5.39632e-07 6.28618e-07
8.51227e-07 3.67479e-07
1.21719e-06 -7.92448e-08
4.0109e-07 -4.82348e-08
6.03187e-07 1.29801e-07
1.41842e-06 -4.08277e-10
-1.39104e-06 1.20194e-07
-7.7033e-07 3.6656e-07
-1.04626e-06 3.71705e-07
-2.18609e-07 -6.96493e-07
-3.72463e-07 -1.26247e-07
-1.26508e-06 -3.53528e-07
-1.51099e-08 3.50868e-07
1.06138e-06 2.67863e-07
-1.4068e-06 6.70689e-07
7.94082e-07 1.35677e-07
-7.80095e-07 1.19395e-07
1.17823e-06 6.90573e-07
6.76184e-07 -3.31122e-07
2.72978e-08 -1.73263e-07
-5.05555e-07 -4.53928e-07
1.32128e-06 -6.81609e-07
-3.76802e-07 1.93288e-07
-1.21307e-07 6.1357e-07
-2.97676e-07 -5.64236e-07
1.41876e-06 5.44276e-07
-2.20462e-07 6.73366e-07
-3.55366e-07 5.22222e-07
7.10304e-07 3.46755e-07
3.57536e-08 2.13642e-07
-1.03579e-06 3.30661e-07
-5.36553e-07 -4.54774e-07
8.03534e-07 3.62416e-07
1.41014e-07 -1.0234e-07
7.97311e-07 -6.33008e-07
7.40391e-07 -5.78667e-07
-2.34072e-07 9.38195e-08
5.86191e-07 -6.35051e-07
-1.21834e-06 -3.46383e-07
-4.22626e-07 1.25229e-07
-8.08907e-07 -8.13729e-08
-1.36125e-08 1.15423e-07
1.10876e-06 -1.75354e-07
7.48893e-07 -6.37766e-07
-7.00609e-07 3.6413e-07
-1.10873e-06 -3.64898e-07
7.44803e-07 -2.7976e-07
4.21914e-07 -5.9434e-07
-2.38465e-07 -6.49637e-07
4.95438e-07 6.27831e-07
-6.20776e-07 1.47931e-07
1.07419e-06 -4.23485e-07
-3.09478e-07 -5.69228e-07
-3.26751e-07 -4.95793e-07
-9.06214e-07 -5.39481e-07
1.44674e-06 4.95675e-07
7.80383e-07 1.02621e-07
4.13543e-07 -5.87151e-07
3.67055e-07 2.69065e-07
9.87607e-07 -1.51935e-07
-1.31915e-07 3.16025e-07
-7.04951e-07 3.83016e-08
1.42532e-06 -1.86009e-07
3.91846e-07 -3.21093e-07
1.6185e-07 -1.89519e-07
-4.19126e-07 -1.12882e-07
3.18242e-07 4.03591e-07
8.39776e-07 -1.79041e-07
9.49355e-07 3.22091e-07
1.15569e-06 -2.95957e-07
-1.10078e-06 -8.95271e-08
5.76341e-07 5.24616e-07
-1.20578e-06 -4.43381e-08
-5.92691e-07 5.32146e-07
-7.69016e-07 5.28658e-07
1.25559e-06 -6.80789e-08
-4.57248e-08 1.22643e-07
1.75199e-07 -6.70625e-07
-5.71241e-07 -3.80264e-07
-1.28028e-06 6.00436e-07
1.01584e-06 4.90918e-07
4.77542e-07 -4.74452e-08
-1.33855e-06 2.95861e-07
4.2082e-07 1.50662e-07
-4.93211e-07 6.80886e-07
-4.27639e-07 4.39452e-07
-1.64413e-08 -2.03245e-07
6.28046e-07 4.27164e-07
-7.44915e-07 3.01925e-07
-1.10979e-06 2.0731e-07
-3.01088e-07 -6.25918e-07
-1.3541e-06 4.72055e-07
-1.2487e-06 -6.79385e-07
-1.17539e-06 4.07245e-07
5.75028e-07 -2.56059e-07
-2.07369e-07 6.60954e-07
5.45074e-07 -4.70291e-07
5.83329e-07 -5.3524e-07
-4.19024e-07 -1.07172e-07
5.55171e-07 5.91131e-07
1.17553e-08 6.46477e-07
-1.84841e-07 2.15451e-07
-3.02867e-07 6.61019e-07
-7.00325e-07 1.48903e-08
4.64432e-09 3.26069e-07
-2.47404e-07 5.2534e-08
1.52606e-07 -5.55583e-07
-7.1426e-07 -5.41034e-07
-1.12546e-07 -1.40158e-07
1.16328e-06 -2.77607e-07
-1.09732e-06 -4.93215e-07
2.56626e-07 -5.21939e-07
-4.54394e-07 -1.5356e-07
-1.3415e-06 7.91691e-08
-7.04615e-07 3.369e-07
-1.29699e-07 -5.24278e-07
1.96266e-07 -2.63358e-07
1.04135e-06 6.59585e-07
1.39317e-06 6.64989e-07
1.11105e-07 3.45031e-07
-1.17381e-06 -3.68344e-07
8.17814e-07 -2.20721e-07
8.36131e-07 -3.18871e-07
-3.46434e-07 3.59174e-07
-1.22313e-06 -6.79943e-07
-2.66186e-07 2.53281e-07
-3.32965e-07 3.0188e-07
-1.14606e-06 2.60601e-07
7.94536e-07 2.0071e-07
5.44371e-07 -4.23177e-07
4.65594e-07 -6.02804e-07
3.65514e-07 -3.83903e-07
-3.14036e-07 -6.31858e-07
-1.61857e-07 7.12935e-08
1.28397e-06 3.34466e-07
2.6586e-07 -1.34431e-07
1.73534e-07 -5.3298e-07
-4.69899e-07 -1.79911e-07
-2.09362e-07 1.87541e-07
-5.61004e-07 5.61301e-07
-1.28187e-06 1.7355e-08
1.00203e-06 -6.16237e-07
-7.11823e-07 -5.3872e-07
4.97707e-07 -1.6438e-07
1.30544e-07 -5.68428e-08
1.35748e-06 1.0514e-07
-8.97866e-07 -3.3702e-07
-4.98522e-07 -1.85158e-07
3.6937e-07 -5.67414e-07
6.17805e-07 4.16445e-07
1.92209e-07 6.9977e-08
-9.61577e-07 -4.58541e-07
5.16923e-07 -1.00265e-07
3.21951e-08 -4.50841e-07
1.34681e-06 5.64155e-07
1.19752e-06 -4.76126e-07
3.77298e-07 -3.89286e-07
1.21819e-06 6.37179e-07
4.3936e-07 5.78924e-07
6.33835e-08 3.27517e-07
-8.9295e-08 2.77402e-07
-9.25099e-07 5.94311e-07
6.89249e-07 6.31412e-07
1.33442e-06 1.94686e-07
-8.63852e-07 -5.16327e-07
1.40926e-06 -1.6104e-07
-7.63357e-07 -1.32217e-07
-8.79433e-08 -1.39841e-07
-3.46143e-07 -5.71349e-08
5.4995e-07 -5.19451e-07
3.64583e-07 1.53124e-07
-1.32589e-06 -6.82903e-07
-1.3405e-06 -5.03478e-07
3.04514e-07 3.12456e-07
-1.0581e-06 -6.02329e-07
-1.33909e-06 -6.0474e-08
-9.72642e-07 -5.84866e-08
-1.1455e-06 -6.30319e-08
4.35051e-07 5.89286e-07
1.19721e-06 -1.00645e-07
9.54713e-07 4.31092e-07
9.02935e-07 -6.98631e-07
1.3508e-06 -5.16545e-07
-1.14255e-06 -4.33812e-07
9.10315e-07 2.29459e-07
1.7171e-07 1.84448e-07
-1.38015e-06 -1.956e-07
-7.73899e-07 -5.64209e-07
-3.89468e-07 6.59992e-07
-1.21641e-06 2.26353e-07
-9.34027e-07 -4.50649e-07
7.71233e-07 -1.55126e-07
6.93179e-07 -3.03076e-07
-1.09071e-06 -5.96549e-07
1.43308e-06 3.45601e-07
-1.10481e-06 1.75715e-08
-9.22898e-07 -3.02668e-07
-5.05231e-09 -1.65382e-07
-1.2983e-06 -5.75701e-08
6.97489e-08 3.78531e-08
-1.36082e-06 -3.4055e-07
3.28562e-07 -6.53814e-07
3.56106e-07 1.88726e-07
3.98723e-07 -4.64955e-07
-1.11862e-06 1.81435e-07
-4.18844e-07 -1.93739e-07
7.82076e-07 -5.93054e-07
2.51206e-07 6.31247e-07
2.34296e-07 2.00742e-09
-1.34711e-06 7.15338e-08
-1.38445e-06 -6.07368e-07
-3.62427e-07 3.6025e-07
5.02691e-07 -5.30456e-07
-9.45689e-07 4.01326e-07
1.06033e-06 3.99554e-07
1.33092e-07 2.71537e-08
1.27193e-06 -6.56491e-07
2.9493e-07 3.30354e-07
3.57703e-07 -6.62099e-07
1.32364e-07 6.44301e-07
-8.97872e-07 6.4396e-07
-7.52296e-07 -2.95333e-07
7.47873e-07 1.25893e-07
-1.19007e-07 -6.48763e-08
1.06834e-06 -6.62542e-08
-4.59266e-07 -1.70069e-07
-2.76047e-07 2.25819e-07
-1.08066e-06 -4.71903e-07
1.44096e-06 6.11881e-07
1.18221e-06 3.51987e-07
1.99439e-09 -2.7544e-07
-9.16337e-07 3.56122e-07
1.27051e-06 -2.27042e-07
2.00287e-07 6.87131e-07
7.32849e-07 -6.03948e-07
-4.4653e-08 -4.72553e-08
5.18168e-07 -3.45435e-07
-5.24434e-07 2.25187e-07
-4.77093e-07 -6.06474e-07
-6.48277e-07 5.30776e-07
3.14143e-07 4.20701e-07
1.0436e-06 5.5379e-07
1.05717e-06 1.437e-07
1.34992e-06 -6.62247e-07
2.40161e-07 3.99645e-07
1.2061e-06 -2.63799e-07
1.17561e-06 -2.87844e-07
-9.52401e-07 -1.33325e-07
-1.04656e-06 6.79021e-07
1.10363e-06 -5.63682e-07
-6.01519e-07 -1.71807e-08
3.51537e-07 -3.28952e-07
-2.81424e-07 -6.40546e-07
1.42894e-06 3.45688e-07
-2.81629e-07 3.7114e-07
-9.55868e-07 5.43747e-07
1.37858e-06 -1.26426e-07
-1.29603e-06 -4.90454e-07
9.91857e-07 -5.45015e-07
-3.16794e-07 1.81858e-07
-9.67047e-07 3.33583e-07
-4.97955e-08 -1.73986e-07
1.40544e-06 -4.71528e-07
-7.83045e-07 -6.10845e-07
1.76547e-07 -6.3552e-07
-1.05702e-06 1.74937e-07
-2.79726e-07 -7.34899e-08
6.08551e-07 -2.87886e-07
-1.40489e-06 -6.39977e-07
9.28129e-07 -5.43163e-07
-1.11667e-06 3.88167e-07
-7.21851e-07 -3.77722e-07
5.61985e-07 5.72641e-07
3.30921e-07 -5.95299e-08
4.59154e-07 -1.30151e-07
-3.85646e-07 4.82186e-07
-1.31408e-06 6.68546e-07
-1.62006e-07 5.78822e-07
-6.65972e-07 -1.96411e-08
-4.47525e-07 -6.23609e-08
1.27568e-06 6.11965e-07
-1.42599e-06 2.65285e-07
-9.2539e-07 -2.00582e-07
-9.42462e-07 4.09263e-07
1.43064e-06 -4.27055e-07
7.79082e-07 -2.88171e-07
1.44542e-06 -5.43432e-07
-9.81099e-07 -6.84419e-07
1.22219e-06 1.80935e-07
-7.31636e-07 -6.02493e-07
1.51894e-07 -2.81354e-07
-3.05486e-07 2.53179e-07
3.20594e-07 5.68469e-07
-1.23462e-06 4.17682e-07
1.3931e-07 4.46723e-07
1.04261e-06 4.61742e-07
7.89238e-07 9.03916e-08
9.26596e-07 1.24428e-07
-6.07108e-07 6.38963e-07
6.66958e-07 -2.14361e-07
8.60805e-07 2.67873e-07
-5.4087e-07 -1.33193e-07
-9.12128e-07 -3.84294e-07
-1.43289e-08 -2.9904e-07
-1.31061e-06 -1.97952e-07
2.35314e-07 1.81774e-07
-3.64218e-07 1.77942e-07
5.7377e-07 6.8425e-07
3.99255e-07 -3.04756e-07
7.36703e-07 2.78295e-07
6.40456e-07 -6.74179e-07
1.53836e-07 7.29807e-08
-1.28468e-06 5.63981e-07
-6.93967e-07 3.01878e-07
8.07387e-07 5.18843e-07
-1.14962e-06 -9.21897e-08
6.85035e-08 2.19497e-07
1.28432e-06 -7.84046e-09
1.08119e-06 -6.83973e-07
-5.49671e-07 5.65057e-08
-1.29157e-06 2.97013e-07
-3.05563e-07 -1.58645e-07
2.74674e-07 -4.65143e-08
-1.54663e-07 -1.95289e-07
-6.72219e-08 3.69637e-07
-1.2566e-06 4.24112e-07
-4.89324e-07 5.28357e-07
-6.64999e-08 -2.63742e-07
-4.00035e-07 -6.29558e-07
3.77897e-07 -3.08496e-07
7.86601e-07 -9.65927e-08
7.66459e-07 -4.7799e-07
-9.44447e-08 2.95301e-07
9.29607e-08 -1.82297e-07
-6.8636e-08 -6.17069e-07
-9.96078e-08 2.42819e-07
8.27078e-07 -2.25027e-07
5.14719e-08 -6.89841e-07
1.21439e-06 4.72928e-07
2.99958e-07 -8.96417e-08
3.58746e-07 4.78221e-07
-1.26263e-06 -1.11087e-07
-1.89854e-08 2.35129e-07
-1.38466e-06 -5.94458e-08
9.20409e-07 2.00071e-07
-6.53422e-07 1.79466e-07
6.0908e-07 1.62687e-07
9.42145e-08 5.68019e-08
1.23407e-06 -3.04862e-07
1.32509e-06 -2.00756e-07
2.67188e-07 -5.29589e-07
-1.59584e-07 -4.25217e-07
3.44097e-07 1.73771e-07
1.4043e-07 5.17412e-07
-1.08019e-06 5.59284e-07
-1.42717e-06 5.40469e-07
-6.98267e-07 3.66497e-07
-7.0685e-07 4.91479e-07
-1.0489e-06 -4.01414e-08
-2.748e-07 -4.70176e-07
7.61763e-07 1.74862e-07
1.338e-06 -8.16811e-08
-1.04135e-06 2.08356e-07
-1.38988e-06 5.00286e-07
1.73471e-08 -5.52248e-07
8.58336e-07 5.31443e-07
7.65686e-07 -3.06086e-07
1.41789e-06 4.55623e-07
-7.67607e-07 3.49792e-07
4.11675e-07 -1.77716e-07
5.24333e-07 2.78804e-08
1.3718e-06 3.25607e-07
2.86509e-07 -3.12853e-07
-8.35652e-07 4.04216e-07
-8.16383e-07 -1.21575e-07
-2.26257e-07 -5.50882e-07
-1.01237e-06 -4.32511e-07
-5.40417e-07 -5.49058e-07
-6.27484e-07 5.71164e-07
-1.36675e-06 4.02587e-07
3.16418e-07 1.43259e-07
1.29616e-06 -1.8838e-07
1.31168e-06 6.38779e-07
6.93461e-07 1.16832e-07
4.42899e-07 6.20479e-07
-1.27169e-06 3.94716e-07
-2.01258e-07 2.98568e-07
-9.33317e-07 3.99378e-07
7.52381e-07 4.74879e-07
6.27557e-08 -3.06455e-07
9.68273e-07 4.82705e-07
4.6184e-07 -1.40017e-07
-7.35924e-07 1.44994e-07
6.96644e-07 5.21299e-07
-7.04347e-07 -7.01427e-08
1.55825e-07 -4.33984e-07
1.03762e-06 -8.47682e-08
3.40222e-07 4.59624e-07
-1.43497e-06 5.29451e-07
-1.04743e-06 -9.43232e-08
1.38527e-06 2.42592e-07
1.33898e-06 2.60872e-07
-3.20201e-09 9.38983e-09
5.33451e-07 -3.56604e-07
-5.68663e-07 3.55785e-07
