3.82699e-07 -4.46074e-07
5.51617e-07 6.24158e-08
1.33509e-07 1.79718e-08
-1.2814e-07 4.98819e-07
1.80405e-07 6.26292e-07
-2.64105e-07 -3.0642e-07
-1.87368e-07 -2.6588e-07
8.41159e-07 6.51192e-07
-1.15022e-06 -7.64967e-08
-6.43403e-07 1.70435e-07
-3.17166e-07 -4.15416e-07
8.50709e-07 2.9979e-07
-3.2503e-07 5.35083e-07
-4.15432e-07 -4.70813e-07
7.23179e-07 1.5249e-07
-1.09902e-06 -4.56486e-07
1.22687e-06 -3.44134e-07
3.92421e-07 6.01119e-08
-1.19404e-06 8.61609e-08
5.31382e-07 -4.61732e-07
-1.26604e-06 -4.70152e-07
6.5192e-07 -4.08949e-07
9.23962e-07 4.58884e-09
8.06588e-08 -1.39087e-07
1.34695e-06 1.66602e-07
-4.41166e-07 2.50195e-07
-8.21316e-07 9.49787e-08
6.55329e-07 2.33252e-08
1.42836e-06 5.86469e-07
7.01993e-07 2.21681e-07
1.1941e-06 1.96925e-07
4.0338e-07 -2.24145e-07
1.19022e-06 -3.19076e-07
1.11088e-06 5.57609e-07
1.29009e-06 4.56829e-07
-8.51031e-07 -9.16036e-08
-1.39628e-06 1.64267e-07
8.63619e-07 -6.92578e-07
7.52884e-08 -2.09182e-07
-8.98049e-07 1.74393e-08
9.90451e-07 -4.99659e-07
-4.47055e-07 1.50672e-07
1.13902e-06 1.41339e-07
3.8005e-07 3.02362e-07
1.32078e-06 -6.37012e-07
1.12514e-06 5.78497e-07
-1.07097e-06 -6.38065e-07
-3.05223e-07 -3.23734e-07
1.29382e-06 -5.01779e-07
-8.71035e-07 -3.30396e-07
5.15067e-07 2.33704e-08
8.8012e-07 2.57689e-07
-4.8804e-07 -5.65633e-07
-1.0527e-06 5.25997e-07
2.22957e-07 -5.03857e-07
9.46202e-07 -4.76305e-07
-4.4619e-07 2.7834e-07
3.44373e-07 -3.68598e-07
4.08914e-07 3.98018e-07
4.00406e-07 -6.30392e-07
-2.93525e-07 6.11252e-08
6.80652e-08 5.43243e-07
1.41296e-07 5.89012e-07
-2.89432e-08 -1.63366e-07
8.6716e-07 5.21737e-07
-3.43795e-07 -4.52641e-08
8.10623e-07 -5.7827e-07
2.90993e-07 2.83404e-07
9.81493e-07 -3.51965e-07
1.00378e-06 1.7277e-07
-8.28164e-07 -2.89333e-07
7.74341e-07 -2.86758e-07
3.21976e-07 -1.99507e-08
-1.55347e-07 -1.54296e-08
-1.08193e-06 -5.65171e-07
-9.82219e-07 8.31035e-08
3.97447e-08 -5.20541e-07
1.07064e-06 -4.58601e-07
-2.34923e-07 -6.82956e-07
4.27092e-07 6.21781e-07
-8.74133e-08 -6.57804e-08
1.17579e-06 -6.44673e-07
4.30776e-07 -7.00015e-08
1.9136e-07 6.22807e-07
-1.08194e-06 6.05314e-08
5.10025e-07 6.00864e-07
1.30276e-06 3.33371e-07
-8.06819e-07 6.18606e-07
-1.16474e-06 4.01064e-07
8.36103e-07 -2.33271e-07
-4.18702e-07 1.25984e-07
-6.35292e-07 4.52885e-08
-3.1339e-08 -1.60423e-08
2.2427e-07 -2.86799e-07
7.87193e-07 9.30281e-08
-9.75818e-07 -5.17299e-07
-1.22877e-06 6.92727e-07
-1.23075e-06 -1.31747e-07
-1.35003e-06 1.10229e-07
-4.78199e-07 -2.03797e-07
4.49386e-07 -1.23856e-07
-2.99404e-07 -1.21973e-07
1.20684e-06 7.38897e-08
-1.13512e-06 3.24913e-08
1.0021e-06 1.7478e-07
-9.0408e-07 -4.21955e-07
4.67985e-07 -1.74448e-07
-3.67942e-07 -5.56343e-07
1.41792e-06 -1.06607e-07
-1.96997e-07 5.67288e-07
5.47214e-07 -9.20799e-08
-2.97246e-07 -3.62978e-07
4.47184e-07 -5.20301e-07
-1.30754e-06 -4.69286e-07
7.5314e-07 1.2662e-08
1.44614e-06 -3.65729e-07
-1.29288e-06 -2.81434e-10
4.13629e-07 -6.94041e-07
-7.84226e-07 -3.93751e-07
-4.73849e-08 -1.68587e-07
-1.35167e-06 -3.85219e-07
1.42342e-06 6.24222e-07
6.55628e-07 6.34331e-07
3.20853e-07 2.48114e-07
-6.06825e-07 1.53588e-07
-6.66105e-07 8.40725e-08
5.7599e-07 7.04824e-08
2.39306e-07 -4.90456e-07
-3.53254e-08 4.64121e-07
-6.09051e-07 4.54529e-07
-8.11909e-07 3.7747e-07
1.18611e-06 6.94363e-07
5.39947e-07 2.90864e-07
-1.2487e-06 3.17653e-09
7.21201e-07 3.69026e-07
-1.07485e-06 2.66449e-07
-7.93664e-07 6.25213e-07
8.39405e-08 3.58009e-07
2.82946e-07 -2.43686e-07
-8.99229e-07 -2.06021e-07
7.77496e-07 -9.03951e-08
-5.00441e-07 -1.53901e-07
1.10005e-06 -3.06785e-07
-1.04706e-06 -6.48524e-07
-4.45814e-07 -4.22857e-07
-9.96705e-07 3.89036e-07
-2.2262e-07 -5.59458e-07
-6.88098e-07 -4.58328e-07
1.1644e-06 -4.28663e-07
-1.35552e-06 -2.20296e-07
9.46675e-07 5.98491e-07
-5.6524e-07 -3.76478e-07
7.68757e-07 5.20531e-08
3.09113e-07 -6.58987e-08
-1.86068e-07 4.17665e-07
-1.11728e-09 -4.54061e-07
-2.68581e-07 -3.33467e-07
-8.55021e-07 -1.83575e-07
6.50921e-07 -5.41361e-07
1.43978e-06 5.88661e-07
8.23121e-07 3.00937e-07
3.49906e-07 -1.48671e-07
-1.08392e-06 6.8759e-07
9.07081e-08 -2.36405e-07
-2.05801e-07 -2.84484e-07
8.6449e-07 6.3195e-07
-4.97298e-07 -5.97317e-08
6.9699e-07 -5.95182e-07
1.42674e-06 -2.93769e-07
-6.70517e-07 1.90142e-07
1.08776e-06 -4.07857e-08
1.40484e-06 -4.81727e-07
6.24337e-07 6.75776e-07
7.9401e-09 7.71785e-08
5.28692e-07 -1.32416e-07
-4.32846e-08 -1.55838e-07
7.36076e-08 4.22913e-07
-1.32081e-06 -4.6093e-07
1.03944e-06 5.0367e-07
1.416e-06 6.51353e-07
-7.01361e-07 -9.37162e-08
-1.23696e-06 4.23517e-07
-6.80201e-07 -6.14017e-08
1.23636e-06 4.28616e-07
-8.35168e-08 -3.77374e-07
9.74729e-07 -3.77426e-07
-8.62561e-07 -6.71575e-08
1.37829e-06 1.86757e-07
-8.23305e-07 -4.46059e-07
6.90873e-07 5.17569e-07
-1.41188e-06 6.99395e-07
-1.06216e-06 -6.41726e-07
7.46436e-07 3.23074e-08
-8.26896e-07 -3.59831e-07
4.26183e-07 -6.16603e-07
6.10624e-08 2.31166e-08
1.59337e-07 2.00652e-07
-5.7379e-07 -2.43141e-07
-1.22354e-06 -1.808e-07
8.92381e-07 4.11322e-07
-9.90724e-07 -6.65875e-07
1.16463e-06 -2.77585e-07
-1.03697e-06 5.12856e-07
6.94331e-07 1.04423e-07
-1.59467e-07 2.30745e-07
-1.05324e-06 -1.98881e-07
5.89296e-07 3.96268e-07
-1.44914e-06 -1.00915e-07
4.4228e-07 -1.64769e-07
1.34957e-06 -5.16404e-07
-8.86187e-07 3.38962e-07
-1.12767e-06 -4.83076e-07
-7.20869e-07 -6.92574e-07
1.36311e-06 2.66572e-07
-3.95752e-07 3.70577e-07
-1.05582e-06 1.27516e-07
3.13349e-07 5.48818e-07
5.69547e-07 -4.80316e-07
4.39535e-07 6.61923e-07
1.2265e-06 -5.92116e-07
8.45978e-07 6.14505e-07
-1.24418e-06 -4.8002e-07
-1.0167e-06 -1.36483e-07
-1.13507e-06 -3.38336e-07
4.8946e-07 3.36385e-07
-1.42761e-06 -1.82443e-07
3.42561e-07 -9.11023e-08
-6.39181e-07 2.19549e-07
1.03415e-06 -6.08647e-07
-5.36294e-07 9.8228e-08
3.24476e-07 6.04598e-07
-8.32993e-07 2.00703e-07
4.30714e-07 1.77825e-07
-9.81269e-07 2.39362e-07
6.06465e-08 -1.09117e-07
1.95944e-07 2.94612e-07
-1.12418e-06 5.77929e-07
1.02702e-06 -4.82886e-07
3.83714e-07 -3.44033e-07
-1.35402e-06 2.45172e-07
-7.76698e-07 2.69182e-07
-8.25928e-07 5.17421e-07
-1.02548e-07 -2.96555e-08
8.47736e-07 5.32408e-07
1.54046e-07 -5.57723e-07
-5.02609e-07 4.73331e-07
9.49713e-07 3.05935e-07
1.09382e-06 -5.14824e-07
8.47652e-07 -1.25501e-07
-8.2251e-07 2.4102e-07
9.60694e-08 -6.14004e-07
-1.12883e-06 -1.68896e-07
-7.20013e-07 -5.08958e-07
-8.01131e-07 -6.81105e-08
-1.067e-06 -2.90047e-07
-1.11265e-07 -3.80491e-07
2.9277e-07 -2.1323e-07
1.10472e-06 4.42372e-07
-1.14751e-06 9.70573e-08
-1.06744e-06 5.77303e-08
3.22732e-07 2.60332e-07
1.01402e-06 5.59139e-07
-1.15192e-06 -5.77668e-07
-6.76347e-07 3.73009e-07
-2.01917e-07 1.05694e-08
-4.97688e-07 6.2476e-07
9.50531e-07 -5.28645e-08
4.62951e-07 3.15929e-07
6.11393e-07 3.04096e-07
-8.00883e-07 -4.70947e-07
1.21359e-06 -3.70898e-08
1.63068e-07 -1.56452e-07
-1.04879e-06 -5.80782e-07
1.20296e-06 2.10328e-07
7.96485e-07 -1.59902e-07
-7.36301e-07 -4.50965e-07
-1.28692e-07 -6.62195e-07
4.91851e-07 3.60104e-07
-1.36102e-06 -2.11897e-07
1.33408e-06 -6.59358e-08
9.09319e-07 -2.37895e-07
-1.33273e-06 -3.6981e-08
-4.51205e-07 3.13773e-07
4.90537e-07 -6.59862e-07
2.49876e-07 3.53903e-08
8.56238e-08 -5.75942e-09
-6.47279e-07 1.95296e-07
9.15283e-07 -4.31526e-07
-1.26842e-06 2.91681e-07
-2.75139e-07 -4.6433e-07
1.09968e-06 3.03576e-07
4.02259e-07 -5.42893e-07
1.32775e-06 -1.56433e-08
2.77786e-07 -2.79476e-07
-1.29574e-06 -1.8916e-07
5.005e-07 -2.42539e-07
-2.21741e-07 4.11172e-08
-1.10977e-07 5.81014e-07
-7.62832e-08 -5.55939e-07
-3.19435e-08 -2.55668e-07
-3.95489e-07 -1.65931e-07
-3.58232e-07 -5.6825e-07
9.91892e-07 -2.07761e-08
-2.81868e-07 -2.66839e-07
-2.4317e-07 6.11697e-07
-3.86197e-07 3.63482e-07
-1.34324e-06 -4.58028e-08
1.29202e-06 6.46859e-07
2.24737e-07 -6.51842e-08
4.48767e-07 4.06214e-07
-4.44639e-07 4.01852e-07
-1.10633e-06 6.54857e-07
-2.75994e-07 1.04233e-07
7.46717e-07 -3.31731e-07
-3.20343e-07 8.06022e-08
-6.784e-07 6.23739e-07
6.77274e-07 5.92453e-09
1.08701e-06 -1.46734e-07
-4.21142e-07 1.30532e-07
1.12213e-06 1.30224e-07
9.83283e-07 -4.05425e-07
-4.03822e-07 -5.80435e-07
1.28902e-08 -6.24001e-07
-1.38329e-06 1.39978e-07
-1.12607e-06 -6.83438e-07
7.411e-07 -9.36236e-08
-3.04272e-07 -2.76918e-07
-9.73513e-07 -3.53539e-07
-5.37828e-07 8.93731e-08
4.02203e-08 -1.76894e-07
1.36317e-06 -2.36146e-07
5.25398e-07 -3.9688e-08
1.98784e-07 -3.18815e-07
7.23762e-08 3.72085e-07
-8.19215e-07 -3.1569e-07
-9.38784e-07 4.86659e-07
-8.02972e-07 3.61399e-07
1.0734e-06 3.28878e-07
6.45604e-07 -5.13441e-07
1.04357e-06 -5.42298e-07
-9.13405e-07 -3.59041e-07
-3.76174e-07 2.03358e-07
6.45316e-08 9.98843e-08
1.46575e-07 -4.6136e-07
1.36411e-06 2.97172e-07
-1.36546e-06 -6.40339e-07
-1.12793e-06 -5.33125e-08
-1.02605e-06 -5.69829e-07
-8.14878e-07 6.65186e-08
6.17591e-07 1.38725e-08
4.83074e-08 2.76161e-07
-1.43077e-06 3.35071e-07
-1.72498e-07 1.68107e-07
1.18013e-06 -1.32828e-07
-5.55295e-07 1.59193e-07
1.20314e-06 -4.20572e-07
8.43029e-07 3.13604e-07
1.13165e-07 1.28361e-07
-5.81464e-07 -1.02483e-07
-1.25973e-06 2.88143e-07
-1.40583e-07 -9.37115e-08
-3.51718e-07 1.25727e-07
2.84814e-07 -3.777e-07
9.07681e-07 1.5059e-08
8.65121e-07 -6.81258e-07
1.24068e-06 6.86088e-07
1.4443e-06 -6.62029e-07
3.27284e-07 -3.54108e-07
-9.36022e-07 1.06139e-07
3.15464e-07 -4.95771e-07
1.03924e-07 2.80363e-08
-1.15179e-06 -1.40421e-07
2.15759e-07 3.75235e-07
-1.24524e-06 -6.79171e-07
-8.78313e-07 5.97491e-07
-8.47074e-07 3.48093e-07
-9.56594e-07 6.76939e-07
1.55249e-07 1.77275e-07
-3.72102e-07 3.68953e-07
1.04002e-07 3.53527e-08
-2.29316e-07 -4.88231e-07
3.88267e-08 -5.97928e-07
-6.31633e-07 5.07293e-07
1.44395e-06 6.33547e-07
6.40068e-07 1.73527e-07
-1.35207e-06 -6.63587e-07
9.38014e-07 -1.31619e-07
2.74987e-07 -2.4839e-07
-1.38274e-06 2.4228e-07
5.78573e-08 -1.11383e-07
2.88082e-07 -5.69721e-07
-1.14066e-06 -5.10141e-07
4.32178e-07 -3.81623e-07
2.54604e-07 5.55893e-07
-1.16199e-06 5.0742e-09
2.90953e-08 -5.96504e-07
-7.78384e-07 -1.32342e-07
9.85789e-07 -3.62184e-07
-1.18157e-06 5.2212e-07
-1.3231e-06 4.99376e-07
-3.788e-07 6.63985e-07
8.25156e-07 -4.48577e-07
-4.31735e-07 3.50768e-07
-8.02053e-07 -6.65385e-07
3.64983e-07 -1.14422e-09
-1.55745e-07 -5.79635e-07
-4.81979e-07 -5.81162e-09
-8.68731e-07 -3.58295e-07
-1.66442e-07 3.21746e-07
-1.1895e-06 4.9119e-08
-1.04571e-06 -6.64995e-07
-1.24876e-07 -4.93193e-08
8.01664e-07 6.33202e-07
-5.73551e-07 3.96751e-07
6.91206e-07 -8.75868e-08
3.82991e-07 -3.21579e-07
-8.19104e-07 3.83408e-07
-1.35335e-06 3.78663e-07
9.76686e-07 -3.86804e-07
-8.74048e-07 -6.98907e-07
1.41513e-06 2.41913e-08
-1.44234e-06 3.48018e-07
5.34031e-08 -2.76323e-07
1.14921e-06 -4.20105e-07
3.92207e-07 -2.47287e-08
-6.87174e-07 4.51622e-07
-1.24657e-06 -1.07488e-07
-8.46612e-08 -6.92017e-07
-1.23691e-06 4.09585e-07
1.1966e-06 -4.03476e-07
8.97301e-07 2.21668e-07
-1.32623e-06 -5.78311e-07
1.01748e-06 6.00845e-07
-9.55514e-07 1.65793e-07
-9.40386e-07 -3.23767e-07
-9.5803e-07 -4.10099e-07
-3.09751e-07 2.07614e-07
4.15806e-07 1.70732e-07
-1.34173e-06 -6.48492e-07
-2.79888e-07 6.30184e-07
5.99343e-07 -1.70759e-07
-7.98654e-07 4.75023e-07
4.53675e-09 2.57352e-07
-1.31419e-06 8.76905e-08
-8.27091e-07 5.49106e-09
-1.41528e-06 5.46943e-07
-7.12701e-07 1.30786e-07
-1.10671e-07 -4.89348e-07
-1.10041e-06 2.92503e-07
1.47251e-07 3.74241e-07
-1.1748e-06 -3.42251e-07
-2.91071e-07 -6.37373e-07
3.40773e-07 -2.28453e-07
9.30088e-08 5.37637e-07
-3.7306e-08 1.14814e-07
-1.36349e-06 -5.61545e-07
1.27365e-06 3.21253e-07
8.42671e-07 -4.85738e-07
3.62338e-07 4.41548e-07
2.97831e-07 1.21857e-08
6.1391e-07 4.34744e-07
-1.10189e-07 -1.36188e-07
1.44246e-06 -1.52607e-07
-4.60676e-07 -3.27628e-07
-1.26702e-06 -6.2826e-07
-6.98446e-08 -5.6585e-07
-8.90896e-07 -6.79993e-07
-1.08164e-06 3.06e-08
2.40559e-07 1.21695e-08
-6.59542e-08 9.44657e-08
-7.6971e-07 4.33198e-07
8.18977e-07 -4.60771e-07
4.8665e-08 -3.51371e-07
8.7741e-07 -4.12159e-08
-1.06967e-06 -3.90113e-07
8.17638e-07 6.23309e-07
-9.48339e-07 -7.64672e-08
-9.26654e-07 4.64645e-07
9.20852e-07 -4.08026e-07
-7.08842e-07 1.46797e-07
-1.22229e-06 7.76649e-08
1.37717e-06 -3.17593e-07
-4.33507e-07 1.73992e-07
-1.18313e-06 2.66212e-07
7.60523e-07 5.58528e-07
-7.99507e-07 3.14453e-07
-1.32113e-06 -1.24012e-07
1.09477e-06 4.23914e-08
9.10001e-07 4.12121e-07
8.29275e-08 2.26292e-07
6.43448e-07 -4.99387e-07
8.2748e-08 -6.82825e-07
6.13317e-07 1.35582e-07
7.43897e-07 -4.51472e-07
-7.38045e-07 6.38674e-07
-6.17239e-07 3.00405e-07
-1.18505e-06 -5.74953e-07
7.25782e-07 3.63516e-07
1.59171e-08 3.61923e-07
1.30083e-06 -6.53517e-07
-4.61562e-07 -5.01818e-07
9.88148e-07 6.09767e-07
9.7195e-07 -4.54208e-07
-1.20341e-07 -5.2578e-07
1.81573e-07 4.02646e-07
6.10249e-07 -1.50767e-08
2.5526e-07 -4.76836e-07
1.02872e-06 1.89907e-07
-1.22942e-06 -3.97113e-07
-8.22042e-07 -2.16489e-07
9.77114e-07 3.7158e-07
-1.38659e-06 -6.25191e-07
-6.06591e-07 2.4085e-07
-7.6239e-07 -4.08811e-07
7.54638e-07 5.33474e-08
1.41452e-06 3.95942e-07
1.21783e-07 3.4891e-07
-9.60505e-07 4.23023e-07
-2.78448e-07 6.69871e-07
1.1121e-06 3.52523e-07
1.18565e-08 4.07831e-07
1.20032e-06 2.49179e-07
-1.02101e-06 6.96224e-07
-1.17709e-06 -5.81381e-07
-4.42079e-07 1.73016e-07
3.02819e-07 3.76765e-07
3.15734e-07 -5.1591e-07
1.08154e-06 2.39334e-08
-2.36293e-07 -4.16607e-07
3.76957e-07 5.12684e-07
8.24084e-08 5.46423e-07
1.30499e-06 1.47672e-07
2.8058e-07 4.73854e-07
-2.07067e-07 -1.32629e-07
-3.4198e-07 2.31726e-08
-1.81635e-07 -2.35794e-08
-1.3422e-06 -5.10081e-07
1.1595e-06 4.84316e-07
7.30346e-07 -1.76218e-07
-6.77576e-07 -4.46707e-07
1.21671e-06 -5.51316e-08
-1.02448e-06 -5.87e-07
5.56527e-07 -1.06764e-07
-1.44625e-06 -5.60239e-07
-2.3268e-07 -1.67811e-07
7.98579e-07 7.97889e-08
1.33402e-07 1.09217e-08
-7.16911e-07 1.04569e-08
1.10978e-06 3.69958e-07
1.52602e-07 -6.20823e-07
1.17576e-06 -1.81344e-07
1.14146e-07 -3.23514e-07
1.35859e-06 -3.41139e-07
1.2831e-06 -6.85526e-07
-1.37287e-06 -3.17691e-07
9.26705e-07 -4.73921e-07
2.23193e-07 3.3918e-08
8.96698e-07 3.34181e-07
-1.06986e-06 -1.02222e-07
1.29779e-06 3.63606e-07
-1.2755e-06 5.05565e-07
7.37127e-08 3.08384e-07
-4.99575e-07 -5.29767e-07
-3.17715e-08 -1.93586e-07
1.38941e-06 -3.13108e-07
1.20597e-07 -6.9149e-07
-4.43853e-07 6.24679e-07
-2.1227e-07 4.46554e-07
-4.66605e-07 5.40751e-07
9.96146e-08 4.72681e-07
-5.74074e-07 9.47061e-09
-4.31975e-07 2.51242e-07
2.72183e-07 -1.65447e-07
-3.60028e-07 -3.85417e-08
-3.58259e-07 1.6954e-07
5.64273e-07 -4.06502e-07
-7.39406e-07 3.11442e-07
8.36337e-08 6.60851e-08
-1.44892e-06 6.815e-07
2.30865e-07 -5.45295e-07
1.28422e-06 1.04912e-07
-1.47899e-08 -5.35888e-07
5.21364e-07 3.09187e-08
7.96411e-07 -5.80487e-07
1.24407e-06 -4.84087e-07
1.4403e-06 -6.65955e-07
-8.75188e-07 4.59114e-07
-5.0731e-08 2.08105e-08
1.9374e-07 6.54972e-07
9.25334e-07 6.11943e-07
4.17544e-07 4.00959e-07
-1.01797e-07 5.45046e-07
9.30695e-07 6.47615e-07
2.64255e-07 -4.33484e-07
-4.20326e-07 -3.02116e-09
-5.09699e-07 -4.71974e-07
9.43289e-07 5.427e-07
-6.34112e-07 -5.40054e-07
3.07724e-07 -3.25841e-07
9.74403e-07 4.21956e-07
-4.59109e-08 -4.45482e-07
1.08874e-06 -1.54491e-07
-4.06104e-07 -5.21893e-08
-1.41075e-06 -5.33355e-07
1.05445e-06 3.99107e-07
2.14256e-07 -2.7615e-07
-3.70247e-07 3.43614e-07
6.49707e-07 1.10277e-07
-1.34238e-06 3.06173e-07
-1.36592e-06 4.43215e-08
-1.79302e-07 -1.50684e-07
1.65935e-07 6.26123e-07
-6.7062e-07 9.27796e-08
1.23753e-07 2.5846e-07
8.30595e-07 -3.85443e-07
-2.04339e-07 -4.39354e-07
1.34336e-07 -3.82366e-07
-1.94064e-07 4.88406e-07
1.35871e-06 6.40078e-08
-3.29188e-07 2.35875e-07
5.21896e-07 6.46753e-07
-3.13907e-07 1.6581e-07
1.63333e-07 -2.93359e-07
-7.7938e-07 -4.36619e-07
5.87701e-07 -5.55731e-08
-1.25663e-06 -5.59748e-07
-1.21608e-06 5.64606e-07
6.88055e-07 3.92551e-07
-1.33608e-06 -4.83174e-07
9.54632e-07 4.29589e-07
1.06145e-06 2.62227e-07
1.36033e-06 -5.1048e-07
1.42176e-07 -6.88274e-07
-1.20213e-06 -5.9478e-07
2.4132e-07 -3.57549e-07
-1.34009e-06 5.87454e-07
5.24609e-07 6.86755e-07
-1.40572e-06 -5.65661e-08
-9.24949e-07 -8.6519e-08
5.73179e-08 6.6016e-07
1.31124e-07 4.37009e-07
-2.22032e-07 7.42417e-10
4.54167e-07 6.02739e-07
-6.45609e-07 -6.85132e-07
-1.90702e-07 2.42942e-07
-9.45955e-07 -5.05458e-07
6.89945e-07 1.74259e-07
-5.21207e-07 1.14224e-07
2.69554e-07 7.18878e-08
-1.19246e-06 3.157e-07
3.81467e-07 3.147e-07
-9.76847e-07 5.27256e-07
-1.01429e-06 1.52409e-08
-6.15599e-07 5.5877e-07
-5.19062e-07 2.71935e-07
-4.65081e-07 -6.76141e-07
-3.51448e-07 3.69749e-07
3.96907e-07 -8.89324e-08
2.09887e-07 1.61532e-07
4.88047e-07 -3.26943e-07
7.42817e-07 -4.11825e-07
-8.19921e-07 -1.94148e-07
-1.06732e-06 -3.52142e-07
5.15389e-07 7.44804e-08
-4.72082e-07 -6.82733e-07
7.7271e-07 -6.56959e-07
-5.7825e-07 3.10378e-07
3.64356e-07 3.69974e-07
2.14237e-07 4.41025e-07
9.62905e-08 3.51857e-07
1.44069e-06 1.19527e-07
-1.08901e-06 1.48855e-07
-2.29402e-07 -4.83466e-07
-7.1466e-08 6.71378e-07
-1.61921e-07 -3.02473e-07
-2.0148e-07 -5.1826e-08
1.23993e-06 2.39054e-07
2.71367e-07 2.4909e-07
1.09404e-06 -2.19304e-07
-4.33066e-07 -3.70834e-07
9.33087e-07 -6.79344e-07
-1.17672e-06 -5.00684e-07
-2.26306e-07 4.79356e-07
-2.73769e-08 -1.64305e-07
-1.03524e-06 5.45505e-08
2.01592e-07 -6.38129e-07
-1.31627e-06 -4.40919e-08
1.39017e-06 1.31971e-08
2.17974e-07 2.67631e-07
-9.74889e-07 -3.60606e-08
5.08818e-07 -5.57078e-07
-1.78626e-07 5.55129e-07
1.08817e-06 9.37777e-08
7.67943e-07 -5.25186e-07
5.14809e-07 -4.76764e-07
-4.97682e-07 6.91545e-07
2.30212e-07 -8.18609e-08
1.14804e-06 3.45744e-07
5.53975e-07 -3.95354e-07
-2.30509e-07 -3.2897e-07
6.93976e-07 5.4538e-07
-5.43363e-07 -1.00558e-07
5.36393e-07 3.8296e-07
1.97083e-07 -3.83886e-07
-2.98027e-07 1.55893e-07
-1.20855e-07 -4.139e-07
1.33361e-06 6.96654e-07
8.29205e-07 -3.17082e-08
-1.00067e-06 -6.22821e-08
-2.61944e-07 1.44964e-07
-8.71791e-07 -3.07036e-07
-3.38258e-07 6.86081e-07
1.3397e-06 3.49186e-07
-1.23756e-06 5.9923e-07
1.661e-07 3.48609e-07
-1.179e-06 4.78611e-07
-2.4018e-07 -3.26648e-07
-1.36703e-07 3.46265e-07
-1.04435e-06 -2.19273e-07
-6.21859e-07 2.83575e-07
-6.5189e-07 2.12997e-07
7.29154e-07 -4.20593e-07
-3.13992e-08 3.42366e-08
1.20857e-06 -1.22676e-07
6.80237e-07 -4.49371e-07
-5.90167e-07 2.21247e-07
-1.17381e-08 2.59294e-07
9.02374e-07 1.85e-08
9.58291e-07 2.6373e-07
8.30395e-07 -5.16227e-07
-7.36198e-07 -5.75906e-07
1.1088e-06 2.45824e-07
-2.69803e-07 -4.53345e-07
-1.24578e-06 -1.98097e-07
1.20585e-06 3.4843e-07
-1.41345e-06 2.86328e-07
-3.54378e-07 -5.87086e-08
-7.45441e-07 -5.12389e-07
5.01941e-07 2.73063e-07
-5.59381e-07 -5.58895e-07
-1.12318e-07 3.36558e-08
-1.07057e-06 -5.2145e-07
-9.08012e-07 -5.43552e-07
2.63195e-07 4.64912e-07
6.61502e-07 3.53585e-07
4.14669e-07 -3.15228e-07
1.27052e-06 -3.5844e-07
-1.43793e-06 -1.91522e-07
-5.11743e-07 -4.91737e-07
7.85519e-07 6.37231e-07
9.15407e-07 -2.32057e-07
-5.5831e-08 3.2584e-08
-1.10572e-06 -3.33219e-07
-8.06288e-08 4.30837e-07
-6.18201e-08 -2.3023e-07
9.96847e-07 2.04202e-07
8.49669e-08 -3.51357e-07
1.36536e-06 4.69165e-07
-3.53713e-08 2.69813e-07
1.0072e-06 -2.67935e-07
-8.33545e-08 -3.11573e-07
8.77647e-08 3.45165e-07
-1.42076e-06 6.86275e-07
5.73343e-07 1.84231e-08
-1.0004e-07 4.12094e-07
7.26756e-07 3.12544e-07
1.09205e-06 -4.85931e-07
-7.39775e-07 -1.00641e-07
1.29511e-06 3.56602e-07
-2.99603e-08 -4.41819e-07
-3.11916e-07 3.94435e-07
-1.85512e-07 2.42086e-07
-7.91356e-07 -6.8733e-07
-9.50711e-07 6.54385e-07
7.05582e-07 -6.38196e-07
-6.47277e-07 3.72589e-07
-4.23435e-08 -2.24925e-07
-1.33454e-06 1.00063e-07
1.1123e-06 -2.35187e-07
9.44002e-07 -1.85524e-07
-4.5469e-07 6.88894e-07
-8.33964e-07 -2.53936e-07
3.03181e-07 6.5422e-07
1.28642e-06 1.61986e-07
9.09292e-07 -1.6503e-07
-1.12972e-06 -3.31943e-07
4.22016e-07 -5.00482e-08
-3.21381e-07 4.80321e-07
-1.36759e-06 -6.68455e-07
-2.84435e-07 4.00155e-07
-8.90887e-07 4.62211e-07
8.10951e-08 -4.31311e-07
-1.42418e-06 -3.72034e-07
-1.37769e-06 -3.87117e-07
1.01659e-06 7.76804e-08
-6.97316e-07 2.2959e-07
-9.44971e-07 -2.21955e-07
-4.37472e-07 6.85323e-07
1.16769e-06 -6.34791e-07
6.19808e-07 -2.4385e-07
-1.43793e-06 6.40236e-08
1.73345e-07 6.03476e-07
-1.27834e-06 6.81139e-08
-6.20588e-07 -3.68793e-07
-7.97654e-07 1.91604e-07
1.19859e-06 1.02081e-07
1.29764e-06 1.24872e-07
-1.41074e-06 4.603e-07
1.00622e-06 3.47686e-07
-7.96934e-07 3.88698e-07
8.25073e-07 -6.07837e-07
-4.97964e-07 6.88458e-07
-5.24778e-07 -6.6948e-08
1.25626e-06 4.78776e-07
-6.49685e-07 2.24986e-07
2.45087e-08 -3.66959e-07
-5.38429e-07 1.8138e-07
-7.84652e-07 1.0353e-07
-3.97245e-07 -1.5614e-07
1.20912e-06 3.12301e-07
-8.39706e-07 -6.16735e-07
-8.75642e-08 -4.83088e-07
-8.47994e-07 -6.51109e-07
-3.78239e-07 1.06242e-07
7.18445e-07 -2.94842e-07
4.79002e-07 -3.73136e-07
-8.68343e-07 -6.01443e-07
-1.02216e-06 6.5034e-07
-2.49531e-07 -5.1389e-07
-1.25643e-06 6.67584e-07
4.38635e-07 -6.02027e-07
7.5842e-07 1.7124e-07
-1.06595e-06 1.58814e-07
-1.36003e-06 2.15426e-07
1.19695e-06 -6.91519e-07
-3.34624e-07 2.50956e-07
-4.70372e-07 6.99989e-07
-1.40423e-06 -6.37118e-07
1.41466e-06 1.22672e-07
1.05719e-06 2.04126e-08
5.23572e-07 1.80809e-07
-1.12114e-06 -5.59989e-07
-6.14198e-07 1.77375e-07
1.04574e-06 1.30434e-07
7.28139e-07 2.98918e-07
-7.83817e-07 -3.0836e-07
1.25071e-06 -9.6591e-08
-3.28789e-07 5.86609e-07
-9.27429e-07 -4.36236e-07
-6.74418e-07 -4.32386e-07
-7.6266e-07 -6.57083e-07
1.06318e-06 7.75248e-08
6.3595e-07 3.99824e-07
-7.8424e-08 4.15867e-07
1.30901e-06 -1.35075e-07
8.20138e-07 -6.18233e-07
-1.05491e-06 -6.03167e-07
2.41968e-07 -4.32701e-07
4.48981e-07 -5.03569e-07
-1.1909e-06 3.30486e-07
-7.43633e-07 6.40648e-07
1.21628e-06 1.95386e-07
1.35417e-06 -2.66294e-07
2.52072e-07 4.91441e-07
-8.50319e-07 5.10574e-07
1.32583e-06 4.57773e-07
-1.24297e-08 -6.69233e-07
8.94316e-07 5.56481e-07
-4.42028e-07 -4.51306e-07
5.04023e-07 4.4912e-08
1.22471e-06 -2.90721e-07
-7.01418e-07 -4.50901e-07
-3.34073e-08 -3.69484e-07
1.31985e-06 -1.24422e-07
-9.85262e-07 -2.19636e-07
-4.34584e-07 2.69227e-07
-1.43904e-06 1.97834e-07
-1.05521e-06 6.42668e-07
1.35431e-06 -5.93329e-07
2.91083e-07 -3.3251e-07
9.41021e-07 -5.97257e-07
-9.81297e-07 -2.73897e-07
7.44662e-07 4.24788e-07
-1.22462e-07 4.96864e-07
-1.14316e-06 -5.93462e-07
-7.22095e-08 3.65368e-07
-4.83516e-07 2.06441e-07
7.72882e-07 -4.47368e-07
9.09772e-07 1.71597e-08
-1.01119e-06 -1.46868e-07
3.34324e-07 -5.66276e-07
-1.18732e-06 4.08954e-07
-1.19126e-06 -6.89853e-07
5.12776e-07 1.01726e-07
8.65359e-07 5.02379e-07
-2.76119e-07 -5.35368e-07
1.35186e-06 -4.38881e-07
4.15303e-07 -5.44619e-07
-1.5774e-07 1.7385e-07
-3.23223e-07 -6.47705e-07
4.26526e-07 -2.59404e-07
1.0856e-06 -6.98192e-08
-3.0088e-07 -4.72338e-07
1.341e-06 4.99067e-07
1.14672e-06 -8.39904e-08
-1.12019e-06 -2.5429e-07
-1.28194e-06 3.47665e-07
8.14306e-07 -6.0687e-08
9.59281e-07 -3.80512e-07
-1.21047e-06 -3.56127e-07
-1.08473e-06 3.24212e-07
9.74716e-07 1.25674e-07
1.22996e-06 -3.37831e-07
-6.99593e-07 -2.99297e-07
-6.15229e-07 -2.19233e-07
-6.1947e-07 -6.18202e-07
3.3167e-07 -1.6016e-07
-1.40762e-06 -6.50489e-07
1.1454e-06 -4.46845e-07
1.38247e-08 -1.98772e-07
3.98251e-07 -2.05305e-07
1.35966e-06 -4.33758e-07
5.89174e-07 3.1634e-07
-1.73349e-07 2.72298e-07
-2.43673e-07 4.69631e-07
5.21714e-07 2.01529e-07
-8.72693e-07 -2.06929e-08
6.58504e-07 -6.99917e-07
-1.28051e-06 -5.99627e-07
8.23958e-08 5.45635e-08
-4.39031e-07 2.04426e-07
8.29987e-07 6.10694e-07
1.17004e-06 -5.01813e-07
-7.76635e-07 3.00627e-07
1.13024e-06 6.92327e-07
8.91342e-07 6.82301e-07
-1.16947e-06 -6.26305e-07
-3.83277e-07 3.78516e-07
-8.9348e-07 -6.1051e-07
1.82857e-07 3.59295e-07
9.64573e-07 -6.73771e-07
-1.27579e-06 -3.42241e-07
-1.16194e-06 -5.78955e-07
1.4016e-07 2.19111e-07
1.25001e-06 -2.05035e-07
3.51963e-07 4.96453e-07
-1.0911e-06 4.99713e-07
8.36983e-07 -4.70841e-07
1.23899e-07 -4.10961e-07
-1.11633e-06 -2.02897e-07
4.71087e-07 2.65846e-08
1.00169e-06 5.1722e-07
-4.14113e-08 5.53277e-07
1.32376e-06 -5.8111e-07
-9.50664e-07 -8.78841e-08
-7.82453e-07 -1.81311e-07
-9.08858e-07 -3.7364e-07
-9.98599e-07 4.68203e-08
9.22763e-07 -4.22635e-08
-1.11385e-06 -3.89801e-07
9.75208e-07 8.35209e-08
-7.52609e-09 -2.94279e-07
-8.39777e-07 -1.18477e-07
1.09037e-06 2.039e-07
-7.75399e-07 -3.79165e-07
1.23411e-06 -6.33871e-07
-7.86821e-07 -5.36948e-07
7.83758e-07 6.68429e-07
1.17483e-06 -5.19971e-07
3.2051e-07 -3.36327e-07
-1.32926e-06 5.53967e-07
-1.01455e-06 6.47773e-08
1.38464e-06 5.68148e-07
5.55457e-07 -6.79366e-07
-1.56757e-07 -3.28148e-07
-7.13362e-07 -5.21722e-07
-3.62417e-08 -5.894e-07
1.39488e-06 -2.19392e-07
-9.58222e-07 5.61325e-07
-1.62647e-07 3.43975e-07
1.1894e-06 4.59996e-07
4.25833e-07 3.32915e-07
-8.24306e-07 -5.10954e-07
-1.14996e-06 -3.86498e-07
5.80337e-07 4.53265e-07
-1.02159e-06 -6.96986e-07
-1.21275e-06 -5.18675e-07
-2.02635e-07 -4.75587e-07
-1.02347e-06 -2.9717e-07
-1.29443e-06 -4.68725e-07
-6.35533e-07 -6.16746e-08
-3.22679e-07 -5.05018e-07
-1.42831e-06 3.04537e-07
-1.07677e-06 1.66543e-07
1.84067e-07 5.49528e-07
6.38699e-07 4.59736e-07
-1.16558e-06 -4.81055e-07
-1.09505e-06 6.78787e-07
1.92563e-07 -5.57713e-07
3.53549e-07 -6.0856e-07
