-1.88803e-07 -3.80129e-07
1.53753e-07 1.05616e-07
-4.39004e-07 -3.76781e-07
-4.34654e-08 2.69108e-07
1.48252e-07 5.72837e-07
1.04455e-07 2.4439e-07
5.90655e-08 3.87944e-07
9.67572e-07 -4.07444e-07
-1.00117e-06 -3.08404e-08
-1.42936e-06 -4.12323e-07
-1.02452e-06 2.25018e-08
-9.7479e-09 5.61642e-07
-3.03448e-07 6.65504e-07
1.39287e-07 -3.32358e-07
-1.6443e-07 4.76973e-07
-4.26299e-07 3.32123e-07
-4.98745e-07 -5.6513e-07
-7.31378e-07 3.17495e-07
-1.15801e-06 -3.47812e-07
-7.60804e-07 1.22501e-07
1.17399e-06 6.71136e-07
-1.11232e-06 1.41239e-07
-9.18519e-07 4.16244e-07
-1.99372e-07 -2.84077e-08
-9.4976e-07 -7.52465e-08
3.85995e-09 1.65387e-08
-9.02516e-07 5.24439e-07
4.96807e-07 5.57226e-07
8.39854e-07 6.89989e-08
-4.58636e-07 2.17339e-07
-1.35176e-06 -4.37065e-07
1.55487e-07 5.9191e-08
1.40163e-06 5.82703e-07
3.36114e-07 -6.59603e-07
1.26189e-06 -1.00817e-07
-9.44604e-07 -3.88697e-08
-1.35435e-06 -6.75748e-07
-1.72047e-07 -2.90461e-07
-1.03636e-06 -5.48661e-07
7.75758e-07 -2.9092e-07
-4.32838e-07 -6.74249e-07
-8.86695e-07 -3.80466e-07
2.92887e-07 2.05571e-07
-1.3486e-06 -5.76543e-07
6.24371e-07 -5.98326e-07
-6.67335e-07 -9.63321e-08
1.73047e-07 -2.73772e-07
9.40779e-07 -1.57275e-07
9.58307e-07 4.24133e-07
-1.01182e-06 -3.16457e-07
-4.81949e-07 -2.2436e-07
5.69147e-07 3.61793e-07
-6.14638e-07 -3.53813e-07
-1.36113e-06 -6.06057e-07
9.99574e-07 6.17444e-07
-9.39002e-07 -1.18534e-07
1.80031e-07 -6.07621e-07
-5.25299e-07 3.55242e-07
1.38215e-06 6.82355e-07
-5.85885e-07 -4.98681e-07
1.14366e-06 2.5371e-07
-2.76377e-07 -4.71269e-07
6.28816e-07 6.59699e-07
-6.29059e-08 -6.98803e-07
1.26886e-06 5.50631e-07
1.22639e-07 -6.26373e-07
-5.53949e-07 4.19692e-07
6.7915e-07 -3.97506e-08
-9.96464e-08 6.63093e-07
9.6705e-07 -1.38041e-08
-8.83453e-07 6.33542e-07
9.96272e-08 -6.58778e-07
-1.29504e-06 1.48201e-07
4.00366e-07 3.75315e-07
3.28633e-07 6.36102e-07
-9.5278e-07 -1.0124e-07
-6.43293e-07 -4.31234e-07
8.43403e-07 -3.94244e-08
3.78345e-07 7.87011e-08
1.08212e-06 6.74103e-07
-5.2236e-07 2.61107e-07
7.6377e-07 -6.60591e-07
1.0333e-06 -5.62946e-07
8.68816e-07 3.864e-07
-3.67072e-07 -2.56899e-07
8.67214e-08 -3.91081e-07
-7.51972e-07 2.4737e-07
-2.19127e-07 5.27458e-07
1.13141e-06 -6.08771e-07
-9.87492e-08 1.14758e-08
1.03254e-06 4.61629e-07
2.01928e-07 1.48747e-07
9.01893e-07 2.96433e-07
8.00135e-07 -4.26727e-07
1.0234e-06 3.54671e-07
-1.16171e-06 -9.77708e-08
5.1908e-07 -1.52002e-07
-2.22119e-07 3.97166e-07
-9.79767e-07 1.19064e-07
-1.38122e-07 1.95579e-07
-4.2237e-07 -1.81438e-07
9.36599e-07 1.26119e-07
-1.13694e-06 -2.11264e-07
9.58914e-07 1.27443e-07
1.04396e-06 -1.8483e-07
-2.0943e-07 1.64207e-07
-1.10191e-06 -4.24591e-07
-2.03615e-07 -1.03207e-07
-1.27136e-06 -4.71611e-08
-1.24888e-07 1.11602e-07
1.68807e-07 2.60046e-07
1.27483e-06 -6.33335e-07
6.53615e-07 1.84241e-07
1.20336e-06 -3.06465e-07
7.6133e-07 -6.82909e-07
7.03897e-07 -1.6831e-07
-6.8946e-07 4.68606e-07
4.28506e-07 1.6192e-08
7.13921e-07 -1.08485e-07
-5.07187e-07 -6.33031e-07
-5.91753e-07 3.69466e-08
6.25673e-07 -2.4064e-07
-6.62665e-07 -4.89765e-07
2.65924e-07 -4.01092e-07
-8.20121e-07 3.65538e-07
3.86374e-07 3.3458e-08
1.20522e-06 2.21943e-07
-1.1762e-06 1.80738e-07
1.37574e-06 3.39748e-07
-1.30831e-07 -5.81165e-07
9.58816e-07 -1.59283e-07
-1.20338e-06 -2.42896e-07
3.48784e-07 1.15022e-08
5.88034e-07 -1.90852e-07
1.12674e-06 3.77655e-07
-9.74694e-07 -2.29889e-07
-9.99762e-07 -3.92207e-07
5.0748e-07 -3.78605e-07
1.32204e-06 5.79311e-07
5.40135e-07 4.44855e-07
-2.76137e-07 -4.81221e-07
1.18803e-06 -6.36823e-07
-1.75831e-07 -4.40555e-08
1.22505e-06 2.29529e-07
-1.19304e-06 3.34533e-08
-5.71506e-08 4.38695e-07
7.59122e-07 4.89123e-07
-9.99244e-07 7.72544e-08
5.25812e-09 -4.38271e-07
8.47793e-07 2.02728e-07
9.50767e-07 6.76316e-07
-3.90672e-07 -1.93662e-07
-9.43666e-07 3.97351e-08
4.5397e-07 7.73829e-08
1.34647e-06 3.03321e-07
2.7314e-07 3.44339e-07
-1.11789e-06 -1.91652e-07
3.23777e-07 1.14715e-07
1.15015e-06 3.221e-07
2.70622e-07 -3.17608e-07
1.04908e-06 -2.20834e-07
1.07913e-06 -2.02816e-07
8.11367e-08 -2.47847e-07
-1.01849e-06 -2.31972e-07
-1.25929e-06 2.90342e-07
-1.02523e-06 -6.20481e-07
-1.24967e-06 4.24374e-08
1.0675e-06 -5.52192e-07
-1.1939e-06 6.81397e-07
7.585e-07 -1.59275e-07
8.78362e-08 -6.06919e-07
-5.79803e-07 1.51953e-07
-7.97946e-07 -9.42776e-08
-1.20179e-06 5.61895e-07
-8.30898e-07 -4.24632e-07
8.83241e-07 -2.86467e-07
2.53945e-07 -5.2895e-07
8.35309e-07 2.67893e-07
-1.321e-06 -3.29981e-07
6.46579e-07 -4.35211e-07
-1.24493e-06 5.73077e-07
1.72321e-08 5.46153e-07
-9.29157e-07 1.12538e-07
-5.03774e-07 -5.1712e-07
1.10391e-06 -1.28923e-07
7.24046e-07 1.49831e-07
-1.418e-06 -5.97786e-07
1.09941e-06 9.06531e-09
5.96698e-07 -1.84407e-07
1.2718e-06 3.83132e-08
1.30874e-06 -4.9068e-07
-3.4346e-08 5.13652e-07
1.32107e-06 4.99697e-07
8.12088e-07 2.00546e-07
-9.3272e-07 -3.5953e-07
9.29578e-09 2.55474e-07
-2.00148e-07 -6.65449e-07
-1.01882e-06 6.35423e-07
-6.9981e-07 -6.33386e-07
-1.05797e-06 8.26714e-09
