8.52127e-07 6.92126e-08
-3.87609e-07 -6.58799e-07
-5.55306e-07 -3.60337e-07
-8.67995e-07 2.19832e-07
3.67722e-07 -6.14175e-08
-5.89291e-07 -2.59868e-07
3.30788e-07 4.15461e-07
-3.43588e-07 -4.60697e-07
-3.81138e-07 4.37287e-07
3.12181e-07 5.70744e-08
1.23883e-06 -6.2064e-07
2.80543e-07 1.11719e-07
1.43347e-06 -7.73049e-08
9.85225e-07 -6.64357e-07
-2.58311e-08 -1.96254e-07
1.01032e-06 -3.08914e-07
-3.72661e-07 2.79194e-07
-1.11823e-06 -4.11501e-07
3.85826e-07 -6.27488e-07
6.64713e-07 -2.12585e-07
8.2719e-07 5.00533e-07
-1.24833e-06 -2.96145e-07
-8.24721e-07 -3.91986e-08
4.5651e-07 -6.72208e-07
9.35096e-07 -5.88804e-07
-5.05525e-07 -6.87772e-07
-5.83816e-07 1.74092e-07
-1.39784e-06 -9.89655e-08
-1.36936e-07 6.76377e-07
7.20238e-07 4.38668e-07
7.22318e-07 1.25496e-07
-8.2174e-07 4.43458e-07
1.40681e-06 7.90664e-08
2.04144e-07 -1.04484e-07
8.60965e-07 6.29333e-07
1.36012e-06 3.49058e-07
-6.04497e-07 3.87477e-07
-8.14096e-07 2.59041e-07
6.83094e-07 3.24486e-07
-4.05994e-07 3.20144e-07
1.92672e-07 6.47962e-07
2.85829e-07 -6.16089e-08
-8.72181e-07 1.19907e-07
8.58423e-07 -6.57841e-07
-9.74709e-07 1.6244e-07
-1.08973e-06 -4.93456e-07
3.56392e-07 6.42596e-07
-6.36959e-07 4.5809e-07
3.49443e-07 6.912e-07
-1.27119e-06 -4.43726e-07
1.05336e-06 -9.35944e-08
4.84083e-07 6.06846e-07
6.50742e-08 -1.76542e-07
-8.31369e-07 -3.10776e-07
6.74602e-07 4.08905e-07
7.0556e-07 -1.91179e-07
-7.74033e-07 -4.56532e-07
-8.96817e-07 1.82312e-07
1.35448e-06 -5.55707e-07
1.42285e-07 2.19559e-07
1.26806e-06 2.2561e-07
1.32104e-06 -4.17867e-08
-1.07984e-06 6.34583e-07
1.03225e-06 -4.51013e-07
-5.08671e-07 7.2519e-08
4.21563e-08 -8.23959e-08
6.44273e-07 -5.86443e-07
9.89783e-08 -2.38868e-07
-3.51085e-07 2.18883e-07
7.07791e-07 -3.07127e-07
9.97946e-07 -5.39826e-08
1.27185e-06 -5.23168e-07
1.41747e-06 -6.80172e-07
-6.17309e-07 6.511e-07
-1.11042e-06 6.78591e-07
9.2303e-07 -2.13749e-07
1.17324e-06 1.38067e-07
2.17747e-07 6.09889e-08
-8.15045e-07 4.13539e-07
1.29013e-06 -7.94557e-08
1.07867e-06 5.59912e-07
-1.43433e-06 5.45711e-07
-5.23231e-07 3.67383e-07
-1.17388e-06 -2.13814e-07
7.22728e-07 -6.56238e-07
5.12586e-07 3.43037e-08
-6.93323e-08 1.78245e-07
-1.41867e-06 2.68715e-09
-6.07532e-07 5.97793e-07
6.78701e-07 -3.0157e-08
-7.79914e-07 5.20235e-07
-2.31598e-07 5.37882e-07
-1.31656e-06 2.52996e-07
-7.77713e-07 1.3641e-07
-9.69026e-07 5.82444e-07
-8.16437e-07 -6.188e-07
9.14685e-08 -6.9752e-07
-1.08536e-06 -4.01503e-07
-9.91847e-07 -1.27875e-07
9.78576e-07 1.70226e-07
1.3199e-06 4.36081e-07
7.87334e-07 -2.66898e-07
2.00064e-07 2.95216e-07
3.43386e-07 3.45947e-07
9.26783e-07 5.54864e-07
7.74189e-07 2.10629e-07
5.58509e-07 -6.32785e-07
1.20882e-06 1.21341e-07
-1.19149e-06 -1.58878e-07
4.50042e-07 4.34816e-07
1.41455e-06 3.25035e-07
-1.0812e-06 6.60971e-08
-6.84821e-07 6.25853e-07
-6.0529e-07 -5.45197e-08
1.3601e-06 2.12558e-07
1.24206e-06 -3.70161e-07
-1.05329e-06 2.62204e-07
2.78806e-07 -6.84892e-07
-1.59625e-07 2.36037e-07
3.20635e-07 -3.16889e-07
-9.33554e-07 3.63784e-07
3.10513e-07 3.0837e-07
-1.07084e-06 4.31084e-07
8.3197e-07 -2.5647e-07
8.37061e-07 9.80959e-08
-1.18887e-06 3.50733e-08
-8.11392e-07 -5.16501e-07
-8.32338e-07 -3.56681e-07
5.34456e-09 -6.5823e-09
-7.53556e-07 5.24247e-07
1.40226e-07 -1.84949e-07
2.10699e-07 1.30785e-07
5.93893e-07 -2.63107e-07
-1.32003e-06 -1.28024e-07
5.85622e-07 -4.8973e-07
1.27277e-06 1.20486e-07
9.25587e-07 4.53159e-07
1.21317e-06 -2.16212e-08
-5.78636e-07 6.4635e-07
9.99546e-07 2.08757e-07
-1.15729e-06 4.74007e-07
9.77898e-07 -2.9147e-07
-1.10349e-06 1.63648e-07
2.27784e-07 -6.92675e-07
-6.37772e-07 4.73475e-07
-1.39038e-07 1.12878e-07
-1.36441e-06 -4.21085e-08
5.66999e-07 -2.90238e-07
1.00746e-06 -8.39533e-09
-6.33031e-07 5.1604e-07
-4.83919e-07 1.34934e-07
-1.07999e-06 -2.06138e-07
5.0011e-07 -5.07942e-09
9.45058e-07 -2.83395e-07
-8.8504e-07 -2.05552e-07
2.42852e-07 -5.0769e-07
-4.95695e-07 3.38816e-07
-2.64802e-07 -2.90512e-07
1.09217e-06 2.65454e-07
2.68861e-07 -6.78712e-07
2.61995e-07 6.38683e-07
6.01281e-07 4.64564e-07
-6.08486e-07 -2.39193e-07
-8.345e-07 4.99106e-07
4.59591e-07 1.42634e-07
5.92463e-07 -1.75514e-07
-1.70972e-07 4.64318e-07
-1.14536e-06 1.57268e-07
5.94224e-07 -2.27742e-08
1.31901e-06 -4.00148e-07
-4.80498e-07 3.33436e-07
1.0935e-06 4.77144e-07
-1.77118e-07 -1.01605e-07
-6.20522e-07 -3.25509e-07
-4.69654e-07 -5.60517e-08
4.59006e-07 1.16378e-08
-3.30723e-07 4.04761e-07
-2.04459e-08 1.33731e-07
-1.75272e-07 5.97946e-07
-9.29273e-07 4.00891e-08
-8.08895e-07 -6.54477e-07
-5.59541e-08 2.11651e-07
-5.76423e-07 1.0903e-07
2.58855e-07 -5.14463e-07
-6.91256e-07 -4.22774e-07
9.44239e-07 -1.89055e-07
5.51297e-07 -3.48254e-07
-1.50939e-07 -1.83142e-07
2.03378e-07 3.51795e-08
-7.30354e-07 -6.56169e-07
-8.6706e-08 -3.86398e-07
9.3075e-07 1.86962e-07
-8.00622e-07 -1.88496e-07
-2.88566e-07 2.61994e-07
1.2208e-07 -4.15235e-07
4.96165e-07 3.86357e-07
-8.67154e-07 3.39875e-07
-5.51588e-07 -5.19047e-07
9.43527e-07 -6.97037e-07
-5.20172e-07 2.13157e-07
