3.82699e-07 -4.46074e-07
5.51617e-07 6.24158e-08
1.33509e-07 1.79718e-08
-1.2814e-07 4.98819e-07
1.80405e-07 6.26292e-07
-2.64105e-07 -3.0642e-07
-1.87368e-07 -2.6588e-07
8.41159e-07 6.51192e-07
-1.15022e-06 -7.64967e-08
-6.43403e-07 1.70435e-07
-3.17166e-07 -4.15416e-07
8.50709e-07 2.9979e-07
-3.2503e-07 5.35083e-07
-4.15432e-07 -4.70813e-07
7.23179e-07 1.5249e-07
-1.09902e-06 -4.56486e-07
1.22687e-06 -3.44134e-07
3.92421e-07 6.01119e-08
-1.19404e-06 8.61609e-08
5.31382e-07 -4.61732e-07
-1.26604e-06 -4.70152e-07
6.5192e-07 -4.08949e-07
9.23962e-07 4.58884e-09
8.06588e-08 -1.39087e-07
1.34695e-06 1.66602e-07
-4.41166e-07 2.50195e-07
-8.21316e-07 9.49787e-08
6.55329e-07 2.33252e-08
1.42836e-06 5.86469e-07
7.01993e-07 2.21681e-07
1.1941e-06 1.96925e-07
4.0338e-07 -2.24145e-07
1.19022e-06 -3.19076e-07
1.11088e-06 5.57609e-07
1.29009e-06 4.56829e-07
-8.51031e-07 -9.16036e-08
-1.39628e-06 1.64267e-07
8.63619e-07 -6.92578e-07
7.52884e-08 -2.09182e-07
-8.98049e-07 1.74393e-08
9.90451e-07 -4.99659e-07
-4.47055e-07 1.50672e-07
1.13902e-06 1.41339e-07
3.8005e-07 3.02362e-07
1.32078e-06 -6.37012e-07
1.12514e-06 5.78497e-07
-1.07097e-06 -6.38065e-07
-3.05223e-07 -3.23734e-07
1.29382e-06 -5.01779e-07
-8.71035e-07 -3.30396e-07
5.15067e-07 2.33704e-08
8.8012e-07 2.57689e-07
-4.8804e-07 -5.65633e-07
-1.0527e-06 5.25997e-07
2.22957e-07 -5.03857e-07
9.46202e-07 -4.76305e-07
-4.4619e-07 2.7834e-07
3.44373e-07 -3.68598e-07
4.08914e-07 3.98018e-07
4.00406e-07 -6.30392e-07
-2.93525e-07 6.11252e-08
6.80652e-08 5.43243e-07
1.41296e-07 5.89012e-07
-2.89432e-08 -1.63366e-07
8.6716e-07 5.21737e-07
-3.43795e-07 -4.52641e-08
8.10623e-07 -5.7827e-07
2.90993e-07 2.83404e-07
9.81493e-07 -3.51965e-07
1.00378e-06 1.7277e-07
-8.28164e-07 -2.89333e-07
7.74341e-07 -2.86758e-07
3.21976e-07 -1.99507e-08
-1.55347e-07 -1.54296e-08
-1.08193e-06 -5.65171e-07
-9.82219e-07 8.31035e-08
3.97447e-08 -5.20541e-07
1.07064e-06 -4.58601e-07
-2.34923e-07 -6.82956e-07
4.27092e-07 6.21781e-07
-8.74133e-08 -6.57804e-08
1.17579e-06 -6.44673e-07
4.30776e-07 -7.00015e-08
1.9136e-07 6.22807e-07
-1.08194e-06 6.05314e-08
5.10025e-07 6.00864e-07
1.30276e-06 3.33371e-07
-8.06819e-07 6.18606e-07
-1.16474e-06 4.01064e-07
8.36103e-07 -2.33271e-07
-4.18702e-07 1.25984e-07
-6.35292e-07 4.52885e-08
-3.1339e-08 -1.60423e-08
2.2427e-07 -2.86799e-07
7.87193e-07 9.30281e-08
-9.75818e-07 -5.17299e-07
-1.22877e-06 6.92727e-07
-1.23075e-06 -1.31747e-07
-1.35003e-06 1.10229e-07
-4.78199e-07 -2.03797e-07
4.49386e-07 -1.23856e-07
-2.99404e-07 -1.21973e-07
1.20684e-06 7.38897e-08
-1.13512e-06 3.24913e-08
1.0021e-06 1.7478e-07
-9.0408e-07 -4.21955e-07
4.67985e-07 -1.74448e-07
-3.67942e-07 -5.56343e-07
1.41792e-06 -1.06607e-07
-1.96997e-07 5.67288e-07
5.47214e-07 -9.20799e-08
-2.97246e-07 -3.62978e-07
4.47184e-07 -5.20301e-07
-1.30754e-06 -4.69286e-07
7.5314e-07 1.2662e-08
1.44614e-06 -3.65729e-07
-1.29288e-06 -2.81434e-10
4.13629e-07 -6.94041e-07
-7.84226e-07 -3.93751e-07
-4.73849e-08 -1.68587e-07
-1.35167e-06 -3.85219e-07
1.42342e-06 6.24222e-07
6.55628e-07 6.34331e-07
3.20853e-07 2.48114e-07
-6.06825e-07 1.53588e-07
-6.66105e-07 8.40725e-08
5.7599e-07 7.04824e-08
2.39306e-07 -4.90456e-07
-3.53254e-08 4.64121e-07
-6.09051e-07 4.54529e-07
-8.11909e-07 3.7747e-07
1.18611e-06 6.94363e-07
5.39947e-07 2.90864e-07
-1.2487e-06 3.17653e-09
7.21201e-07 3.69026e-07
-1.07485e-06 2.66449e-07
-7.93664e-07 6.25213e-07
8.39405e-08 3.58009e-07
2.82946e-07 -2.43686e-07
-8.99229e-07 -2.06021e-07
7.77496e-07 -9.03951e-08
-5.00441e-07 -1.53901e-07
1.10005e-06 -3.06785e-07
-1.04706e-06 -6.48524e-07
-4.45814e-07 -4.22857e-07
-9.96705e-07 3.89036e-07
-2.2262e-07 -5.59458e-07
-6.88098e-07 -4.58328e-07
1.1644e-06 -4.28663e-07
-1.35552e-06 -2.20296e-07
9.46675e-07 5.98491e-07
-5.6524e-07 -3.76478e-07
7.68757e-07 5.20531e-08
3.09113e-07 -6.58987e-08
-1.86068e-07 4.17665e-07
-1.11728e-09 -4.54061e-07
-2.68581e-07 -3.33467e-07
-8.55021e-07 -1.83575e-07
6.50921e-07 -5.41361e-07
1.43978e-06 5.88661e-07
8.23121e-07 3.00937e-07
3.49906e-07 -1.48671e-07
-1.08392e-06 6.8759e-07
9.07081e-08 -2.36405e-07
-2.05801e-07 -2.84484e-07
8.6449e-07 6.3195e-07
-4.97298e-07 -5.97317e-08
6.9699e-07 -5.95182e-07
1.42674e-06 -2.93769e-07
-6.70517e-07 1.90142e-07
1.08776e-06 -4.07857e-08
1.40484e-06 -4.81727e-07
6.24337e-07 6.75776e-07
7.9401e-09 7.71785e-08
5.28692e-07 -1.32416e-07
-4.32846e-08 -1.55838e-07
7.36076e-08 4.22913e-07
-1.32081e-06 -4.6093e-07
1.03944e-06 5.0367e-07
1.416e-06 6.51353e-07
-7.01361e-07 -9.37162e-08
-1.23696e-06 4.23517e-07
-6.80201e-07 -6.14017e-08
1.23636e-06 4.28616e-07
-8.35168e-08 -3.77374e-07
9.74729e-07 -3.77426e-07
-8.62561e-07 -6.71575e-08
1.37829e-06 1.86757e-07
-8.23305e-07 -4.46059e-07
6.90873e-07 5.17569e-07
-1.41188e-06 6.99395e-07
-1.06216e-06 -6.41726e-07
7.46436e-07 3.23074e-08
-8.26896e-07 -3.59831e-07
4.26183e-07 -6.16603e-07
6.10624e-08 2.31166e-08
1.59337e-07 2.00652e-07
-5.7379e-07 -2.43141e-07
-1.22354e-06 -1.808e-07
8.92381e-07 4.11322e-07
-9.90724e-07 -6.65875e-07
1.16463e-06 -2.77585e-07
-1.03697e-06 5.12856e-07
6.94331e-07 1.04423e-07
-1.59467e-07 2.30745e-07
-1.05324e-06 -1.98881e-07
5.89296e-07 3.96268e-07
-1.44914e-06 -1.00915e-07
4.4228e-07 -1.64769e-07
1.34957e-06 -5.16404e-07
-8.86187e-07 3.38962e-07
-1.12767e-06 -4.83076e-07
-7.20869e-07 -6.92574e-07
1.36311e-06 2.66572e-07
-3.95752e-07 3.70577e-07
-1.05582e-06 1.27516e-07
3.13349e-07 5.48818e-07
5.69547e-07 -4.80316e-07
4.39535e-07 6.61923e-07
1.2265e-06 -5.92116e-07
8.45978e-07 6.14505e-07
-1.24418e-06 -4.8002e-07
-1.0167e-06 -1.36483e-07
-1.13507e-06 -3.38336e-07
4.8946e-07 3.36385e-07
-1.42761e-06 -1.82443e-07
3.42561e-07 -9.11023e-08
-6.39181e-07 2.19549e-07
1.03415e-06 -6.08647e-07
-5.36294e-07 9.8228e-08
3.24476e-07 6.04598e-07
-8.32993e-07 2.00703e-07
4.30714e-07 1.77825e-07
-9.81269e-07 2.39362e-07
6.06465e-08 -1.09117e-07
1.95944e-07 2.94612e-07
-1.12418e-06 5.77929e-07
1.02702e-06 -4.82886e-07
3.83714e-07 -3.44033e-07
-1.35402e-06 2.45172e-07
-7.76698e-07 2.69182e-07
-8.25928e-07 5.17421e-07
-1.02548e-07 -2.96555e-08
8.47736e-07 5.32408e-07
1.54046e-07 -5.57723e-07
-5.02609e-07 4.73331e-07
9.49713e-07 3.05935e-07
1.09382e-06 -5.14824e-07
8.47652e-07 -1.25501e-07
-8.2251e-07 2.4102e-07
9.60694e-08 -6.14004e-07
-1.12883e-06 -1.68896e-07
-7.20013e-07 -5.08958e-07
-8.01131e-07 -6.81105e-08
-1.067e-06 -2.90047e-07
-1.11265e-07 -3.80491e-07
2.9277e-07 -2.1323e-07
1.10472e-06 4.42372e-07
-1.14751e-06 9.70573e-08
-1.06744e-06 5.77303e-08
3.22732e-07 2.60332e-07
1.01402e-06 5.59139e-07
-1.15192e-06 -5.77668e-07
-6.76347e-07 3.73009e-07
-2.01917e-07 1.05694e-08
-4.97688e-07 6.2476e-07
9.50531e-07 -5.28645e-08
4.62951e-07 3.15929e-07
6.11393e-07 3.04096e-07
-8.00883e-07 -4.70947e-07
1.21359e-06 -3.70898e-08
1.63068e-07 -1.56452e-07
-1.04879e-06 -5.80782e-07
1.20296e-06 2.10328e-07
7.96485e-07 -1.59902e-07
-7.36301e-07 -4.50965e-07
-1.28692e-07 -6.62195e-07
4.91851e-07 3.60104e-07
-1.36102e-06 -2.11897e-07
1.33408e-06 -6.59358e-08
9.09319e-07 -2.37895e-07
-1.33273e-06 -3.6981e-08
-4.51205e-07 3.13773e-07
4.90537e-07 -6.59862e-07
2.49876e-07 3.53903e-08
8.56238e-08 -5.75942e-09
-6.47279e-07 1.95296e-07
9.15283e-07 -4.31526e-07
-1.26842e-06 2.91681e-07
-2.75139e-07 -4.6433e-07
1.09968e-06 3.03576e-07
4.02259e-07 -5.42893e-07
1.32775e-06 -1.56433e-08
2.77786e-07 -2.79476e-07
-1.29574e-06 -1.8916e-07
5.005e-07 -2.42539e-07
-2.21741e-07 4.11172e-08
-1.10977e-07 5.81014e-07
-7.62832e-08 -5.55939e-07
-3.19435e-08 -2.55668e-07
-3.95489e-07 -1.65931e-07
-3.58232e-07 -5.6825e-07
9.91892e-07 -2.07761e-08
-2.81868e-07 -2.66839e-07
-2.4317e-07 6.11697e-07
-3.86197e-07 3.63482e-07
-1.34324e-06 -4.58028e-08
1.29202e-06 6.46859e-07
2.24737e-07 -6.51842e-08
4.48767e-07 4.06214e-07
-4.44639e-07 4.01852e-07
-1.10633e-06 6.54857e-07
-2.75994e-07 1.04233e-07
7.46717e-07 -3.31731e-07
-3.20343e-07 8.06022e-08
-6.784e-07 6.23739e-07
6.77274e-07 5.92453e-09
1.08701e-06 -1.46734e-07
-4.21142e-07 1.30532e-07
1.12213e-06 1.30224e-07
9.83283e-07 -4.05425e-07
-4.03822e-07 -5.80435e-07
1.28902e-08 -6.24001e-07
-1.38329e-06 1.39978e-07
-1.12607e-06 -6.83438e-07
7.411e-07 -9.36236e-08
-3.04272e-07 -2.76918e-07
-9.73513e-07 -3.53539e-07
-5.37828e-07 8.93731e-08
4.02203e-08 -1.76894e-07
1.36317e-06 -2.36146e-07
5.25398e-07 -3.9688e-08
1.98784e-07 -3.18815e-07
7.23762e-08 3.72085e-07
-8.19215e-07 -3.1569e-07
-9.38784e-07 4.86659e-07
-8.02972e-07 3.61399e-07
1.0734e-06 3.28878e-07
6.45604e-07 -5.13441e-07
1.04357e-06 -5.42298e-07
-9.13405e-07 -3.59041e-07
-3.76174e-07 2.03358e-07
6.45316e-08 9.98843e-08
1.46575e-07 -4.6136e-07
1.36411e-06 2.97172e-07
-1.36546e-06 -6.40339e-07
-1.12793e-06 -5.33125e-08
-1.02605e-06 -5.69829e-07
-8.14878e-07 6.65186e-08
6.17591e-07 1.38725e-08
4.83074e-08 2.76161e-07
-1.43077e-06 3.35071e-07
-1.72498e-07 1.68107e-07
1.18013e-06 -1.32828e-07
-5.55295e-07 1.59193e-07
1.20314e-06 -4.20572e-07
8.43029e-07 3.13604e-07
1.13165e-07 1.28361e-07
-5.81464e-07 -1.02483e-07
-1.25973e-06 2.88143e-07
-1.40583e-07 -9.37115e-08
-3.51718e-07 1.25727e-07
2.84814e-07 -3.777e-07
9.07681e-07 1.5059e-08
8.65121e-07 -6.81258e-07
1.24068e-06 6.86088e-07
1.4443e-06 -6.62029e-07
3.27284e-07 -3.54108e-07
-9.36022e-07 1.06139e-07
3.15464e-07 -4.95771e-07
1.03924e-07 2.80363e-08
-1.15179e-06 -1.40421e-07
2.15759e-07 3.75235e-07
-1.24524e-06 -6.79171e-07
-8.78313e-07 5.97491e-07
-8.47074e-07 3.48093e-07
-9.56594e-07 6.76939e-07
1.55249e-07 1.77275e-07
-3.72102e-07 3.68953e-07
1.04002e-07 3.53527e-08
-2.29316e-07 -4.88231e-07
3.88267e-08 -5.97928e-07
-6.31633e-07 5.07293e-07
1.44395e-06 6.33547e-07
6.40068e-07 1.73527e-07
-1.35207e-06 -6.63587e-07
9.38014e-07 -1.31619e-07
2.74987e-07 -2.4839e-07
-1.38274e-06 2.4228e-07
5.78573e-08 -1.11383e-07
2.88082e-07 -5.69721e-07
-1.14066e-06 -5.10141e-07
4.32178e-07 -3.81623e-07
2.54604e-07 5.55893e-07
-1.16199e-06 5.0742e-09
2.90953e-08 -5.96504e-07
-7.78384e-07 -1.32342e-07
9.85789e-07 -3.62184e-07
-1.18157e-06 5.2212e-07
-1.3231e-06 4.99376e-07
-3.788e-07 6.63985e-07
8.25156e-07 -4.48577e-07
-4.31735e-07 3.50768e-07
-8.02053e-07 -6.65385e-07
3.64983e-07 -1.14422e-09
-1.55745e-07 -5.79635e-07
-4.81979e-07 -5.81162e-09
-8.68731e-07 -3.58295e-07
-1.66442e-07 3.21746e-07
-1.1895e-06 4.9119e-08
-1.04571e-06 -6.64995e-07
-1.24876e-07 -4.93193e-08
8.01664e-07 6.33202e-07
-5.73551e-07 3.96751e-07
6.91206e-07 -8.75868e-08
3.82991e-07 -3.21579e-07
-8.19104e-07 3.83408e-07
-1.35335e-06 3.78663e-07
9.76686e-07 -3.86804e-07
-8.74048e-07 -6.98907e-07
1.41513e-06 2.41913e-08
-1.44234e-06 3.48018e-07
5.34031e-08 -2.76323e-07
1.14921e-06 -4.20105e-07
3.92207e-07 -2.47287e-08
-6.87174e-07 4.51622e-07
-1.24657e-06 -1.07488e-07
-8.46612e-08 -6.92017e-07
-1.23691e-06 4.09585e-07
1.1966e-06 -4.03476e-07
8.97301e-07 2.21668e-07
-1.32623e-06 -5.78311e-07
1.01748e-06 6.00845e-07
-9.55514e-07 1.65793e-07
-9.40386e-07 -3.23767e-07
-9.5803e-07 -4.10099e-07
-3.09751e-07 2.07614e-07
4.15806e-07 1.70732e-07
-1.34173e-06 -6.48492e-07
-2.79888e-07 6.30184e-07
5.99343e-07 -1.70759e-07
-7.98654e-07 4.75023e-07
4.53675e-09 2.57352e-07
-1.31419e-06 8.76905e-08
-8.27091e-07 5.49106e-09
-1.41528e-06 5.46943e-07
-7.12701e-07 1.30786e-07
-1.10671e-07 -4.89348e-07
-1.10041e-06 2.92503e-07
1.47251e-07 3.74241e-07
-1.1748e-06 -3.42251e-07
-2.91071e-07 -6.37373e-07
3.40773e-07 -2.28453e-07
9.30088e-08 5.37637e-07
-3.7306e-08 1.14814e-07
-1.36349e-06 -5.61545e-07
1.27365e-06 3.21253e-07
8.42671e-07 -4.85738e-07
3.62338e-07 4.41548e-07
2.97831e-07 1.21857e-08
6.1391e-07 4.34744e-07
-1.10189e-07 -1.36188e-07
1.44246e-06 -1.52607e-07
-4.60676e-07 -3.27628e-07
-1.26702e-06 -6.2826e-07
-6.98446e-08 -5.6585e-07
-8.90896e-07 -6.79993e-07
-1.08164e-06 3.06e-08
2.40559e-07 1.21695e-08
-6.59542e-08 9.44657e-08
-7.6971e-07 4.33198e-07
8.18977e-07 -4.60771e-07
4.8665e-08 -3.51371e-07
8.7741e-07 -4.12159e-08
-1.06967e-06 -3.90113e-07
8.17638e-07 6.23309e-07
-9.48339e-07 -7.64672e-08
-9.26654e-07 4.64645e-07
9.20852e-07 -4.08026e-07
-7.08842e-07 1.46797e-07
-1.22229e-06 7.76649e-08
1.37717e-06 -3.17593e-07
-4.33507e-07 1.73992e-07
-1.18313e-06 2.66212e-07
7.60523e-07 5.58528e-07
-7.99507e-07 3.14453e-07
-1.32113e-06 -1.24012e-07
1.09477e-06 4.23914e-08
9.10001e-07 4.12121e-07
8.29275e-08 2.26292e-07
6.43448e-07 -4.99387e-07
8.2748e-08 -6.82825e-07
6.13317e-07 1.35582e-07
7.43897e-07 -4.51472e-07
-7.38045e-07 6.38674e-07
-6.17239e-07 3.00405e-07
-1.18505e-06 -5.74953e-07
7.25782e-07 3.63516e-07
1.59171e-08 3.61923e-07
1.30083e-06 -6.53517e-07
