-1.60712e-07 2.04003e-07
-6.36754e-07 2.83828e-07
6.22808e-07 1.61266e-07
1.10123e-06 8.33966e-09
8.55871e-07 -3.2129e-07
-1.02427e-06 -4.53152e-07
-1.04029e-06 -2.64202e-07
1.44784e-06 -7.24702e-08
5.9972e-07 -1.22839e-07
-1.2289e-06 -5.0268e-07
-1.44484e-06 4.87587e-07
-8.16175e-08 3.10742e-07
-6.18017e-07 -1.15805e-07
-1.24765e-06 6.05357e-07
-1.50674e-07 -2.84961e-07
1.39242e-06 6.72817e-07
-8.49836e-07 2.37799e-07
-7.20381e-07 -4.67001e-07
2.04415e-07 -6.52489e-07
1.71464e-07 -3.07401e-07
8.67027e-07 -3.43784e-07
6.61216e-07 -4.05588e-07
5.57347e-07 -5.78133e-07
5.44277e-07 -2.54343e-07
4.32499e-07 -2.55156e-08
1.59065e-07 5.31531e-07
-6.03949e-07 -1.93364e-07
1.02758e-06 -6.83198e-07
5.56003e-07 -6.14143e-07
-1.1204e-06 -3.57698e-07
1.20291e-06 -4.59016e-07
-5.6343e-07 -1.24878e-07
7.3433e-07 -3.93927e-07
-1.31847e-06 -5.2734e-07
1.68618e-08 2.26238e-07
6.24975e-07 -5.07159e-07
1.38686e-06 -5.72234e-07
1.07438e-06 -2.27696e-07
-1.4255e-06 2.65554e-07
6.48322e-08 -1.07889e-07
1.24721e-07 -6.3387e-07
9.75381e-07 5.61865e-07
1.40998e-06 -5.49138e-07
-8.94305e-07 -4.2831e-07
-4.59274e-07 1.44857e-07
-1.17531e-06 -4.87802e-07
1.13669e-06 1.03269e-07
-4.65213e-07 5.03426e-07
-1.33433e-06 2.73572e-07
-1.25164e-06 4.60503e-07
-9.41147e-07 -4.63708e-08
1.01362e-06 -2.4446e-07
1.22043e-06 1.3935e-07
-1.2024e-06 -4.40582e-07
3.75133e-07 -2.62438e-07
-6.89143e-07 3.22504e-07
6.08085e-08 -4.52e-08
3.6816e-07 -7.95136e-08
-1.05811e-06 -3.57757e-07
-8.71802e-07 -2.65474e-07
-6.27766e-07 9.43202e-08
1.29154e-06 -6.13453e-08
4.79e-07 2.63976e-07
4.15355e-07 -1.35368e-07
-1.28013e-06 -5.72978e-07
2.44176e-07 -5.74206e-07
-8.94959e-07 -6.60626e-07
-8.02616e-07 -3.54345e-07
-4.43626e-07 6.04757e-07
9.46215e-07 6.40846e-07
1.38875e-06 -2.66222e-07
7.32514e-07 -1.01503e-08
9.95357e-07 -7.78941e-08
7.52597e-07 -2.80615e-07
3.18548e-07 1.63166e-08
-1.20931e-06 -6.30632e-07
-9.34795e-08 -2.7211e-07
7.68507e-07 -5.70272e-08
1.0389e-06 2.18415e-07
1.1101e-06 -5.09556e-07
8.89141e-07 2.13238e-07
-5.27936e-07 -5.08089e-07
1.38645e-06 -6.5579e-08
1.10513e-06 -3.83989e-07
3.54252e-07 -1.93204e-07
1.24814e-07 -3.79868e-07
-2.35969e-07 -4.75425e-07
-2.75082e-07 -1.03193e-08
-1.84199e-07 -5.40283e-07
1.20059e-06 -6.20787e-07
7.92332e-07 4.43512e-07
-2.47681e-07 -8.81196e-08
-2.18787e-07 -6.28305e-07
-7.39985e-07 1.22076e-07
-1.00377e-06 1.91484e-07
5.86289e-07 -5.264e-07
-3.47545e-07 4.7418e-07
-1.02505e-06 4.98643e-07
4.04649e-07 2.29263e-09
-5.70714e-07 1.53474e-07
-8.14635e-07 -4.39306e-07
4.51159e-07 -3.26481e-07
9.48336e-07 2.23998e-08
-6.04651e-07 -5.3911e-07
6.51461e-07 5.23863e-07
-1.34938e-06 -1.69494e-07
1.07999e-06 -7.96062e-08
2.82166e-07 1.7508e-07
-2.44023e-07 -5.36211e-07
-5.87005e-07 -6.61814e-07
1.31913e-06 3.35354e-07
-1.02793e-06 -1.29935e-07
-1.28016e-06 1.95394e-07
1.13683e-06 -2.93994e-07
-7.35943e-07 4.64994e-07
-5.30777e-08 9.05273e-08
-9.64663e-07 6.49261e-07
-1.00259e-06 4.31777e-07
5.2787e-07 -1.27278e-07
6.46763e-07 -2.23942e-07
-1.27986e-06 -5.67514e-07
1.5662e-07 -5.16397e-08
5.45941e-07 -5.58494e-07
-4.49209e-08 -5.44634e-07
9.20098e-07 3.6436e-07
-4.35381e-07 4.11611e-07
-9.44039e-07 -2.48099e-07
-1.41617e-06 -2.02229e-08
1.31796e-06 -4.86357e-07
-9.57647e-07 -9.41375e-08
1.43045e-06 6.02066e-07
1.10058e-06 4.31815e-07
1.40113e-06 -5.63344e-07
-1.03913e-06 -4.80404e-07
6.54737e-07 3.5911e-07
-2.20889e-07 6.68803e-07
7.01939e-07 3.92029e-07
-3.95102e-07 -3.36275e-08
-1.31654e-06 -1.0621e-07
-2.36161e-07 2.53863e-07
6.54108e-07 6.00146e-08
4.10067e-07 -3.93711e-07
-7.06482e-08 -6.71781e-08
-1.62675e-07 5.25138e-07
2.39762e-07 -6.49001e-08
-1.05049e-06 6.17734e-07
-5.61257e-07 -3.01347e-07
-1.39242e-06 5.26612e-07
-5.87929e-09 -1.87263e-07
1.58559e-08 -4.51183e-07
9.99021e-07 6.31048e-07
-1.26824e-06 3.08357e-07
-4.00364e-07 -1.15497e-08
-9.39062e-07 1.1648e-07
1.18741e-06 6.19481e-07
-1.12679e-06 -7.00232e-08
-1.23927e-06 1.22729e-07
-3.9849e-08 2.11872e-07
-2.42056e-07 4.55255e-09
-7.7026e-08 -3.26496e-07
1.00731e-06 -8.78653e-08
-1.38221e-07 -6.60714e-07
-1.05619e-06 4.60477e-07
-3.87758e-08 1.50272e-07
5.33358e-08 6.96516e-07
9.08444e-07 -2.62404e-07
3.40058e-07 1.2274e-07
-1.40471e-06 4.98474e-07
1.48497e-07 6.07326e-07
-8.24308e-07 -6.77523e-08
8.43264e-07 4.98896e-07
-1.13354e-06 5.58051e-07
-1.03825e-06 -4.54957e-07
4.39506e-07 3.57449e-07
-6.14471e-07 6.43447e-07
1.29634e-06 -4.04993e-07
5.98313e-07 2.81823e-08
8.50404e-07 -1.31999e-08
-1.36383e-06 2.7087e-08
-1.36074e-06 -2.31667e-07
6.83536e-07 5.24414e-07
1.03476e-06 -3.56523e-07
-3.8972e-07 -9.83402e-08
-3.25878e-07 -1.19197e-07
1.21765e-06 -6.10072e-07
-5.46382e-07 1.23566e-07
-9.04056e-07 4.06633e-07
4.11377e-07 8.57041e-08
4.9502e-07 -2.79572e-07
-1.368e-06 -8.31093e-08
3.06998e-07 -4.27476e-07
1.30731e-06 8.69045e-08
1.18381e-06 -1.15465e-07
5.68857e-07 -3.97155e-07
-2.95565e-07 6.75274e-07
-1.44926e-06 4.61444e-07
7.85127e-07 -5.35862e-07
-8.62432e-07 6.12133e-07
-5.73009e-07 -6.45073e-07
2.6995e-07 3.42076e-07
1.11704e-06 -2.41182e-08
4.70063e-07 -6.03066e-07
1.42406e-06 -1.17816e-07
-8.10326e-08 -8.05441e-11
-4.86105e-07 -3.92176e-07
-2.72026e-07 -6.48255e-07
-4.80603e-07 -5.0238e-07
-5.09469e-07 4.24892e-07
-1.26451e-06 -5.4608e-07
-8.08415e-07 1.11491e-08
-9.60996e-07 9.87314e-08
-8.93545e-07 6.83895e-07
-5.50686e-07 3.3638e-07
1.25561e-06 5.97111e-07
3.60076e-07 4.23987e-07
-3.48326e-07 -6.61551e-07
4.35386e-07 -4.23793e-07
8.43021e-07 -1.95417e-08
1.62744e-07 6.94282e-07
-1.28391e-06 1.74414e-07
6.73555e-07 2.60858e-07
1.12978e-06 -2.01258e-07
-9.9282e-07 6.99927e-07
-9.68312e-07 5.23659e-07
-7.01768e-08 6.3921e-07
-3.17223e-07 -9.78089e-08
1.09882e-06 2.0461e-07
-1.49157e-07 3.61402e-07
-8.52171e-07 -1.44918e-07
1.35415e-06 3.12238e-07
-1.41602e-06 1.27471e-07
-7.56636e-08 6.1727e-07
-6.9323e-07 3.87184e-07
5.43664e-07 3.34281e-07
3.85694e-08 5.67255e-07
-1.14552e-06 5.63637e-07
1.78144e-07 -2.23561e-07
-1.15103e-06 4.7697e-07
4.85447e-08 -6.49746e-07
8.82978e-07 -1.1463e-07
-2.98072e-07 -5.80288e-08
-1.40508e-06 -5.35518e-07
-5.65476e-07 -1.53853e-07
-3.77319e-07 -6.0117e-07
1.44855e-06 6.17381e-08
8.49407e-07 -3.59003e-07
-9.85608e-07 6.14838e-07
5.91331e-07 1.97454e-07
1.33306e-06 -3.03069e-07
8.77043e-07 6.74989e-07
9.96179e-07 -2.19854e-08
4.86248e-07 1.16989e-07
-1.0892e-06 -1.69334e-07
4.96948e-07 2.81595e-07
9.33782e-07 -5.39158e-07
-2.21528e-07 4.73056e-07
-1.2601e-06 1.8765e-07
9.07738e-07 5.40633e-07
5.15704e-07 2.57114e-08
-8.52379e-07 2.86873e-07
-3.36137e-07 3.3951e-07
-6.1958e-07 -5.65606e-07
-1.14541e-06 6.29732e-07
8.53576e-07 6.3475e-07
9.92627e-07 1.0789e-07
-2.86908e-08 3.7433e-07
1.26077e-06 4.31278e-07
-2.38276e-07 -6.57356e-07
-1.37187e-06 3.1118e-07
9.21644e-08 -3.3958e-07
-1.03306e-06 6.35573e-07
-1.29625e-06 -3.89397e-07
-2.75094e-07 -1.67676e-08
-1.21163e-07 -2.33478e-07
3.54247e-07 4.55429e-07
-8.51627e-07 1.31399e-07
1.42013e-06 -3.48156e-08
2.1517e-07 -3.49611e-07
6.60605e-07 -3.28771e-07
-9.16838e-08 6.19387e-07
1.20809e-06 1.03951e-07
1.28152e-06 -5.95034e-07
3.96801e-07 -4.65561e-07
4.3093e-07 -4.63086e-07
7.98055e-07 -2.91773e-07
2.10946e-07 5.71156e-07
-1.8698e-07 5.09728e-07
6.62096e-08 -1.83309e-08
-1.1019e-06 2.98263e-07
1.3651e-06 -2.95012e-07
7.06091e-07 -2.67004e-07
-1.12731e-07 5.65823e-07
2.63288e-07 2.47322e-07
-9.86492e-07 -1.75777e-07
5.20627e-07 3.73389e-07
1.18286e-06 2.99081e-08
-3.63298e-07 -1.80957e-07
9.47415e-07 6.60722e-07
9.09578e-07 -2.34816e-08
4.71159e-08 -1.76402e-08
-1.0064e-06 5.72108e-08
-1.33202e-09 2.62199e-07
3.2134e-08 5.94906e-07
-1.43398e-06 4.36811e-07
-1.29087e-06 4.78738e-08
-1.0911e-06 1.85691e-07
-7.74268e-07 -3.65806e-07
8.03267e-08 5.63861e-07
1.33503e-06 -4.73146e-07
5.49401e-07 -3.7686e-07
-1.34116e-07 -3.66531e-07
8.03957e-08 -5.38581e-07
-1.01583e-06 -3.93525e-07
-5.4289e-07 6.91034e-07
-6.32528e-08 -5.06619e-07
7.80873e-07 4.15686e-07
-3.35851e-07 -5.90441e-07
-1.32424e-06 2.74572e-07
4.15694e-07 -3.84705e-07
-1.75e-07 -5.8921e-07
2.26549e-07 4.61012e-07
1.07913e-06 -2.95798e-08
-6.62962e-07 5.39946e-07
3.63578e-07 -2.94241e-07
6.04541e-07 1.26882e-07
6.95614e-07 5.0237e-07
1.0055e-06 -6.4731e-07
-2.27893e-08 -6.54671e-07
7.59863e-07 1.6112e-07
1.12083e-06 -6.68253e-07
-6.36268e-07 -1.23388e-08
-7.31758e-07 6.78502e-07
-6.45239e-07 -3.21463e-10
1.09356e-06 -6.55197e-07
1.28297e-06 -3.73905e-07
1.20322e-06 -6.66834e-07
-3.23738e-07 4.80603e-07
3.66245e-07 -6.93519e-07
-2.08036e-08 -5.74553e-08
-7.13769e-07 -5.15794e-07
-1.0797e-06 4.77306e-07
-1.2081e-06 -3.33611e-07
5.48986e-07 -3.80869e-07
1.11432e-06 1.8044e-07
1.22179e-06 -9.85121e-08
-9.55112e-07 3.68309e-07
1.05501e-06 -6.15234e-07
1.37203e-06 2.37533e-07
-1.11421e-06 3.31991e-07
1.15728e-06 2.49954e-07
1.40607e-06 -4.63897e-07
-1.77632e-07 -6.43529e-08
-1.23429e-07 -2.50396e-07
-5.7511e-07 -3.84583e-07
-1.04987e-06 3.11437e-07
8.36737e-07 -2.20841e-07
-3.66218e-07 -4.74306e-07
8.27466e-07 -1.40837e-07
6.13374e-07 -2.01007e-07
-6.88126e-07 3.95755e-07
3.48608e-09 -3.98345e-07
-8.02406e-08 -3.97656e-07
5.59834e-07 8.86053e-08
-1.15931e-06 3.58399e-07
-3.8198e-07 -1.07829e-07
-2.81955e-07 -3.678e-08
1.23861e-06 -1.06239e-07
3.57148e-07 -6.16049e-07
-2.53078e-07 3.25844e-08
-1.16324e-06 2.63997e-07
8.00965e-07 6.79038e-07
2.70658e-07 1.92185e-07
-3.14992e-07 1.40038e-07
1.22008e-07 2.88758e-07
-9.10164e-07 -4.74467e-07
-8.04827e-07 4.44357e-07
-1.17097e-06 2.7622e-07
-1.07988e-06 -2.41638e-08
1.06755e-06 2.04332e-07
2.11735e-07 6.68336e-07
-8.19447e-07 -6.57103e-07
1.36234e-06 -4.91859e-08
-1.27078e-06 2.00955e-07
-6.19373e-07 4.86858e-08
1.38279e-08 -6.49201e-07
2.43097e-07 -1.36977e-07
1.92495e-07 3.67036e-07
-5.41346e-07 -6.49177e-07
1.01224e-07 -5.05321e-07
7.35481e-07 -4.01303e-07
-1.13485e-06 3.92729e-07
1.25576e-06 1.70361e-07
-1.31663e-06 1.41945e-07
-6.10327e-07 -3.31482e-09
-5.91498e-07 -2.09348e-08
7.65101e-07 -4.42231e-07
5.64096e-07 1.44648e-07
6.56137e-07 -4.52475e-07
-9.39347e-07 6.36732e-07
-4.63494e-07 -3.84348e-07
-1.0665e-06 6.98707e-07
1.46102e-07 -5.37015e-07
-7.17648e-07 -1.86012e-07
-1.46548e-07 6.2522e-07
3.27058e-07 -4.36289e-07
9.36302e-08 5.37976e-07
-6.62728e-07 -3.25495e-07
-8.45812e-07 4.35297e-07
1.06344e-07 -4.6038e-07
-1.92745e-07 -6.79218e-07
-9.37806e-07 4.75972e-07
1.12659e-06 -1.74783e-07
1.99428e-08 4.90119e-07
3.87505e-07 3.60296e-07
3.79046e-08 2.86559e-07
-1.07874e-06 -2.58489e-07
-1.21309e-06 -9.99646e-08
-8.27345e-07 4.13753e-07
-8.14339e-07 6.97717e-07
1.20973e-06 6.16139e-07
-6.52409e-07 1.31075e-07
-1.13544e-07 1.90268e-07
2.00468e-07 5.68297e-07
-1.32363e-06 -1.07549e-07
1.42464e-06 -4.10378e-07
-8.53435e-07 2.75284e-08
-1.5088e-07 -5.65119e-07
-1.27986e-06 -9.20112e-08
3.2077e-07 3.68517e-07
-9.05843e-08 -6.13771e-07
-3.4828e-07 1.90022e-08
2.37471e-07 1.44784e-07
-2.32319e-07 -3.72722e-07
1.08332e-06 3.48475e-07
-1.33001e-06 -4.01829e-07
1.26813e-06 8.12824e-08
7.22255e-07 2.29625e-07
-1.34715e-06 -8.51522e-08
8.73609e-07 -2.62071e-07
-5.14817e-07 5.25843e-07
-7.12367e-07 5.55132e-07
3.32586e-07 -3.23702e-07
5.53429e-07 4.50508e-08
3.16971e-07 9.85174e-08
8.93625e-07 -4.64045e-08
2.39303e-07 -6.02072e-07
7.12317e-07 3.73632e-07
1.24372e-06 -2.26983e-07
-8.22963e-07 -1.4362e-07
1.10629e-06 -5.41716e-07
-1.11368e-06 1.82587e-07
-5.70547e-07 3.15394e-07
6.26555e-07 -2.89987e-07
-9.96805e-07 -2.2324e-07
1.04576e-06 3.65677e-07
-1.36222e-06 -9.76066e-08
-6.25681e-07 -2.85084e-07
-4.72856e-07 -5.48115e-07
6.11682e-07 4.3035e-07
-6.71508e-07 -6.57067e-07
8.95444e-07 1.50198e-07
-1.31652e-06 5.53131e-07
3.33137e-07 5.40247e-07
-1.99914e-07 -6.52903e-09
7.14658e-07 2.33209e-07
1.26265e-06 1.49313e-07
3.96932e-07 -3.66264e-07
-1.26665e-06 6.82169e-07
5.87525e-07 -5.74699e-07
-1.37655e-06 5.34701e-07
-1.97693e-07 2.89907e-07
-1.15e-07 -3.65312e-07
1.03093e-06 -3.13373e-07
7.89285e-07 4.34226e-07
-3.37138e-07 5.78156e-07
2.1398e-08 5.7717e-07
1.41263e-06 5.6967e-07
-9.37111e-07 -5.74797e-07
1.13859e-06 1.81681e-07
-3.69648e-07 -3.99948e-08
-7.55874e-07 -5.55472e-07
-5.84758e-07 3.82569e-07
6.33079e-07 5.95798e-07
7.85408e-07 -2.53022e-07
1.58338e-07 -2.04697e-07
7.35395e-07 -4.04042e-07
6.63596e-07 1.0812e-07
1.72361e-07 5.83366e-07
-9.05209e-07 3.36816e-07
-1.32324e-06 3.24262e-07
-1.18699e-06 6.99995e-07
4.97021e-07 3.8109e-07
-1.37204e-06 5.81315e-08
-3.86332e-07 -3.71236e-07
-7.56645e-07 -4.1299e-07
-7.07053e-08 -5.8901e-07
1.27953e-06 7.11162e-08
4.2565e-07 6.55258e-07
7.9101e-07 -2.50387e-07
1.32967e-06 5.68215e-07
